14496.3428 24332.4277 15328.4893 8904.8916 0.4435 14709.1152 18191.2715 15136.8896 6667.4771 12546.9785 14652.2207 14729.0859 2656.8306 8345.6533 0.0000 12704.3086 10859.9863 7597.3237 14075.7041 6110.1631 0.0000 1312.0811 12529.2490 14225.4551 16650.2695 5641.5005 3567.1992 4238.9004 10732.9941 72.6342 18642.3262 10256.9238 10073.7393 5709.3115 13071.0625 10698.6602 9198.4951 13779.6006 4290.0723 2976.9878 12612.2734 8999.0244 17142.9062 10834.8418 1128.3765 7759.1787 13803.1338 6292.7671 15107.5791
14478.8867 24377.7812 15416.6943 9013.7256 0.4894 14722.5596 18434.2832 15242.3398 6606.5469 12563.5742 14618.9053 14593.4053 2645.3040 8352.8320 0.0000 12644.2578 10892.2686 7495.6606 14118.3418 6161.6860 0.0000 1313.6947 12780.6748 14630.7158 16663.2246 5685.2012 3566.3386 4310.8716 10822.4199 73.2904 18744.3711 10185.8721 10019.8096 5803.2051 13068.3281 10687.6992 9241.0498 13899.6904 4466.6772 2999.2576 12645.9951 8947.5312 17196.4043 10810.2129 1277.3306 7758.0083 13741.3311 6330.9912 15001.4395
14577.6631 24406.3848 15489.0752 8989.7500 0.5068 14664.5391 18167.7012 15240.0234 6633.0112 12646.2578 14615.7676 14677.1562 2635.7588 8400.7871 0.0000 12931.9570 10922.3604 7624.0762 14121.7910 6203.0088 0.0000 1323.7684 12662.4287 14209.5977 16542.9082 5771.9155 3570.7852 4267.9448 10805.5547 75.1066 18741.7168 10260.9053 10055.0547 5823.9692 13070.9023 10722.6152 9180.7500 13760.0645 4427.6626 2985.8213 12499.7520 9003.9072 17149.7871 10821.9551 1167.7759 7692.6367 13764.5586 6299.3926 15241.3877
14405.3174 24223.8086 15650.9932 8997.4873 0.5366 14697.3301 18256.8730 15227.0703 6570.4771 12539.1211 14553.1055 14617.9414 2657.5889 8342.4463 0.0000 12947.0039 10920.9834 7616.4668 14051.5371 6211.4712 0.0000 1294.7209 12686.5859 14730.6387 16560.7051 5658.5137 3585.4885 4261.5767 10865.0273 78.5687 18681.1582 10205.0303 10047.5488 5730.2339 13028.7471 10726.1143 9097.7148 13994.7275 4385.3867 2953.5710 12737.4922 8928.1494 17108.9922 10808.7266 1129.5023 7757.4756 13688.2461 6321.0801 14892.9473
14452.3408 24312.8125 15648.2207 8926.7412 0.5421 14762.0566 18389.8809 15202.4062 6563.3906 12607.6885 14560.9092 14603.2725 2609.9314 8379.0811 0.0000 12750.6309 10862.0762 7539.5786 14044.3887 6186.0898 0.0000 1269.1870 12658.3848 14560.9014 16647.7500 5843.3506 3595.4878 4259.1826 10674.3926 79.6988 18643.4023 10251.9814 9991.3828 5734.4346 13074.3770 10696.3848 9138.3926 13611.7344 4242.0752 2978.7273 12625.5576 8950.3359 17119.0859 10803.2578 1163.3655 7757.4990 13742.1787 6316.6431 15118.0645
14429.9609 24368.9414 15508.7920 8881.8936 0.5682 14765.4189 18271.3516 15217.4365 6610.5903 12566.4365 14581.9551 14691.3496 2662.6902 8277.7607 0.0000 12960.2139 10907.3926 7546.0986 14157.7129 6204.1802 0.0000 1288.6010 12617.2891 14358.9375 16790.3438 5751.4214 3578.5640 4294.6416 10669.7363 69.8206 18739.6172 10320.6885 10079.1064 5730.8022 13075.9307 10687.5098 9044.7539 13943.8066 4337.8447 2965.1123 12587.5254 8934.1514 17202.8965 10717.0264 1291.2822 7685.4717 13745.6172 6328.4614 15188.5303
14434.6572 24291.3359 15579.4736 8949.2158 0.5877 14766.3701 18149.9707 15169.3916 6514.9888 12600.9678 14499.2275 14676.0586 2655.6694 8351.7754 0.0000 12725.8555 10887.2090 7568.7036 14094.9482 6216.5005 0.0000 1271.2142 12549.3164 14352.9590 16666.8242 5756.3887 3556.2874 4226.2661 10786.6895 77.8056 18716.2500 10299.6680 9989.0303 5765.3994 12987.2822 10713.2734 9186.7510 13888.1592 4335.5830 2948.1472 12908.1201 8974.2607 17172.6758 10855.7646 1167.7499 7660.3657 13777.6631 6305.5034 15044.7285
14528.3975 24286.7344 15389.0986 8907.8945 0.6259 14829.5996 18219.2715 15169.6621 6613.8516 12535.2109 14713.8760 14569.8965 2615.6677 8394.9248 0.0000 12723.9121 10962.1318 7673.5312 14048.4014 6225.2861 0.0000 1235.4452 12545.6309 14272.6924 16652.9023 5763.9360 3571.8452 4201.2104 10840.9375 75.2534 18735.8496 10159.8018 10021.2402 5729.6040 13031.4697 10684.0693 9231.0752 13884.1680 4380.1914 2983.8403 12753.1104 8937.6064 17101.3125 10790.9170 1173.2478 7596.2681 13772.4766 6296.0801 15107.7188
14391.3936 24289.4492 15517.9473 9002.6250 0.5612 14703.2910 18280.2930 15193.9736 6640.6201 12622.9854 14634.9014 14610.7725 2660.2988 8307.1895 0.0000 12723.3232 10977.4316 7576.4771 14108.7812 6213.3936 0.0000 1209.0476 12584.7061 14453.7012 16632.2227 5746.4688 3614.5073 4256.6338 10874.4912 69.5916 18732.0645 10072.9785 10034.3213 5724.1479 12977.1934 10646.0557 9144.5576 13606.8252 4360.1133 2994.2490 12535.3398 8923.6416 17189.3750 10661.1152 1192.8893 7582.3022 13723.5801 6287.7881 14915.4170
14426.9141 24359.4824 15452.5059 8994.9082 0.4684 14752.1074 18099.9199 15102.4062 6604.5044 12604.0635 14573.2490 14641.6826 2674.3015 8372.7529 0.0000 12799.4775 10943.5234 7606.0137 14053.1699 6166.8706 0.0000 1202.5800 12608.0869 14345.4199 16520.8359 5745.5303 3591.5342 4257.7578 10861.6562 78.1250 18663.3516 10166.3164 9992.5254 5803.7383 13022.2393 10665.7920 9239.8809 13817.9814 4387.1357 2981.5144 12933.6885 8938.8750 17185.9863 10685.6211 1170.5022 7656.0264 13707.4424 6244.9692 15097.7041
14564.2568 24281.9590 15669.0732 9021.0410 0.5568 14735.6592 18283.8477 15229.6562 6649.7993 12589.5850 14611.7246 14663.0918 2673.8618 8456.5625 0.0000 12871.6816 10946.0361 7668.2607 14055.8760 6178.4307 0.0000 1195.0438 12700.1992 14489.0547 16581.7871 5751.4565 3569.0327 4229.2881 10967.8643 73.3374 18679.9121 10216.2666 10012.2061 5782.4165 13042.9023 10684.5107 9192.4375 13841.0830 4331.8618 2985.2861 12845.3418 9005.3115 17197.8926 10798.5518 1221.8009 7682.4087 13750.5000 6289.6973 15131.3936
14560.4443 24265.9980 15335.3125 8925.3184 0.5536 14765.0352 18326.4258 15191.2197 6628.0303 12562.1709 14667.0059 14658.9746 2640.4534 8580.5928 0.0000 12729.2217 10799.4873 7689.5742 14046.3525 6168.5615 0.0000 1178.8988 12682.5615 14523.0576 16582.2891 5784.0762 3579.9314 4229.9976 10897.9160 70.2770 18734.5684 10283.5088 10040.7227 5784.7280 13038.5723 10753.5361 9281.0410 13925.8818 4284.5874 2968.7734 13013.4336 8937.5215 17175.7461 10727.3789 1263.8805 7680.1230 13746.5762 6300.1128 15075.5049
14462.1885 24475.2090 15460.8457 8977.3027 0.5255 14777.4854 18175.7754 15335.4805 6636.4414 12604.7412 14643.8438 14620.9258 2709.2070 8439.0820 0.0000 12706.7314 10941.8945 7607.1079 14114.2666 6171.0010 0.0000 1218.2640 12710.1758 14315.6553 16526.2754 5807.5845 3573.5295 4197.3853 10859.2520 75.1408 18772.5000 10284.1768 10040.3213 5765.8286 13112.8174 10773.6436 9171.4639 13849.6602 4234.0562 2980.2043 12781.7158 8936.3428 17158.1484 10795.0693 1142.9288 7728.8223 13773.9385 6332.4722 15114.0166
14393.7725 24402.6914 15392.4473 9021.0684 0.5797 14829.5703 18322.5664 15279.2998 6572.7769 12604.6934 14686.4912 14789.0088 2639.7166 8379.3945 0.0000 12730.5908 10948.3008 7729.0474 14080.8975 6179.0103 0.0000 1193.2970 12695.4990 14485.3936 16642.3008 5876.4648 3589.4468 4252.7378 10913.0078 78.0977 18748.0898 10124.2969 10005.7061 5719.5107 13079.7246 10796.1611 9169.5137 13787.5107 4349.7568 2962.4211 12696.5791 8976.7412 17166.0332 10736.1846 1305.7314 7770.4409 13748.0176 6305.6851 15085.7715
14553.4766 24344.3438 15264.4541 8886.9746 0.6262 14798.3945 18278.1348 15177.0566 6628.8506 12599.4307 14642.4336 14562.4580 2661.0095 8401.2705 0.0000 12795.4268 10901.9990 7552.0435 14095.1387 6177.6968 0.0000 1169.6027 12627.7051 14459.5459 16656.3418 5834.8486 3561.6941 4211.9658 10823.7959 77.2607 18720.8652 10201.0049 10023.3516 5752.0850 13098.3262 10671.4238 9098.1348 13662.8896 4415.5879 2957.5579 12832.4053 9003.6113 17199.0938 10768.2285 1178.3942 7726.8022 13749.0400 6288.3086 15227.5850
14526.5225 24228.8594 15585.1748 8998.2471 0.5778 14727.4746 18180.5391 15163.7588 6499.0156 12649.4990 14629.5742 14779.3223 2658.9817 8333.2588 0.0000 12661.9990 10883.8447 7598.2822 14069.0605 6179.4331 0.0000 1184.2520 12733.8721 14423.2510 16578.1914 5929.5962 3545.8459 4223.5127 10817.5322 76.1912 18668.1523 10327.6641 10006.9922 5780.6304 13081.0723 10693.8047 9193.4492 14000.9482 4365.0283 2977.7900 12929.4893 8970.8965 17140.1074 10873.9111 1228.2012 7711.2173 13783.9102 6271.1919 14989.3428
14560.0889 24632.3027 15396.3809 9038.9121 0.6625 14790.9521 18322.0039 15214.5088 6550.6978 12622.2500 14690.5469 14655.0391 2669.6802 8446.1455 0.0000 12772.8408 10998.6084 7666.8555 14079.3457 6189.9941 0.0000 1199.8147 12694.9590 14335.8398 16691.8145 5913.3848 3587.3120 4257.4248 10965.0225 81.6293 18802.3477 10220.7451 9956.2930 5731.6060 13143.2930 10737.9941 9235.9482 14091.8652 4372.2490 2987.1531 12920.8613 9007.9717 17191.7422 10867.6777 1253.5988 7750.5713 13786.0947 6240.9272 15152.0410
14600.6338 24307.9375 15539.4121 9043.5938 0.4360 14854.0947 18439.8574 15200.1367 6632.7266 12579.8223 14678.0566 14799.8057 2677.6123 8472.7861 0.0000 12846.0596 10955.9775 7652.0254 14154.0371 6206.0586 0.0000 1227.0103 12708.5068 14474.6562 16633.6426 5661.6587 3589.7976 4233.2544 10969.0527 77.2013 18805.0078 10236.4434 10072.7646 5776.1787 13034.7031 10749.0771 9118.8164 14094.5518 4374.9829 2982.2168 12832.8369 8998.0508 17225.0449 10717.6953 1164.6311 7778.1074 13765.2783 6296.0239 15335.1934
14546.5742 24524.8340 15703.7432 9023.0273 0.4825 14802.2256 18279.4258 15210.8252 6499.5947 12610.8896 14686.9521 14632.0020 2615.0659 8389.2676 0.0000 12916.2168 10853.9365 7668.7661 14095.7363 6271.2671 0.0000 1226.0099 12645.6816 14592.1885 16591.7207 5779.9849 3585.8386 4275.6792 10931.5488 72.7991 18760.4180 10316.0850 9991.1416 5824.2739 13027.1973 10722.0693 9204.8613 13732.4111 4336.7979 2967.6121 12874.7842 8940.4609 17179.5762 10730.2178 1216.5415 7589.4312 13772.1172 6286.3799 15196.0820
14541.2324 24451.7207 15370.8135 9041.9756 0.6197 14800.6113 18191.9980 15179.7598 6641.7979 12548.1514 14680.0791 14874.7080 2596.9329 8500.4521 0.0000 12619.6748 10947.5332 7617.8687 14095.9971 6256.5137 0.0000 1223.2657 12715.9912 14632.8008 16680.3340 5694.8662 3593.2141 4268.3140 10894.3516 72.7205 18680.0586 10242.7061 10038.0908 5767.3730 13031.5713 10772.7686 9265.0674 13809.1826 4392.0474 2982.3145 12968.8379 8955.5791 17172.1016 10828.9658 1242.4220 7729.0483 13765.7129 6304.9561 15065.0264
14617.3213 24372.2285 15550.0459 9116.3916 0.4784 14757.0088 18515.5723 15194.3135 6680.4033 12549.0498 14710.1777 14573.0391 2646.9453 8386.4688 0.0000 12910.6299 10991.7549 7643.7598 14090.8828 6204.3394 0.0000 1272.9763 12663.6748 14459.2598 16690.7637 5750.3682 3613.6526 4302.9854 10946.0986 76.5219 18765.7910 10174.3096 10051.3135 5758.9204 13003.4258 10734.6641 9092.1855 13623.3105 4353.0742 2990.9600 12863.8271 8955.2500 17216.4473 10754.2910 1207.3083 7727.8457 13735.1465 6324.0669 15131.2715
14523.8486 24361.5137 15470.7393 9028.8984 0.5175 14787.9736 18496.7734 15217.8369 6527.9873 12548.3096 14727.3271 14761.3359 2696.2820 8470.6436 0.0000 12792.4121 10876.2305 7614.6450 14136.1465 6204.6191 0.0000 1186.9062 12753.8984 14566.2900 16631.3125 5827.3672 3607.5649 4236.6064 10931.1963 75.3893 18758.1445 10191.0498 10004.8984 5765.5303 13086.9189 10703.4492 9202.5547 13696.5938 4420.6250 2978.8813 12815.1982 8955.4365 17230.7207 10773.2803 1188.2263 7688.9297 13780.1631 6307.6919 15242.8145
14557.8828 24269.7578 15592.9580 9020.9902 0.4544 14864.8848 18333.4922 15229.6729 6505.1982 12625.7832 14699.3604 14840.3584 2688.2566 8506.3740 0.0000 12919.5244 10972.9854 7690.1245 14156.5078 6207.0366 0.0000 1136.1443 12670.6406 14550.6602 16626.7070 5787.8149 3589.8914 4239.3882 10944.8799 67.9030 18783.7266 10161.2930 10062.2041 5719.7124 13048.6494 10686.4033 9140.7725 13579.9014 4337.9609 2972.2061 12671.7627 9002.9873 17146.5430 10879.8154 1153.4855 7860.3394 13826.0625 6255.0386 15244.0996
14486.1377 24486.2012 15496.4082 8926.7109 0.4936 14723.3770 18114.8125 15120.7197 6671.8369 12601.8125 14725.5977 14791.6201 2698.6663 8432.6553 0.0000 12955.2646 10990.2920 7706.5459 14067.6055 6149.6064 0.0000 1188.9624 12644.7529 14541.3809 16557.2656 5706.1045 3580.4055 4244.0420 10909.4180 68.6600 18754.4180 10157.7031 9954.9961 5761.0513 12986.6934 10678.8213 9192.7559 13811.0283 4458.2241 2994.6987 12801.2158 9003.4727 17151.4863 10859.0537 1210.1533 7834.7910 13788.0801 6239.9321 15053.2861
14412.7383 24506.6289 15298.3096 9076.0889 0.6721 14778.6797 18281.2637 15141.9619 6562.4062 12622.7725 14750.0752 14640.2910 2693.5093 8409.2979 0.0000 12899.8066 10991.7100 7634.1650 14098.3418 6191.4927 0.0000 1267.2227 12695.1689 14524.7471 16661.0469 5795.7017 3602.3677 4278.4326 10898.2139 74.1095 18751.3340 10281.9307 9980.9521 5772.3843 12991.2695 10696.5439 9070.9258 14105.3750 4423.3271 2984.9521 12825.7080 8985.1680 17084.4199 10836.0303 1223.7393 7759.3486 13773.6396 6279.4478 15165.1787
14541.2100 24503.2031 15536.4443 9004.2959 0.6134 14772.4082 18378.2656 15128.7871 6701.3472 12545.8057 14681.7061 14659.3203 2695.6987 8440.9844 0.0000 12788.1064 10801.8877 7717.3799 14096.8760 6209.9189 0.0000 1263.4290 12608.8193 14331.7998 16750.9902 5804.9639 3589.1313 4275.6323 10855.0039 80.6751 18743.1445 10210.4023 10000.3701 5735.0679 13024.9131 10731.2324 9232.7754 13836.1064 4392.1348 2977.6113 12764.3682 8947.4678 17152.7480 10825.9365 1219.2784 7728.8643 13746.2012 6308.9805 14916.1924
14443.7334 24468.7832 15548.4434 8923.5537 0.4566 14732.6074 18220.5840 15152.1953 6622.0649 12541.5420 14695.1562 14592.7441 2668.6548 8382.8086 0.0000 12729.9023 11005.8877 7680.5864 14113.3975 6167.4341 0.0000 1211.4886 12664.9609 14695.6514 16605.1973 5764.8145 3579.4695 4298.9990 10869.0215 78.5893 18750.5801 10239.3975 10064.2822 5787.7427 13110.1777 10744.1660 9294.9355 13680.4590 4350.1650 2992.1223 12847.1865 8956.0303 17221.2617 10801.0215 1169.4058 7709.7300 13756.5527 6341.4048 14985.1025
14505.7959 24402.8750 15782.9111 8989.3984 0.6317 14792.5732 18360.5801 15246.0029 6561.5728 12629.3018 14686.0635 14628.6855 2649.9612 8547.3047 0.0000 12936.1289 10907.3594 7592.2173 14077.6201 6231.4741 0.0000 1277.9762 12671.8154 14554.7617 16609.2129 5791.4438 3573.8606 4260.8608 10911.2471 70.1259 18736.7656 10246.7188 9996.6660 5802.5928 13088.4590 10699.1387 9245.0508 13750.7715 4288.5488 3003.3772 13001.8877 8915.1406 17177.8438 10770.8184 1165.6178 7614.7993 13775.4443 6340.7925 15221.3115
14468.4082 24397.8906 15452.4307 8966.7256 0.6063 14805.6934 18287.7109 15274.4814 6573.3213 12544.8643 14663.8516 14787.6631 2697.0854 8455.5605 0.0000 12813.4668 10981.7510 7655.8433 14072.4854 6237.8247 0.0000 1251.5138 12634.6182 14545.2188 16661.4980 5767.7905 3594.7771 4293.5483 10837.1641 72.7864 18736.5742 10262.9844 10003.7520 5756.2212 13084.2402 10632.4844 9271.5840 14013.7217 4356.3604 3022.3384 12826.0830 8940.2119 17198.4219 10776.8184 1186.9482 7718.5903 13734.6426 6253.7197 15232.1768
14589.5957 24331.0703 15309.9141 8975.9131 0.5241 14782.2305 18085.7090 15278.7686 6728.8076 12558.3945 14671.3379 14751.3047 2640.7795 8444.9307 0.0000 13018.0332 10988.0684 7614.2646 14071.4629 6275.9023 0.0000 1256.9717 12650.2676 14561.6660 16609.5430 5759.7178 3580.1760 4268.0830 10839.2012 76.6025 18704.4980 10174.4170 9970.2275 5736.7803 13026.2256 10677.5762 9215.7510 13593.8428 4392.7344 2967.5151 12839.0791 8938.2715 17192.2129 10816.3301 1171.3292 7773.3149 13706.2061 6290.5464 15184.6357
14311.3896 24484.9180 15418.8574 8983.0469 0.6537 14687.9297 18291.2520 15123.0400 6636.9639 12598.5605 14607.4590 14732.6201 2651.7566 8507.3779 0.0000 12725.4551 10983.1904 7720.8809 14093.6836 6190.7827 0.0000 1284.0183 12547.1006 14638.2998 16663.3926 5763.3325 3583.7573 4248.4941 10800.4814 73.7322 18807.8809 10218.1182 10013.1592 5813.3320 13050.2510 10738.3916 9179.2793 13916.2100 4412.4644 2989.5801 12941.8779 8923.5166 17150.3418 10674.1494 1123.1078 7581.9019 13715.5605 6281.5552 15058.1377
14290.3740 24369.2617 15385.6748 8932.5381 0.5286 14733.5820 18116.5918 15196.6230 6626.0127 12533.8027 14705.5303 14727.6885 2685.3086 8395.6768 0.0000 12851.8750 10902.0020 7692.7231 14065.7178 6138.8647 0.0000 1287.0886 12631.7891 14382.7803 16627.5957 5820.9697 3589.0359 4246.5220 10823.7139 80.7796 18721.6250 10323.3408 10012.1709 5794.6772 13089.3457 10669.5742 9226.2012 13942.1416 4277.9058 2974.0767 12823.3340 8994.8564 17273.2090 10753.7959 1189.3048 7632.8130 13726.8135 6295.5020 15056.0479
14498.4678 24344.1074 15364.4385 8965.2998 0.6857 14753.6475 18498.0117 15218.2568 6561.8828 12563.6221 14683.8975 14748.7832 2671.1904 8383.3281 0.0000 12958.3721 10991.3125 7638.8232 14112.0811 6188.7466 0.0000 1222.5116 12602.2822 14180.8125 16622.2715 5821.4814 3582.7253 4219.3428 10840.2676 73.9831 18760.8066 10219.1094 10043.1055 5704.5923 13031.6523 10690.6113 9063.3555 13563.1055 4419.8599 2980.4895 12785.8428 8973.3457 17123.7617 10751.2432 1194.8134 7764.9287 13779.4336 6309.9033 15018.9297
14373.6738 24406.8320 15360.0088 9000.4795 0.5684 14754.6768 18373.7715 15158.5732 6589.7246 12602.9316 14611.6182 14669.1504 2645.9529 8389.4668 0.0000 12746.3809 10860.1270 7560.8047 14099.7793 6149.2563 0.0000 1228.1284 12504.3818 14416.4092 16570.3926 5696.8237 3600.8567 4265.3779 10855.5264 79.0467 18621.3555 10286.7949 10035.3184 5747.9287 13082.0020 10675.6201 9126.2061 13874.1123 4293.0723 2999.0732 12844.2461 8974.2256 17229.7832 10790.5039 1231.5674 7891.6006 13789.9131 6286.0864 15108.6016
14580.7266 24365.6094 15383.2930 8956.8672 0.5246 14786.6797 18168.9590 15294.9053 6584.2026 12600.9170 14655.3057 14661.6270 2664.3584 8388.2422 0.0000 12791.3506 10872.8594 7648.1489 14130.5918 6179.5132 0.0000 1217.1783 12609.2207 14390.2051 16593.5293 5857.5181 3596.6504 4212.8516 10869.7559 76.8258 18761.8672 10202.4766 10070.0303 5797.5474 13042.2461 10707.7939 9059.9707 13358.8750 4337.6895 3007.8545 12741.5498 8943.3984 17218.4707 10740.2910 1222.6770 7760.9170 13775.0176 6299.0156 15194.8496
14496.2305 24311.2480 15490.2959 8932.0000 0.4823 14677.5518 18410.5527 15191.0498 6660.4155 12607.3711 14588.9297 14716.8916 2659.8582 8349.9014 0.0000 12542.5635 10851.0977 7586.3071 14079.4600 6153.8096 0.0000 1149.9486 12708.5303 14258.8301 16660.4707 5746.5879 3585.5642 4268.7476 10878.3457 75.7121 18605.9609 10244.8496 10022.1045 5730.6226 13025.0400 10693.2852 9154.9082 13875.1709 4380.6401 2998.7012 12582.1514 8989.2451 17167.3652 10837.6045 1166.7920 7798.9272 13694.6465 6308.2070 15175.1426
14613.9502 24345.8379 15531.5371 8973.1289 0.4917 14751.6729 18228.8496 15225.5732 6671.6460 12619.9492 14643.3262 14725.0381 2611.7168 8425.6621 0.0000 12781.5791 10952.3564 7593.3042 14072.7617 6164.1299 0.0000 1190.4122 12526.8877 14554.7471 16692.3730 5762.2354 3590.9092 4277.5283 10807.6084 64.7138 18652.8848 10245.1475 10018.1484 5707.7065 13065.0049 10681.1377 9119.5127 13687.2539 4450.5010 2987.2119 12782.7734 8933.8135 17052.0527 10804.7178 1172.5428 7619.7510 13746.5332 6297.1436 15046.2520
14493.0039 24306.2891 15416.5322 8967.3311 0.4858 14741.1348 18516.8477 15069.1279 6690.7827 12637.4951 14556.9355 14647.4951 2665.3459 8338.0771 0.0000 12642.7969 11048.3389 7661.9692 14068.4482 6192.9106 0.0000 1175.0620 12573.7500 14353.4600 16759.8867 5819.5117 3587.1396 4212.0264 10801.9854 77.0776 18686.0059 10097.0088 10023.2305 5717.3491 13060.4912 10725.9521 9164.6943 13795.8604 4384.3779 2971.6865 12678.9287 8962.5996 17146.3047 10772.2607 1142.2085 7758.8521 13747.0596 6298.4771 15170.3535
14513.3262 24262.8984 15452.0781 8946.9531 0.6207 14768.0957 18318.7676 15225.6318 6681.0337 12592.2676 14577.3174 14516.8301 2638.8738 8402.0840 0.0000 12737.2656 10967.3770 7530.3198 14107.7090 6206.3384 0.0000 1208.5118 12634.7510 14582.5342 16660.4199 5735.0410 3589.8247 4220.2778 10818.8438 81.8404 18715.3945 10322.9033 10110.3145 5753.9380 13068.4072 10719.4609 9107.2471 13886.7988 4296.6660 2965.5962 12642.9023 8948.2695 17138.6523 10758.6387 1140.0696 7761.9473 13742.2168 6318.3032 15032.2793
14375.5752 24072.2285 15554.7949 8969.8711 0.5779 14740.2266 18072.2773 15205.3154 6647.6470 12516.2070 14492.6455 14661.7471 2672.4556 8342.3896 0.0000 12814.1562 10897.3877 7586.0889 14072.2207 6196.9976 0.0000 1252.6130 12632.5928 14466.2412 16635.7637 5723.7422 3580.2988 4238.0708 10800.4453 71.4809 18723.8613 10236.1279 10030.8125 5722.8691 13023.9863 10776.5791 8994.5352 13911.8975 4295.8574 2959.3623 12662.9453 8973.8555 17143.3457 10793.2822 1200.4740 7698.1396 13723.9131 6301.6572 15175.3525
14492.8281 24373.6719 15539.4971 8933.4102 0.4612 14725.6025 18284.4609 15135.3096 6577.0967 12561.9619 14616.0557 14461.8770 2587.6829 8275.5713 0.0000 12597.9521 10900.1816 7528.2222 14094.9600 6199.6836 0.0000 1274.9141 12614.0566 14431.9805 16608.2617 5809.2705 3564.8184 4240.3765 10702.5068 76.6676 18690.7305 10215.3350 10057.8291 5737.9438 13091.0781 10697.7539 9166.6377 13874.7881 4383.9966 2967.1709 12534.3320 8930.6875 17155.2207 10706.8047 1118.5498 7677.1753 13713.0312 6308.4800 15086.7236
14466.8984 24431.6406 15432.4053 8926.7812 0.5632 14725.6963 18206.6230 15271.7930 6540.7842 12537.8799 14677.0166 14581.8779 2636.4619 8332.5576 0.0000 12830.4150 10861.1631 7553.6748 14114.7129 6225.2671 0.0000 1236.4576 12714.7148 14447.7334 16699.1387 5687.3613 3595.5669 4256.3374 10713.6943 78.1081 18665.4941 10330.4082 10078.8408 5746.9663 13076.5693 10690.6016 9163.3330 13890.1748 4322.9570 2975.5640 12689.4336 8924.1025 17085.2363 10734.4004 1216.3229 7606.4346 13739.5664 6343.9795 15066.2275
14375.1553 24323.8496 15486.7539 9008.3174 0.4341 14820.9453 18207.9902 15226.5088 6632.5659 12616.8506 14641.2090 14613.1055 2645.6931 8351.1729 0.0000 12941.6592 10811.5439 7614.2290 14099.7529 6221.7646 0.0000 1254.7521 12659.7168 14489.2139 16637.9785 5618.4458 3576.7659 4263.7871 10734.5312 73.2740 18682.3867 10264.8057 10010.1855 5748.0625 13084.8213 10757.6084 9121.4961 14048.7939 4364.4629 2966.0505 12757.8867 8960.2334 17212.4883 10789.6123 1220.2065 7677.4834 13746.8096 6314.3384 15133.7695
14353.8701 24247.8301 15328.0791 8944.0615 0.4198 14688.3154 18188.7773 15125.7617 6695.8994 12564.1816 14590.9209 14667.0771 2604.3982 8291.1963 0.0000 13016.1777 10900.6367 7485.2935 14076.2939 6219.6138 0.0000 1284.6069 12647.2256 14445.3574 16593.6758 5763.8350 3564.9243 4265.2627 10833.6719 75.7701 18717.4414 10186.6016 10031.3896 5753.0728 13057.0400 10680.9590 9146.2539 13843.4678 4299.1445 2978.1819 12625.0684 8921.4316 17160.4844 10774.9277 1170.4861 7634.7358 13746.5186 6277.6465 15173.4014
14562.0068 24385.9336 15547.1240 9019.0361 0.5840 14701.0264 18200.0039 15179.2686 6577.3809 12546.5898 14613.5098 14532.9443 2650.8484 8301.8711 0.0000 12826.3379 10933.3057 7511.5815 14059.4189 6178.2715 0.0000 1277.6719 12620.0498 14369.8271 16645.9941 5729.1074 3574.4976 4233.8457 10744.5742 77.4880 18636.8926 10198.7070 10049.7236 5774.9346 13008.7012 10743.1748 9135.8691 14022.3438 4344.4590 2977.9419 12719.6416 8938.8584 17095.8848 10713.8057 1298.9958 7726.5967 13737.0811 6298.8110 15035.6494
14459.4062 24296.2324 15474.3721 8942.4707 0.5964 14688.4717 18395.3242 15162.4404 6651.1855 12558.9854 14595.3945 14592.3115 2629.1172 8362.2227 0.0000 12833.9355 10776.1865 7598.8687 14087.2871 6187.3174 0.0000 1307.4502 12613.7539 14253.7070 16653.6992 5776.7812 3572.2761 4227.4771 10805.5264 77.7781 18639.5625 10195.3916 10010.6123 5758.9727 13024.1611 10710.9365 9250.8799 13632.5225 4309.3555 2955.4224 12816.0762 8925.2500 17198.6309 10785.9893 1215.6312 7558.9956 13703.7842 6296.8843 15136.2246
14366.9688 24330.5176 15611.9639 8909.7021 0.4488 14693.0166 18185.1426 15110.7471 6586.6455 12576.8408 14483.0176 14693.8076 2642.5454 8457.7578 0.0000 12656.0869 10980.4023 7624.4492 14100.9922 6173.6357 0.0000 1274.7872 12745.1455 14493.2422 16569.6875 5804.5850 3578.7458 4289.4429 10855.1250 75.0327 18673.5859 10211.4717 10067.1855 5772.0322 13042.9844 10716.9561 9257.1055 13720.3145 4300.7622 2965.0549 12661.5488 8909.8086 17127.5449 10742.4971 1266.7684 7742.7466 13720.1992 6279.0112 15018.7451
14405.5840 24367.2832 15467.0498 8948.3633 0.6150 14658.7842 18236.7773 15230.8496 6549.3999 12581.4248 14509.4570 14562.2275 2649.3357 8399.1562 0.0000 12610.2031 10855.7998 7598.0195 14076.7295 6161.1323 0.0000 1207.8134 12626.1064 14459.3398 16529.4531 5667.4971 3590.5164 4265.0708 10780.7607 76.9193 18645.0020 10148.7314 10021.6885 5776.7534 13036.2881 10748.4531 9170.3330 13743.7637 4289.7905 2965.3662 12694.3652 9005.8154 17169.4414 10849.0449 1121.1681 7742.9561 13753.3115 6353.8657 15090.1865
14383.1221 24338.4043 15445.0361 8934.0381 0.5206 14751.3389 18205.5234 15304.3896 6666.0630 12624.4736 14472.9229 14616.1367 2656.0596 8260.3887 0.0000 12740.5967 10834.8262 7569.0088 14106.8828 6122.4268 0.0000 1202.2322 12590.6719 14386.6279 16451.6309 5790.0386 3564.5381 4301.0078 10729.1992 77.6102 18694.5898 10160.0439 10017.0303 5801.4580 13013.0264 10707.3838 9187.2256 13751.6543 4457.9106 3006.8025 12653.3975 9012.7529 17157.2168 10806.3799 1227.4137 7739.4819 13811.9443 6327.2896 15142.0742
14528.2891 24144.9238 15524.0068 8991.0244 0.4585 14742.9170 18238.5664 15280.6250 6640.1401 12550.4385 14558.4658 14551.9141 2631.9934 8304.8721 0.0000 12637.6846 10860.2266 7567.3564 14076.6094 6184.7285 0.0000 1261.9543 12644.1035 14355.6465 16573.2891 5553.0547 3577.8303 4313.3076 10692.0195 65.6058 18686.9922 10254.7383 10029.1377 5756.8145 13028.5039 10649.2109 9214.2578 13919.7656 4352.3745 2958.9841 12399.1191 8965.7061 17155.4668 10797.6123 1186.5801 7677.5527 13710.0469 6301.2510 15010.1094
14505.6650 24274.8555 15519.5420 8906.3691 0.4673 14742.9043 18282.6699 15128.6133 6582.1963 12573.0752 14615.8076 14632.5107 2582.5142 8290.5166 0.0000 12902.7090 10923.4434 7558.1987 14087.3613 6200.6235 0.0000 1277.5480 12611.6934 14314.9014 16720.5820 5809.2368 3561.2114 4286.9854 10704.0127 76.1349 18661.7012 10194.0684 9989.7012 5740.1650 13054.7334 10650.6406 9214.9883 13828.8643 4322.9570 2978.7839 12562.2188 8943.3975 17066.5391 10750.0566 1091.9695 7549.4800 13672.5352 6343.6978 15048.1387
14552.1348 24346.3398 15366.7129 8911.2471 0.4782 14781.0264 18337.1953 15245.3096 6538.1333 12528.5039 14498.9844 14762.1855 2658.9451 8354.1963 0.0000 12822.9619 10877.3633 7554.9209 14098.5029 6137.0142 0.0000 1307.8116 12626.2461 14383.1211 16623.1523 5803.0249 3564.2490 4246.7266 10726.5479 77.4180 18715.6387 10247.4863 10031.8662 5749.7183 13034.7949 10735.5215 9056.7354 13879.2939 4338.3892 2954.1570 12673.3252 8949.7939 17159.7188 10807.4561 1155.8472 7749.5693 13762.9736 6341.6768 15070.0166
14488.9834 24280.2812 15542.5518 8964.0029 0.5958 14725.8135 18261.8848 15212.4434 6617.1265 12562.4102 14568.7100 14712.7119 2698.9238 8337.2109 0.0000 12839.6807 10835.5205 7648.4653 14102.3936 6172.6006 0.0000 1259.4448 12675.2832 14526.4473 16581.2031 5469.8438 3578.4331 4250.3550 10838.5293 72.5524 18709.9805 10237.1943 10052.1592 5760.3975 13033.3525 10718.4355 9181.1006 14064.7383 4315.6743 2966.9580 12738.0684 8989.5029 17126.9102 10889.6553 1214.6552 7681.9863 13799.7900 6304.4668 14984.3789
14580.5801 24240.2285 15490.4365 8918.2744 0.6559 14676.3994 18327.6035 15292.7402 6545.3096 12600.5225 14562.8799 14608.9199 2641.0049 8322.4287 0.0000 12819.5146 10927.2383 7587.0825 14062.8008 6202.0449 0.0000 1303.3047 12663.0918 14299.1787 16593.2988 5647.9912 3571.7783 4218.6914 10741.2080 73.5974 18752.7422 10220.0537 10063.8066 5746.0781 13059.9453 10747.0566 9172.8516 13654.0459 4407.0996 2968.8718 12607.6270 8942.5840 17151.9727 10714.5869 1215.6165 7636.3286 13737.0557 6283.7319 15122.8711
14544.4707 24372.9609 15560.5918 8986.5322 0.5035 14786.4346 18272.4043 15332.6367 6489.8975 12564.3066 14560.5391 14815.2832 2696.2305 8449.3721 0.0000 12703.7744 10922.9824 7487.2471 14151.1543 6162.3042 0.0000 1234.3650 12706.6211 14438.1992 16665.8359 5833.1772 3548.7314 4238.0737 10775.1699 80.3182 18768.0391 10329.0771 10102.5654 5774.3154 13112.3984 10777.6475 9174.5967 13888.7080 4332.9604 2969.4070 12507.3232 9021.6934 17249.1621 10800.9932 1165.9557 7749.4956 13745.3320 6321.8384 14920.5088
14572.5273 24265.9375 15489.7598 8979.6055 0.5270 14735.4756 18114.1641 15190.1914 6585.8833 12611.0283 14621.5439 14597.4805 2595.4194 8383.1543 0.0000 12815.8691 10985.6445 7566.6338 14095.6416 6174.9556 0.0000 1195.6689 12655.2510 14335.9678 16717.8066 5704.0713 3572.9785 4235.4087 10817.5264 77.9674 18688.4199 10340.7207 10040.1602 5746.6431 13052.1973 10770.9434 9143.4648 13900.1338 4442.2227 2969.3518 12613.9229 8989.5088 17179.2812 10783.7178 1227.5144 7669.0869 13764.1641 6289.2798 15115.3750
14456.7324 24306.9121 15437.8877 8956.8359 0.6081 14773.6289 18159.9824 15098.1104 6575.1211 12619.6182 14574.7705 14602.2168 2632.0508 8395.4346 0.0000 12936.0723 10865.2549 7575.3589 14056.5088 6180.2153 0.0000 1238.4116 12786.0586 14289.6074 16587.8359 5708.3164 3556.0566 4281.5610 10785.0840 73.9621 18693.6406 10198.6416 9914.8604 5773.2612 13100.1777 10707.4766 9165.4248 14008.0977 4438.0083 2971.0559 12589.7852 8974.1367 17143.7988 10775.5469 1315.4867 7586.0073 13768.7002 6275.0137 14918.0566
14514.9014 24340.8555 15611.2139 8962.7998 0.5972 14730.3320 18098.1289 15173.8086 6642.5972 12501.7754 14670.8818 14682.5869 2612.9985 8427.0918 0.0000 12789.4111 10827.1289 7602.5430 14056.1113 6261.3872 0.0000 1270.4283 12641.2969 14521.7725 16598.1035 5640.7812 3585.7397 4315.7773 10824.8193 76.1043 18613.5410 10224.0918 10019.5830 5761.1616 13014.1104 10653.0703 9222.7354 14072.0293 4441.1973 2993.7073 12717.6836 8985.6475 17176.5273 10780.6172 1151.0233 7606.5078 13696.3066 6314.3979 15119.2100
14586.6074 24228.8281 15436.7930 9035.2051 0.5845 14706.1445 18266.6133 15246.6416 6525.9556 12612.8828 14616.8975 14602.6797 2630.3049 8365.5576 0.0000 12570.0273 10922.1406 7653.6079 14055.5742 6230.0615 0.0000 1290.8584 12620.1631 14117.7822 16601.4668 5742.1836 3595.2153 4251.4858 10844.6973 73.9430 18710.5410 10157.1816 9982.6387 5767.6509 13041.7354 10728.6475 9260.1455 13663.6006 4471.6401 2994.7175 12635.4619 8979.9072 17190.0762 10810.3691 1182.8427 7731.9150 13741.7051 6244.9263 15030.4854
14540.1016 24498.0781 15446.4668 9058.0635 0.6146 14708.6348 18232.0352 15195.6953 6740.3550 12623.6914 14607.5820 14622.1699 2643.3821 8325.9062 0.0000 12817.6064 10915.6172 7570.0581 14096.5889 6199.4341 0.0000 1279.8025 12816.3115 14369.7979 16655.7891 5725.6597 3535.5244 4228.3145 10810.8525 80.7257 18784.6328 10208.2490 10071.6494 5778.5366 13099.0332 10709.9707 9219.6650 13970.1338 4383.0762 2971.8452 12809.8691 8987.3359 17183.7539 10843.2666 1263.9075 7743.7334 13760.8223 6294.4072 15157.4189
14523.5898 24355.2520 15440.1240 9068.7227 0.5236 14675.1504 18198.9043 15130.3213 6576.0698 12654.2910 14611.7979 14618.8945 2648.0374 8420.0811 0.0000 13060.0332 10903.9863 7605.5703 14064.5176 6263.2285 0.0000 1254.1757 12643.8877 14564.7363 16558.1973 5758.0654 3552.7375 4253.9604 10946.6807 81.7133 18773.6309 10196.6855 10000.0029 5787.2510 13055.0000 10595.8682 9199.9473 13705.2471 4429.0059 2995.1067 12822.2080 8926.7656 17229.4863 10816.9121 1094.8840 7697.8857 13812.2617 6271.7896 15210.6719
14522.3926 24326.5781 15580.1406 9003.3301 0.4711 14754.7139 18291.1777 15225.2314 6579.8892 12594.4766 14698.9092 14796.8164 2695.3237 8388.2988 0.0000 12828.3809 10974.6211 7672.3311 14125.0293 6188.7070 0.0000 1307.3059 12594.7979 14713.7461 16635.9531 5805.0835 3595.1833 4243.8311 10899.1807 68.4001 18751.2500 10226.6562 9967.7109 5765.1768 13096.5439 10734.9277 9181.5977 13822.7900 4249.9585 2978.4128 12688.1562 9013.8594 17222.7676 10812.6885 1145.1279 7795.5674 13772.3584 6309.9614 15253.0205
14479.6924 24284.8516 15346.0205 8943.6064 0.5140 14782.5713 18316.0586 15242.6797 6586.8135 12598.7158 14656.6973 14689.3145 2649.6238 8573.1943 0.0000 12587.7217 10923.4307 7679.3911 14070.1416 6169.0742 0.0000 1274.7415 12629.8154 14536.4316 16656.1055 5779.9546 3566.3982 4238.8330 10957.0508 69.7469 18684.2188 10123.9209 10017.1973 5771.8262 13014.7012 10725.3994 9198.4824 13634.5820 4273.0854 2958.4819 12688.3760 8961.2764 17096.9199 10814.8145 1145.2771 7788.0640 13777.6357 6300.6328 15064.4062
14508.4043 24473.9805 15512.8115 9035.7744 0.5541 14780.2588 18272.5723 15215.2637 6587.4517 12590.5635 14659.2959 14731.0137 2626.3752 8413.4551 0.0000 12759.0967 10990.5176 7631.6714 14091.9277 6144.6606 0.0000 1258.5253 12785.3574 14619.3652 16661.5664 5728.1177 3582.0962 4223.8926 10958.7822 71.0449 18737.4277 10265.5371 10083.1064 5731.8516 13053.7305 10758.6953 9165.3242 13776.9756 4484.2852 2977.1201 12972.0586 8954.7129 17302.8496 10881.2529 1203.5341 7689.7900 13799.6943 6304.8096 15313.9229
14556.8945 24364.9395 15522.1221 8983.8027 0.5355 14858.6211 18387.4980 15274.4248 6583.3042 12664.9189 14734.1865 14717.1201 2650.9983 8410.0479 0.0000 12950.5684 11002.3896 7736.1172 14068.4717 6174.8843 0.0000 1222.4572 12767.8721 14476.2451 16627.9648 5909.8901 3578.6553 4213.6299 10888.7510 73.7192 18749.3262 10255.0752 10072.9424 5776.8423 13111.7041 10705.2168 9191.8867 13801.7715 4396.2495 2982.4990 12963.8691 9010.0469 17156.2246 10811.5195 1259.2108 7842.7324 13823.3486 6377.2583 15144.9434
14481.5791 24486.4590 15690.7178 9046.1689 0.4704 14806.6406 18242.3945 15318.3838 6642.3354 12571.3750 14860.6641 14752.1143 2697.8113 8585.5068 0.0000 12868.5908 10900.3848 7662.6318 14101.5801 6243.0840 0.0000 1202.6570 12738.1191 14663.5596 16746.6465 5856.1445 3594.6611 4245.0317 10953.3584 71.2711 18786.3262 10191.7539 10043.1582 5739.9517 13080.9756 10750.7598 9243.1064 13774.4834 4415.3896 2965.8315 13007.2979 8972.6807 17153.5020 10783.5957 1215.5297 7787.0083 13752.2520 6277.8540 15304.0234
14493.0625 24442.5918 15502.3291 9001.5469 0.4720 14785.8701 18349.1699 15227.9414 6680.4390 12615.5381 14723.0557 14745.1221 2675.4155 8338.6074 0.0000 12852.4180 10930.9844 7666.5737 14108.0264 6182.0820 0.0000 1189.8507 12621.5898 14628.3535 16621.8809 5720.2495 3605.6794 4265.4253 10885.4600 72.8248 18800.8145 10178.5029 9991.2822 5776.9170 13011.8594 10674.6816 9118.8828 13799.6865 4438.1309 2970.9214 12893.1973 8941.3799 17219.7773 10812.4980 1191.8132 7756.1367 13746.3867 6263.3564 15256.3564
14422.1064 24384.0840 15510.5996 8981.1934 0.5924 14789.1777 18300.8633 15186.8086 6607.6655 12596.2275 14635.2002 14716.8389 2645.6714 8460.7344 0.0000 12592.2031 10942.1992 7523.6323 14088.0459 6174.0107 0.0000 1173.4783 12577.7061 14435.7588 16584.3809 5796.5913 3587.5747 4205.3364 10944.2266 80.5610 18752.6641 10249.7002 9985.1270 5742.0791 13051.0781 10710.0664 9157.6230 14103.2207 4304.8638 2988.6018 12723.6641 8955.3252 17112.5273 10746.9180 1226.9656 7521.6968 13743.9375 6303.4326 14980.3721
14552.1729 24337.9844 15556.3252 9037.2764 0.5490 14724.1943 18387.9570 15212.9814 6544.9536 12588.3086 14716.8076 14647.6279 2711.6877 8419.6338 0.0000 12785.8984 10990.5850 7631.3164 14072.8818 6200.2734 0.0000 1180.2130 12581.2598 14768.9512 16671.1816 5860.7930 3574.5405 4259.5435 10853.8271 85.2416 18757.6309 10231.8955 10072.3252 5749.3906 13016.1914 10630.2402 9083.0186 13862.2383 4393.6899 2985.5183 13008.0205 8993.0312 17141.3125 10780.8105 1207.6672 7649.0200 13776.7656 6298.0425 15050.1875
14544.1748 24459.9004 15523.6162 8956.5518 0.5145 14820.8955 18246.9219 15201.3252 6516.6514 12559.4570 14766.7178 14621.0303 2720.6086 8497.6631 0.0000 12855.6309 10986.6914 7703.3828 14069.3330 6201.0688 0.0000 1164.0634 12621.5449 14455.1523 16558.7051 5854.4639 3596.1428 4262.6133 10792.1875 72.6747 18763.3926 10140.6895 9967.2568 5835.6143 13082.6143 10642.9238 9232.5654 13536.6650 4334.4961 2975.4626 12876.5049 8985.3008 17212.3750 10840.8174 1206.0276 7799.9653 13744.9658 6319.5420 15202.6035
14508.6016 24394.2656 15515.4316 9005.8018 0.5452 14826.5186 18270.9902 15146.4902 6562.8291 12569.8643 14796.2051 14638.3838 2703.9258 8440.3809 0.0000 12869.3799 10904.2539 7720.4927 14070.9824 6106.5928 0.0000 1203.6221 12570.1572 14520.5137 16676.0176 5766.2129 3584.0066 4203.8647 10884.6123 70.5798 18696.0859 10266.0361 9979.7832 5780.0439 12961.0752 10592.0771 9124.4736 13810.9443 4239.4468 2962.2473 12898.1357 8959.6650 17195.6562 10863.0459 1211.3760 7797.2446 13746.6494 6264.4604 15024.5703
14454.8467 24405.9590 15412.8320 8962.2646 0.5825 14787.7334 18330.7969 15050.1465 6609.1187 12654.7803 14641.7168 14676.2832 2657.0723 8437.2314 0.0000 12926.8096 10914.2725 7642.7471 14063.9824 6095.2666 0.0000 1219.8622 12594.1943 14344.1084 16618.1855 5953.5537 3571.1306 4220.1367 10815.9053 71.7488 18734.5879 10246.8516 9995.2920 5759.7974 13071.9922 10731.7305 9201.2734 13704.7285 4307.6504 3022.8054 12613.9922 8997.6348 17168.7734 10810.3770 1263.7867 7839.0757 13753.5020 6265.7808 15078.9385
14452.2754 24350.3906 15453.1279 8967.5781 0.5511 14800.6396 18386.6348 15087.4463 6503.2607 12554.5176 14600.4834 14728.0615 2708.4819 8409.2266 0.0000 12721.9951 10881.8633 7635.8218 14071.8965 6197.1411 0.0000 1232.5621 12554.4873 14630.3066 16694.1875 5975.2769 3602.5884 4250.0488 10853.5537 75.8502 18704.5273 10234.3721 10053.8486 5700.0620 13068.8701 10721.2637 9239.0918 14090.0996 4367.2261 2983.4460 12951.8701 8965.9365 17189.0586 10841.9561 1174.6973 7687.3584 13752.9932 6289.5469 15071.2871
14393.2080 24249.5469 15457.3057 8996.2334 0.4899 14817.1709 18190.0547 15233.5146 6558.0024 12568.3047 14583.0762 14664.8193 2717.5723 8491.9434 0.0000 12746.4365 10910.2861 7665.1372 14088.9219 6146.6772 0.0000 1175.0985 12511.6748 14297.2812 16661.0176 5786.9355 3580.5664 4216.1138 10876.2939 79.1406 18735.1895 10252.5645 9989.0029 5758.4077 13046.6572 10665.4150 9102.1758 14065.9102 4328.6528 2967.1348 12885.7041 8944.3838 17140.9629 10730.4932 1222.8282 7710.4370 13725.1143 6294.4976 15054.4111
14550.8496 24472.2480 15475.7373 8993.4307 0.6314 14802.8740 18386.7402 15156.3184 6615.8027 12608.0420 14649.2217 14658.1777 2642.7351 8381.9268 0.0000 12801.2764 10947.8662 7639.1221 14060.3623 6205.5337 0.0000 1121.5044 12811.0508 14564.3711 16546.3770 5823.5698 3601.0986 4271.6558 10962.1660 70.1637 18696.1543 10235.1299 9987.7725 5781.2847 13063.0908 10732.2471 9264.9619 13576.9551 4231.3652 3010.8167 12951.1680 8944.2559 17156.8379 10770.4951 1168.7339 7540.1396 13801.8555 6280.1177 14976.3174
14609.9160 24421.9316 15541.0293 8943.5137 0.5393 14806.3223 18273.0547 15219.1084 6569.2036 12569.9141 14750.0488 14654.1660 2646.7610 8369.1572 0.0000 12737.9355 10932.6191 7634.0933 14100.6299 6254.4224 0.0000 1239.2885 12772.5449 14647.0039 16628.7930 5744.6421 3586.5103 4278.1904 10975.1035 75.9647 18726.7715 10194.8730 9991.1660 5764.7148 13042.5879 10709.5693 9204.2178 13834.6816 4281.0444 2966.2834 12912.9385 8908.8818 17132.1797 10764.8164 1139.5948 7608.6846 13723.3359 6238.9048 15100.8945
14510.9570 24357.7344 15396.7949 9074.9248 0.5482 14815.2158 18347.7168 15188.5879 6635.6865 12535.8379 14634.4258 14685.2188 2648.2056 8477.1465 0.0000 12944.5615 10921.7275 7618.3232 14096.5283 6243.7769 0.0000 1279.8424 12751.0957 14333.5986 16661.8477 5715.7212 3605.1101 4265.2764 10942.1318 77.8508 18728.2832 10193.5645 10023.2598 5746.2544 13023.5713 10723.2031 9216.1055 13686.3838 4444.6108 2984.0042 12804.2031 8879.4600 17229.2090 10653.6826 1243.5740 7764.2603 13809.7900 6309.5684 15114.9697
14468.9082 24298.7070 15403.9805 9060.7764 0.5419 14807.3428 18285.8477 15231.6016 6623.2583 12605.3867 14728.6670 14636.3721 2665.2859 8325.1621 0.0000 12718.0225 11006.2148 7529.0117 14105.5859 6207.2266 0.0000 1237.9720 12566.0625 14513.7471 16614.4727 5730.0718 3597.1206 4265.6084 10879.4668 70.3750 18774.1543 10238.9258 10005.6045 5756.3120 13057.0166 10791.2734 9125.5742 13862.4902 4295.8628 2991.5837 12766.1602 8969.7832 17114.2812 10764.0039 1231.7513 7678.2656 13767.0967 6319.9897 15157.5068
14530.1631 24545.0918 15300.6777 8965.3242 0.4626 14839.3838 18420.7656 15222.5283 6648.7710 12574.1318 14681.6123 14722.7061 2649.9790 8430.4609 0.0000 12641.1172 10882.7549 7682.9678 14090.1660 6268.1436 0.0000 1241.7008 12594.7295 14216.9873 16689.5430 5862.0889 3580.4224 4212.0112 10822.5449 74.8491 18779.8945 10252.0898 10036.4443 5779.4526 13059.6650 10799.0986 9144.4092 13972.7715 4414.7671 3005.7053 12721.3809 8994.9629 17160.5410 10832.6807 1233.9047 7875.7363 13785.0322 6338.7075 15167.6377
14529.7090 24481.8613 15435.1514 8884.2725 0.5321 14791.5479 18343.6387 15285.6348 6643.4199 12583.7041 14676.3203 14753.1582 2646.2461 8450.8623 0.0000 12913.9766 10942.4512 7640.3325 14068.3184 6240.9746 0.0000 1277.6174 12741.3662 14366.1025 16627.1055 5828.2598 3581.1936 4213.2930 10926.6455 71.0231 18717.3340 10218.0869 10063.5254 5792.5024 13090.7871 10758.8525 9217.6631 13901.6406 4424.6279 2990.2092 12876.7246 8939.2627 17174.9395 10715.8398 1218.2136 7715.6587 13723.0264 6326.9707 15145.1387
14445.9150 24270.2207 15682.0586 8961.4336 0.5765 14677.0674 18282.2598 15210.4463 6641.0332 12608.8467 14655.0293 14659.4922 2642.4849 8446.6963 0.0000 12833.1885 10949.0967 7645.4956 14127.5947 6151.2939 0.0000 1248.1135 12604.0830 14494.6191 16507.4160 5736.1655 3574.5635 4223.5439 10853.2314 71.0586 18803.2109 10306.5254 10017.9746 5821.7349 13064.1973 10799.8330 9185.4512 13746.7656 4278.4502 2964.0374 12625.2412 8982.5518 17183.8867 10735.6787 1214.2667 7717.9326 13756.5557 6275.7734 15157.9775
14465.2881 24426.3340 15581.0127 9047.3828 0.6188 14735.6328 18324.0293 15132.4629 6625.9897 12625.8604 14675.6777 14764.7051 2654.7581 8423.9971 0.0000 12861.5430 10857.0420 7661.7017 14095.7783 6223.3628 0.0000 1245.7019 12698.2148 14281.9961 16552.7031 5596.9414 3579.3303 4274.8506 10827.1865 76.5770 18736.6855 10210.9609 9960.9375 5737.4580 13043.6865 10663.7822 9149.8799 13871.8525 4375.3579 2985.9507 12746.6328 8932.5635 17121.4395 10820.6523 1228.9207 7803.3203 13775.7402 6218.6597 15153.9736
14411.7871 24431.7090 15316.2568 8901.9482 0.6229 14774.2227 18284.7441 15193.0283 6651.1553 12620.3945 14630.6455 14657.4297 2660.9951 8406.4375 0.0000 12785.8906 11016.1943 7578.6738 14052.8730 6214.9360 0.0000 1232.7491 12706.8066 14551.4092 16651.1270 5863.6187 3598.8164 4272.1416 10889.9023 74.1401 18715.5957 10240.7275 9996.7871 5731.3267 13036.2217 10651.5146 9150.4658 13399.2910 4378.4487 3001.8630 12991.5205 8956.8291 17214.5410 10778.2725 1187.5415 7650.1802 13741.5967 6314.3286 15040.1250
14430.4893 24369.2969 15575.4443 8882.5820 0.5613 14758.2988 18220.5312 15267.5303 6679.1772 12616.0723 14589.1992 14648.9854 2674.7590 8381.1338 0.0000 12628.9199 10888.5674 7694.2148 14135.3330 6250.4229 0.0000 1206.8340 12670.8037 14382.3320 16619.4238 5620.5957 3615.6399 4282.7856 10858.4160 72.2220 18669.8027 10222.5664 10112.2500 5758.5146 13063.2051 10712.0762 9283.2314 13796.1973 4373.2310 2971.5002 12756.7812 8899.2285 17157.7168 10663.1895 1191.6929 7650.8750 13770.5703 6318.9175 15054.2305
14436.1855 24314.5156 15432.4570 8955.7559 0.4392 14732.0479 18309.9082 15154.0000 6665.1929 12571.1777 14612.6416 14809.7002 2671.3103 8423.1807 0.0000 12895.4941 10946.1475 7584.9233 14155.2236 6220.7593 0.0000 1190.6422 12725.8057 14381.9414 16679.9902 5720.0405 3616.5730 4304.9019 10890.0801 70.4770 18682.0820 10300.0166 10045.2168 5731.3599 13049.2070 10761.2393 9193.1309 13650.5088 4353.1475 2983.5957 12776.8789 8943.3477 17158.6543 10682.4131 1203.8937 7616.4116 13742.4590 6292.2852 15153.7764
14566.3359 24483.0547 15343.1748 8927.2812 0.4974 14728.3574 18236.9844 15180.6719 6719.7197 12593.8047 14599.4082 14716.8252 2602.2791 8396.7764 0.0000 12898.3877 10948.2373 7690.5840 14108.2324 6217.7231 0.0000 1230.0424 12697.9287 14450.9277 16653.8809 5710.9390 3577.3479 4267.8149 10903.3711 79.0458 18658.6250 10267.7363 10085.3135 5711.5015 13024.6826 10718.9365 9229.3018 13911.8633 4465.0713 2966.8279 12702.7588 8968.6846 17142.6016 10809.1904 1174.8469 7697.5776 13728.3369 6312.6250 15014.7061
14489.3916 24408.0664 15496.7529 8997.2002 0.5603 14709.5195 18310.8535 15177.6064 6606.8901 12542.9365 14692.7842 14748.8135 2643.5154 8334.2324 0.0000 12916.1299 10892.0576 7583.9155 14057.9375 6209.4058 0.0000 1310.5756 12653.8789 14282.6104 16671.9375 5651.4604 3577.3723 4243.8892 10796.9707 79.1556 18721.3730 10124.2920 10005.6221 5745.8154 13067.2666 10707.3467 9018.6846 13791.7148 4245.8384 2956.9341 12784.6113 8933.4141 17191.1172 10796.1123 1263.8508 7732.9546 13727.9258 6254.5513 15219.9971
14644.0576 24280.7812 15505.1816 8985.2441 0.6275 14724.6631 18279.3574 15146.3867 6660.8408 12548.1699 14616.0537 14628.9199 2613.3787 8394.1426 0.0000 12705.8574 10869.1123 7646.8281 14136.9072 6224.6372 0.0000 1291.0295 12660.9727 14457.5537 16636.1777 5750.9141 3572.6394 4266.3677 10783.4395 80.3682 18689.5312 10218.3926 10040.7852 5751.7881 13097.2529 10746.4902 9277.6230 13856.1504 4444.4731 3003.7158 12877.3408 8951.4424 17159.4004 10733.1660 1231.2047 7739.0620 13728.0107 6316.8447 15007.5010
14387.8662 24418.9941 15382.2588 8849.8652 0.5533 14760.0215 18290.7969 15301.7129 6572.7285 12559.6670 14538.3232 14601.7480 2620.2493 8269.0654 0.0000 12828.0176 10880.8457 7596.0571 14156.6270 6226.3960 0.0000 1242.0457 12551.4854 14405.3828 16706.3359 5806.0903 3598.5789 4285.3174 10748.8291 80.7474 18720.3262 10315.8721 10074.6367 5701.9077 13058.8955 10731.3965 9151.6357 13981.2910 4425.3135 2978.7092 12848.5586 8932.3486 17065.9316 10787.1240 1152.4547 7705.0137 13749.0664 6283.3516 15234.1729
14311.2842 24340.1641 15505.4238 9001.8193 0.5239 14766.2100 18242.0176 15153.2686 6625.4644 12515.1094 14600.2080 14665.4414 2680.6533 8372.3584 0.0000 12737.8320 10786.9697 7628.8267 14114.7764 6147.2969 0.0000 1279.5444 12579.5723 14514.3008 16623.7207 5886.7954 3578.2830 4301.4199 10828.9434 76.0601 18704.5742 10223.8730 10055.9307 5709.7671 13046.4258 10648.2031 9174.2021 13723.8838 4325.5332 2966.8787 12694.1895 8986.3779 17210.3789 10825.2021 1152.9276 7808.7456 13726.2656 6283.9214 15103.7646
14645.0938 24316.4629 15470.5088 9064.0273 0.5595 14692.0117 18234.0879 15172.2930 6519.3457 12593.3857 14749.2158 14648.3857 2636.6912 8370.4111 0.0000 12816.7363 10966.0869 7553.8965 14098.9434 6162.4414 0.0000 1257.0721 12638.4531 14610.3428 16517.6914 5664.9805 3546.0198 4231.7383 10777.9668 71.6715 18721.5859 10203.9385 10018.3955 5763.2944 13010.5742 10648.9658 9027.3818 14028.5254 4323.6509 2972.5659 12679.8252 9044.7324 17264.6660 10851.6133 1142.2445 7695.8027 13763.8623 6294.7007 15113.7568
14401.1123 24327.9980 15360.4072 8939.1523 0.5885 14749.7051 18329.6113 15148.9785 6588.2134 12535.4766 14599.3916 14763.5742 2621.8347 8491.9580 0.0000 12771.3848 11000.6309 7674.4624 14097.1904 6093.0469 0.0000 1286.6031 12552.8135 14626.8408 16595.6738 5920.0039 3568.0896 4258.2295 10852.4541 72.4629 18742.0039 10181.2764 9965.1484 5774.6416 13056.0244 10703.5371 9145.7041 13663.7500 4293.6450 2974.8496 12651.2695 9038.8047 17205.3750 10943.9561 1148.6392 7705.0586 13716.8877 6330.1914 15100.9395
14380.4482 24294.8906 15470.5635 8940.0078 0.4887 14734.8584 18156.0840 15148.6162 6609.3862 12578.8184 14549.6875 14685.6396 2658.7292 8340.9756 0.0000 12862.7314 10966.6367 7644.3853 14103.0977 6143.5815 0.0000 1304.3801 12557.1152 14119.6963 16653.5176 5803.5815 3582.1511 4265.1426 10734.0576 71.5363 18691.0781 10210.5742 10016.0771 5771.4629 13060.0947 10667.5459 9176.0107 14162.6738 4447.9321 3002.3801 12701.7354 8952.9170 17181.5859 10788.5732 1179.1278 7653.4019 13724.2979 6324.0181 15003.5723
14411.1826 24236.5684 15580.9463 9091.7002 0.6040 14773.5596 18118.1172 15289.5449 6623.6172 12610.5039 14576.9072 14523.7773 2628.3032 8356.6807 0.0000 12837.8369 10951.0869 7564.0903 14053.4258 6236.3330 0.0000 1239.3239 12705.5293 14487.0908 16701.8691 5789.9854 3607.2917 4239.6436 10852.1514 73.5547 18680.2109 10201.7441 10041.0293 5753.2812 13070.9141 10714.9541 9138.2207 13888.4170 4397.6118 2969.6504 12761.5166 8967.3584 17187.9355 10695.3047 1088.9854 7739.3223 13801.8799 6300.6079 15178.3740
14540.1748 24313.8340 15624.5322 8940.5957 0.5985 14811.2510 18235.0488 15226.4600 6613.9204 12619.8555 14730.8750 14677.7197 2654.0845 8304.3770 0.0000 12655.3838 10924.0762 7624.3457 14045.4277 6186.2549 0.0000 1219.8662 12696.9248 14349.8916 16633.2012 5754.4922 3593.3120 4265.6836 10852.1074 81.6022 18724.1406 10156.5889 10003.0547 5743.3525 13003.0732 10640.3838 9136.0547 13743.5811 4243.2075 2937.0059 13000.7520 8925.4639 17126.0215 10687.4287 1145.0164 7771.9736 13729.6641 6304.4277 15104.1953
14411.3047 24310.0215 15428.1650 8941.2881 0.6087 14661.6035 18125.1699 15116.5898 6640.7603 12575.2031 14531.1680 14746.7549 2676.2024 8448.2842 0.0000 12778.1123 10949.3057 7568.7993 14078.2158 6186.0317 0.0000 1243.2731 12594.8535 14743.7803 16633.8828 5698.9531 3562.5076 4251.9517 10700.5371 82.9155 18702.3984 10197.0986 10011.4902 5793.6724 13037.4805 10677.3389 9177.8604 13600.1201 4371.9155 2975.5906 12731.8545 8891.7920 17165.4473 10701.1143 1210.8610 7662.5166 13749.2109 6304.5215 15080.6689
14387.2803 24441.8535 15400.0791 8985.6650 0.5879 14783.2568 18216.4316 15190.6064 6621.4395 12593.4141 14561.1816 14656.9062 2674.4714 8382.3545 0.0000 12856.4170 10795.1494 7597.8921 14117.5166 6149.8364 0.0000 1196.8135 12513.0752 14428.5811 16714.5625 5859.7397 3556.8594 4239.1548 10819.6484 74.7160 18695.4102 10299.0029 10060.1289 5785.2808 13077.9736 10692.4434 9075.3184 13769.3086 4396.5669 2993.3962 12382.8135 8983.3896 17211.0703 10786.5342 1160.1416 7773.7637 13767.9102 6293.0239 15058.9492
14628.5312 24265.6016 15429.2529 9047.3789 0.5298 14788.5137 18377.0352 15296.9219 6541.6514 12581.9912 14728.7227 14578.0166 2673.9690 8503.5879 0.0000 12790.1982 10905.8037 7629.2559 14083.7754 6149.1909 0.0000 1208.9723 12696.0947 14425.8516 16626.8926 5763.9346 3572.7939 4231.5278 10868.7139 77.2940 18783.5059 10350.1201 10096.6973 5814.9121 13090.3857 10754.1611 9186.7461 13771.9082 4333.6870 2987.7207 12688.6182 8983.4238 17194.5840 10816.6611 1207.4635 7713.4883 13775.4951 6294.9648 15106.2803
14649.0850 24336.4922 15572.5537 8929.8496 0.3604 14725.2344 18319.0527 15201.7598 6535.2632 12600.9727 14634.8477 14624.5781 2637.0042 8388.9102 0.0000 12833.5918 10968.6797 7538.3262 14050.4512 6199.5083 0.0000 1207.9166 12750.1816 14442.1074 16595.5176 5616.0938 3575.6453 4235.7476 10832.1025 71.4568 18723.2070 10177.6729 9982.2305 5761.6914 13037.4092 10725.1875 9278.2275 13776.7959 4271.8252 2965.0559 12724.2891 8974.4316 17122.3594 10804.6338 1299.5576 7690.1104 13770.8389 6307.0723 15057.8652
14489.0908 24383.7793 15618.2871 9008.8594 0.5239 14700.5693 18340.2754 15232.9688 6553.8804 12593.7100 14529.0059 14599.3936 2676.5059 8324.9385 0.0000 12688.0283 10867.5088 7561.9312 14068.3789 6224.1948 0.0000 1242.3781 12662.7627 14402.8174 16544.3223 5721.3184 3576.9836 4238.6216 10875.8838 70.5012 18699.1523 10209.8662 9987.2773 5746.7905 13034.6172 10755.3135 9260.0010 14056.1699 4433.3384 2978.3306 12727.4004 8971.5000 17079.5566 10908.1348 1242.1877 7633.4878 13744.1318 6313.9087 15143.4707
