17723.6934 17004.4160 11038.5654 5348.8125 8783.9531 10586.5605 18258.1426 15393.9961 10233.1553 17476.7832 13968.3125 19798.2969 8983.3154 5147.1338 0.0240 23444.5176 11010.0117 8005.5308 13075.0791 6988.5054 0.0000 2920.3455 10074.6377 11707.6035 10915.9404 9557.2207 3908.0105 5687.0371 8818.7383 393.3182 15779.2705 10086.7285 11650.7568 8393.5645 16333.2393 14531.7578 7332.5410 13479.9258 6015.8228 4112.9160 8488.1123 10867.3789 17303.2754 8847.1445 2878.4187 7113.0337 19107.6250 7676.9268 10881.8721
17924.5840 17019.5254 11174.2939 5325.8691 8602.7236 10521.0752 18234.2520 15316.0410 10333.0518 17342.5918 13907.2012 19861.6699 9105.3096 5323.4028 0.0154 22924.5625 11072.8760 7991.8198 13078.5654 6921.9990 0.0000 2855.8928 10171.7422 11456.8086 11054.6592 9675.9512 3941.4382 5746.9072 8806.9814 380.5768 15843.1553 9999.7119 11591.6113 8339.1738 16389.7910 14568.5176 7270.8076 13661.1123 5757.0830 4119.4697 8512.6328 10909.1973 17396.0234 8820.1318 2935.5222 7190.4712 18935.3672 7690.4512 10890.0967
17838.2422 16964.2715 11128.9961 5303.7534 8933.8105 10397.3975 18431.7051 15419.6973 10300.3857 17369.2930 13903.6377 19809.6133 9122.0107 5216.6880 0.0224 23273.9062 11152.8320 7992.3198 12997.6670 6834.8135 0.0000 2829.1118 10235.6973 11529.8604 11089.5967 9616.8721 3938.4766 5762.6069 8850.5947 390.2825 15756.5137 10107.2783 11661.0400 8276.3330 16399.4512 14516.9980 7248.5532 13743.0811 5778.7178 4029.9390 8508.5430 10918.1729 17297.0527 8873.2842 2890.9502 7125.4302 18949.4355 7636.7666 10936.3525
17758.8730 16794.2305 11126.4902 5325.4565 9419.9209 10503.3613 18333.0059 15331.9648 10156.2461 17376.4902 13952.8115 19679.1035 8984.0674 5137.2822 0.0230 23205.7988 11064.7012 8010.2344 12986.0352 6987.9512 0.0000 2847.7085 10206.2539 11561.0117 10997.3730 9787.0000 3899.9775 5706.8667 8786.5439 375.6862 15734.6631 9959.0537 11691.2305 8435.8604 16330.6562 14408.2422 7397.7344 13538.8594 5769.1426 4067.3052 8367.3818 10855.2295 17327.9473 8789.6924 2891.9421 7215.9917 18980.0059 7585.8145 10864.5732
17935.0977 16909.6211 11017.3740 5252.8936 9299.3838 10598.1328 18453.0410 15186.9199 10266.7266 17374.3184 14038.0830 19911.7012 9134.9160 5109.9565 0.0211 23407.1777 11118.2637 8035.2749 13032.1797 6959.6357 0.0000 2834.1538 10142.5742 11443.4736 10983.2314 9677.9717 3917.7092 5728.6416 8736.2354 378.5383 15791.3926 10042.8633 11605.2480 8417.0781 16358.8604 14402.0381 7327.3623 13567.0635 5783.3721 4048.0369 8328.9648 10860.0283 17318.2031 8826.7256 2801.8687 7188.0518 18940.8770 7614.4292 10930.4678
17831.1680 16986.8730 10997.7549 5371.1055 8616.4170 10536.8447 18282.1914 15285.5830 10203.9688 17365.1719 14015.3057 19999.7285 9086.7822 5166.0679 0.0239 23222.3809 11078.5176 8042.8726 13026.7080 6875.5029 0.0000 2869.6487 10022.5664 11567.6572 10942.6758 9869.3311 3892.6975 5680.6733 8815.9287 374.9961 15766.2324 10110.3486 11569.3438 8411.4717 16336.1553 14407.0254 7332.6079 13484.5039 5793.4961 4076.7822 8382.8486 10857.9102 17364.2461 8795.3613 2559.7793 7231.6572 19000.7422 7586.1450 10913.4678
17837.2949 17018.6973 11190.5576 5344.7666 8339.6201 10529.5088 18343.5645 15283.0801 10373.0459 17418.2539 13919.0830 19811.1211 9148.8535 5227.7080 0.0205 23531.7246 11078.0303 8107.7402 13065.3682 6899.9580 0.0000 2919.7595 10096.2236 11374.5264 10983.8262 9624.2480 3937.1096 5737.3335 8900.3936 361.2264 15762.8154 10017.2822 11554.8086 8367.5215 16410.8828 14551.4531 7211.4971 13766.6631 5775.6821 4080.1882 8423.7998 10897.7148 17314.8848 8776.4639 2743.0784 7141.2593 18963.8691 7580.4258 10902.5176
18004.0000 17019.8906 11137.9961 5255.7446 8103.6499 10479.1562 18383.9531 15334.0254 10200.9961 17426.0840 14026.2930 19846.3535 9280.3105 5245.8687 0.0233 23495.5801 11094.4287 8030.5430 13011.1504 6872.4634 0.0000 2911.4355 10090.7910 11733.6504 11058.6357 9732.9102 3914.0664 5702.1855 8853.4170 371.6555 15810.6846 10118.3623 11612.2168 8381.8984 16377.8564 14477.9434 7336.6455 13718.2393 5654.9873 4088.0510 8600.4355 10961.0176 17338.2676 8741.2725 2786.5708 7170.0850 18917.2832 7530.5107 10964.4043
17945.9395 16915.9375 10994.6279 5281.5801 8231.0293 10725.5518 18429.9492 15319.8955 10277.9883 17462.4316 14148.7012 19838.2754 9156.7432 5220.4429 0.0254 23375.1699 10912.4102 7934.6284 13055.4014 6938.9380 0.0000 2916.4001 10094.6006 11497.7861 10961.5312 9820.7344 3956.9124 5695.9434 8779.6143 374.7112 15857.6064 10006.3945 11710.5371 8369.6729 16402.5840 14532.5127 7310.6294 13612.8623 5698.0312 4099.1011 8506.5703 10944.8896 17372.4141 8783.9004 2848.2068 7107.5166 19050.4297 7603.1714 10901.2646
17991.5840 17069.0410 10975.0322 5280.3618 8599.0967 10626.4922 18225.3066 15451.3125 10315.2832 17385.4785 14014.4395 19928.0859 9150.4893 5204.1934 0.0163 23447.9277 11129.6416 7980.1377 13083.4912 6920.4458 0.0000 2895.1877 10188.1777 11720.6113 11072.0098 9682.8652 3939.4468 5746.8828 8862.4854 381.7269 15830.7178 10070.0684 11704.6787 8367.4307 16321.1338 14468.5469 7195.5547 13324.5596 5876.2949 4055.1282 8415.7490 10911.3584 17347.8242 8781.6064 2797.3672 7023.8545 18933.0234 7608.9033 10934.5137
17849.6895 17019.9766 11009.9648 5299.2598 8367.1172 10546.2930 18284.8418 15322.9688 10205.6260 17382.6484 13995.8389 19909.1934 9031.5430 5178.1343 0.0215 23622.5156 11119.4893 8001.3350 13047.2344 6916.3721 0.0000 2848.5476 9980.8125 11488.6982 10998.3936 9564.0371 3920.1980 5691.3481 8881.9316 390.2371 15778.7129 10046.3438 11609.6328 8339.4590 16359.7930 14496.8555 7115.8159 13157.9170 5759.5151 4072.4768 8292.2793 10890.8369 17315.6445 8732.9639 2807.0444 7064.9478 18936.7344 7583.1362 10864.9580
17824.2266 16871.9844 11083.0400 5338.7896 8230.4531 10469.9102 18060.1133 15324.0293 10194.9766 17341.1211 13972.4053 19674.9004 8999.6377 5116.9028 0.0259 23029.0938 11094.3340 7889.7993 12957.6191 6882.9282 0.0000 2847.1401 10102.2852 11535.4121 10806.8779 9635.8994 3950.3997 5712.2925 8800.2568 376.0913 15861.3037 10053.4199 11577.3008 8557.0723 16257.2285 14504.5586 7425.4243 13523.5107 5910.5244 4150.7466 8375.3506 10824.0908 17328.3418 8743.3418 2860.2124 7064.6909 18944.5332 7605.4224 10926.2402
17860.2520 17072.3711 11051.4170 5311.1377 8439.4531 10580.7939 18337.8535 15188.8936 10175.6230 17381.6152 13999.2363 19663.1992 9202.4004 5169.1855 0.0206 23364.1680 10981.2754 7978.8257 12982.7354 6963.2827 0.0000 2895.6221 10147.9863 11456.0771 10816.8438 9490.1680 3935.3157 5677.8374 8735.9287 381.7836 15817.7158 9967.6064 11657.3564 8702.9404 16369.6973 14426.8154 7361.1675 13560.4014 5853.2339 4113.4199 8390.0293 10908.1582 17328.3203 8764.0986 2891.0408 7141.6914 18931.3789 7588.0571 10862.4131
17795.2246 16985.5391 11072.1953 5328.9565 8508.5439 10581.1523 18169.5488 15267.0420 10246.0283 17465.0977 14080.7139 19771.1055 9062.2188 5233.5117 0.0217 23491.6953 11100.9268 8032.4316 13050.5156 6991.8896 0.0000 2906.0535 10167.6289 11442.5488 10907.7812 9533.4277 3949.9780 5744.5928 8782.7119 387.1493 15750.4639 10088.8857 11614.7529 8412.4336 16314.0303 14478.3086 7332.3442 13563.0127 5852.3101 4115.4502 8428.3682 10823.9727 17221.6660 8727.7188 2866.4763 7163.0215 19013.7168 7603.4336 11021.1953
17904.6973 17092.4238 11030.1182 5379.4604 8463.5518 10581.5957 18267.1719 15269.2764 10302.5146 17447.8438 14043.8691 19829.6758 9224.6426 5176.8550 0.0234 23242.4746 11104.2764 8087.8013 13014.5518 6953.7241 0.0000 2881.9028 10115.3857 11513.1357 10962.2998 9755.1865 3915.6748 5745.0757 8809.8975 388.1752 15784.9521 10066.3154 11714.0488 8466.7832 16404.2227 14499.0039 7253.7358 13629.5752 5735.8911 4090.4390 8263.3994 10888.9512 17303.8555 8777.5879 2774.9146 7221.4893 18999.1836 7632.3154 11008.2627
17891.6055 16997.1543 11210.0469 5330.3999 8399.3838 10622.4424 18289.6934 15319.2158 10111.3926 17458.2266 13959.3740 19750.5664 9315.8271 5242.3628 0.0227 22999.4980 11076.8682 8028.1436 12994.6533 6945.8032 0.0000 2873.6692 10184.0752 11485.5996 10871.0518 9649.5137 3929.7429 5818.1538 8831.6201 380.5850 15827.1055 10056.2510 11569.9170 8512.2012 16374.4521 14476.2354 7350.4790 13717.0303 5828.2720 4124.8940 8543.7500 10914.9268 17280.7949 8708.7227 2831.3289 7186.7559 19067.3574 7576.2344 10880.0254
18063.2500 17074.5820 11137.8340 5280.1016 8400.8633 10579.1963 18327.1914 15229.7988 10131.8467 17469.1426 13985.7236 19816.6660 9280.0557 5254.2437 0.0251 23084.9609 11128.1045 7975.7861 13055.5889 6926.0952 0.0000 2864.4143 10210.6533 11634.0107 11033.2432 9555.8564 3907.4397 5700.2471 8779.0791 374.5112 15805.6592 10065.7285 11609.8447 8402.1230 16427.6016 14497.6172 7285.8652 13650.9297 5667.5645 4108.4019 8354.0537 10930.3643 17317.7754 8727.5664 2834.6404 7070.1885 18965.2324 7594.6265 10906.7070
17767.6895 17023.3789 11011.6719 5310.0566 8875.2334 10595.5928 18461.7949 15106.9697 10219.5234 17493.4766 14001.4033 19877.5879 9106.5908 5296.2397 0.0198 23813.9688 11026.1787 8094.4702 13063.3027 6924.4058 0.0000 2898.0488 10009.6465 11704.8613 11101.0977 9487.8477 3897.1409 5673.7559 8664.7139 370.5612 15822.8281 9929.8604 11643.7334 8406.7959 16393.8516 14514.4043 7177.6235 13554.5479 5821.8154 4050.7449 8342.3252 10903.4600 17310.1719 8919.9297 2763.5840 6898.8154 18888.2324 7591.0513 11005.0254
17765.9941 17242.9453 11091.9844 5372.0107 8942.9385 10621.3926 18385.9258 15545.4639 10099.6123 17393.9609 13954.3408 20028.3691 9061.4551 5303.1543 0.0193 23214.0254 11145.3320 8103.5215 13108.8096 7034.1646 0.0000 2890.6638 10078.6465 11526.6611 10957.2754 9615.8877 3918.1377 5716.6753 8767.2119 368.0974 15847.6260 10035.0449 11673.8643 8407.9785 16400.4258 14549.5361 7214.4346 13806.6787 5798.2920 4061.3071 8357.9873 10876.9541 17297.9883 8838.6289 2746.3542 7107.0283 18945.8516 7599.9951 10908.5498
17748.6855 16993.4902 11123.5596 5359.2500 8976.0059 10496.5449 18254.4375 15263.4062 10198.6904 17357.0000 13877.8672 19803.7363 9196.9600 5196.9800 0.0241 23104.9199 11040.8955 7984.8403 12944.6387 6878.4292 0.0000 2849.7339 10167.7109 11470.8896 11000.9551 9579.2822 3903.7346 5629.9375 8943.5107 382.9498 15728.1113 9975.8867 11632.5068 8383.4121 16282.7939 14463.4170 7267.4014 13739.4688 5731.6055 4053.8865 8458.5410 10847.1992 17269.3281 8802.7432 2847.3843 7162.3188 18936.7773 7601.7827 10821.2471
17905.3613 16861.3516 11107.7656 5295.1890 8847.0039 10632.5947 18120.8359 15345.1943 10277.2881 17279.8262 13872.4824 19801.9766 9174.2871 5250.1392 0.0240 23390.1465 11084.4922 7920.4849 13007.1592 6873.6260 0.0000 2881.6641 10095.2100 11474.6221 11018.6309 9569.3125 3890.1589 5687.0674 8847.3037 386.2837 15804.1387 10064.1475 11567.9600 8393.1396 16240.0469 14348.1602 7233.2588 13543.5166 5760.1401 4093.8198 8421.0244 10828.9502 17326.8633 8703.2539 2780.1243 7127.9170 18892.0703 7583.6802 10732.1875
17785.3457 16838.2441 10924.1729 5326.6392 8791.7256 10623.5752 18309.8867 15420.8447 10299.6748 17478.7188 14058.0156 19851.1035 9156.7598 5239.1245 0.0323 23317.8965 11076.2871 7956.4634 13062.7969 6910.0122 0.0000 2872.9900 10122.6973 11436.6260 10955.8848 9751.8975 3920.3616 5709.5332 8723.4160 386.1817 15856.4502 10053.2451 11651.7441 8429.4238 16343.2285 14435.5117 7248.2329 13420.3008 5804.0112 4074.5918 8210.9209 10814.7188 17390.7305 8790.0918 2726.1028 7092.5659 18890.3691 7574.2583 10857.9180
18056.9297 17012.5117 11088.1006 5289.1631 8806.1963 10627.6699 18169.8887 15351.2090 10237.1055 17438.1953 13966.4814 19943.1465 9084.0703 5180.6479 0.0301 23206.6191 11001.5068 8012.2251 13034.2354 6933.5977 0.0000 2880.1763 10158.1982 11691.9570 10991.2178 9681.0947 3916.8982 5714.7500 8808.1377 377.2535 15835.9385 10166.3477 11716.2295 8360.9629 16334.1035 14407.9463 7287.7837 13520.7588 5693.8101 4080.7468 8357.9727 10850.6875 17362.9180 8743.2744 2814.0835 7138.9238 18935.3340 7612.6738 10895.8164
17910.3066 17025.0723 11032.5156 5307.6729 8397.2773 10530.2637 18289.3477 15442.2832 10259.8691 17381.0098 13992.0693 19894.5586 9058.0117 5252.7393 0.0253 23409.3262 11062.9219 8094.5562 13060.9160 7019.5762 0.0000 2864.5813 10153.6758 11465.5342 10958.8262 9458.1377 3943.2207 5699.6929 8796.8457 370.5194 15886.6465 10099.2432 11706.2422 8371.8359 16327.7725 14538.6602 7155.7085 13621.3320 5658.6646 4132.6924 8365.2471 10898.5664 17363.4785 8728.6533 2886.3821 7201.6875 19045.6367 7641.9761 10974.7500
17938.6562 17149.6582 11052.8965 5288.8462 8584.2598 10623.8545 18332.0996 15436.5957 10328.8770 17402.5215 14099.8975 19935.6777 9170.0625 5298.7896 0.0213 23083.7891 11083.6465 7985.6558 13046.6738 6946.1431 0.0000 2839.0115 10131.7334 11411.5576 11032.4561 9649.6602 3900.1694 5655.1118 8951.1924 373.5875 15826.3340 10097.6807 11600.6006 8210.9072 16317.4951 14506.6973 7139.0923 13408.8281 5809.9185 4103.6724 8529.1084 10940.1826 17311.1855 8845.3652 2834.4436 7008.8223 19067.7910 7563.5615 10937.6094
17894.4160 17097.8965 11158.7285 5335.3804 8812.7764 10550.0010 18265.3379 15437.6426 10218.4492 17510.6914 14064.3506 19836.5000 9123.5381 5117.8848 0.0200 23063.3887 11019.4150 7995.9082 13045.6074 6975.1060 0.0000 2888.7263 10112.7969 11572.8594 10958.9912 9496.0977 3923.3445 5719.5288 8863.9512 368.3262 15777.5283 9939.5146 11586.3496 8324.6924 16312.1504 14452.7979 7144.6807 13717.5576 5660.5903 4058.3379 8626.1553 10899.1533 17287.9727 8843.0938 2910.1772 7106.0601 18913.9121 7617.0850 10888.7568
17949.2227 17003.5293 10962.2217 5258.6680 8961.8018 10564.9775 18276.4727 15297.9707 10301.4805 17311.6816 13964.0625 19995.1230 9156.2100 5181.1934 0.0161 23467.6934 11037.8203 8002.9614 13075.3154 6897.9180 0.0000 2930.4705 10236.3271 11528.7285 10834.2119 9712.7012 3957.8521 5693.7212 8753.6650 378.9063 15871.6592 10003.6758 11637.9131 8383.4004 16377.0947 14436.5859 7385.1870 13566.2646 5900.7012 4127.0190 8498.8506 10905.1670 17333.7949 8775.6826 2858.8206 7248.6245 19206.0527 7533.2441 10990.5479
17960.2598 17054.8066 11013.5928 5291.7915 9008.0908 10610.0420 18256.4590 15374.8955 10209.6748 17208.7871 13982.1787 19938.4082 9153.6787 5353.2510 0.0121 23138.0957 11069.9092 8136.1499 13178.1904 6960.7036 0.0000 2871.6191 10218.4346 11564.5527 10787.3672 9583.2402 3934.7046 5725.2319 8795.9561 377.9562 15906.1846 10175.8398 11683.0625 8394.3730 16353.8887 14498.6689 7374.1255 13590.0127 5982.2563 4099.4771 8327.7412 10960.5918 17410.7773 8810.1875 2644.7812 7067.8799 19334.6953 7644.2739 10955.8994
17853.3125 17169.3848 11019.5332 5318.4336 9057.6084 10640.8174 18351.4707 15208.1104 10242.7480 17419.8496 13927.6592 19946.8262 9101.2881 5279.5308 0.0165 23355.9785 11116.1885 8054.0215 12993.0918 6919.9424 0.0000 2823.2642 10158.9766 11492.9424 11113.0361 9590.7148 3901.0208 5721.9971 8940.2822 393.9852 15858.5957 10022.4805 11574.6738 8492.1592 16380.2793 14526.6416 7279.1787 13449.2197 5728.9780 4049.1289 8458.9609 10929.3545 17435.5586 8854.9268 2745.5037 6991.4600 18910.3262 7589.5640 10884.8320
17751.6289 16934.2832 11023.9375 5268.8022 8888.8076 10448.1719 18472.5059 15273.2656 10058.6885 17414.2246 13983.1631 19693.8926 9223.1055 5242.4370 0.0203 23374.1094 11129.9277 7968.8638 13000.3770 7060.7163 0.0000 2865.3274 10087.8506 11539.1445 11112.7539 9654.4453 3903.5381 5678.3569 8784.6045 373.9174 15775.0264 10011.5391 11588.3398 8318.1123 16378.7822 14455.1934 7174.7871 13684.2529 5807.3979 4028.4387 8463.8145 10933.3857 17345.2617 8806.1934 2691.0520 7244.6387 18940.3203 7598.0015 10983.3545
17964.8418 16949.3926 10933.9531 5254.2212 9126.4307 10698.5840 18602.1426 15307.2441 10306.2812 17371.7207 14095.3770 19785.6562 9176.2881 5216.8374 0.0182 23102.4551 11154.7188 8060.4512 12971.3105 6965.9160 0.0000 2893.7600 10085.9053 11322.2324 11123.4229 9642.8125 3879.0950 5733.5161 8867.4268 376.5719 15821.9141 9970.8350 11627.9658 8404.2637 16361.5059 14487.2334 7214.5942 13553.9736 5663.6392 4071.9875 8530.3037 10847.3789 17265.8770 8856.8154 2926.3411 7125.7637 18908.5176 7600.4814 11031.5850
17931.6914 16993.6348 10914.5957 5297.0161 9159.9453 10610.6934 18299.5156 15313.4404 10193.0547 17369.0840 14091.8311 19832.4961 9183.6113 5220.0728 0.0194 23133.4844 11155.7715 7992.3828 13084.0010 6922.0156 0.0000 2916.9326 10227.0732 11620.2354 11074.3213 9790.7568 3876.5151 5651.5073 8858.1514 370.5158 15800.9238 10035.5986 11719.5166 8430.3115 16315.8535 14543.2168 7366.3291 13588.2891 5837.2285 4038.9678 8626.1162 10916.8369 17274.1895 8857.5674 2803.1348 7124.2217 18853.9805 7687.9102 11002.0527
17923.0645 17132.9297 11276.1279 5266.9976 8504.3955 10617.3154 18276.6523 15441.4160 10151.1025 17331.9707 14104.3066 19964.6211 9295.2227 5161.2720 0.0203 23710.9414 11103.5693 8064.3564 13040.5156 6903.6401 0.0000 2859.7527 10155.1826 11529.5986 11095.3008 9542.4541 3884.8306 5654.2529 8713.8760 389.2465 15797.8379 10060.4736 11589.5693 8497.8545 16406.4004 14522.0928 7363.4883 13396.3164 5806.4585 4135.3096 8309.7842 10954.7891 17276.7598 8793.5850 2827.8057 7213.4204 18990.6484 7622.0029 10849.4434
17824.4883 17169.0156 11105.7402 5295.2383 8662.0205 10585.2451 18392.8457 15403.4492 10296.3340 17370.0059 13974.7129 19823.0547 9148.2959 5273.9131 0.0138 23438.2109 11124.5664 8001.0537 12976.3584 6875.6641 0.0000 2852.2393 10120.9268 11336.4404 11062.3838 9538.6270 3932.4734 5742.8418 8851.6299 378.8353 15839.8281 9993.1211 11660.4414 8386.9141 16428.5254 14562.5479 7221.2080 13769.3945 5771.8359 4097.1616 8415.2256 10947.1592 17401.5645 8837.0312 2917.6545 7090.2275 19019.4414 7619.8291 11011.7891
18070.3262 17108.5371 11080.4365 5310.1260 8937.1816 10563.8125 18271.8496 15345.0850 10144.8232 17432.2832 13895.9482 19981.2578 9033.6826 5171.4014 0.0200 23328.5391 11029.7080 7968.4155 13042.5078 6985.4492 0.0000 2854.4836 10042.9395 11435.6514 10962.3457 9526.2188 3927.5667 5692.5747 8901.1719 381.2967 15808.4043 10026.2314 11676.9922 8481.0938 16407.3105 14394.1807 7209.9556 13625.8213 5811.2505 4065.9194 8409.3457 10922.4092 17419.0527 8800.4307 2859.8445 7037.0093 19031.6387 7639.4790 10806.3105
18056.6660 16958.2344 11095.0674 5410.5586 8753.2012 10625.4697 18229.8691 15373.2295 10210.7520 17487.7012 13968.1240 19878.3887 9154.0303 5243.2627 0.0295 23328.7285 11140.0986 8163.2100 13057.0557 6943.6401 0.0000 2896.2495 10174.7305 11657.8682 10844.8916 9671.7041 3909.9963 5714.3970 8857.9404 382.4723 15873.9346 10053.5635 11635.4795 8438.9033 16366.8086 14457.3252 7427.7490 13457.7412 5838.7153 4089.5579 8518.9727 10900.9102 17355.6426 8863.7607 2837.2510 7184.5493 19149.5020 7617.0283 10903.1094
17936.9961 17018.1406 10989.2861 5317.8101 8761.1191 10616.9121 18418.7441 15362.4160 10301.2061 17438.2793 14148.6367 19878.8555 9232.6367 5288.1948 0.0275 23636.6367 11086.3271 8090.4814 13049.8906 6953.6743 0.0000 2864.0322 10081.1357 11503.3203 11005.5557 9715.6982 3938.6655 5649.1484 8733.6211 381.4185 15884.3252 10007.1064 11623.1670 8378.3281 16396.2109 14468.5527 7381.0796 13646.8633 5861.2720 4088.2917 8516.4443 10870.8594 17377.0273 8862.1191 2935.7620 7106.7441 18944.3145 7589.9185 10922.8506
17771.3574 16972.8887 11051.0576 5314.6875 8620.4150 10634.6719 18316.3086 15419.5732 10329.4541 17425.8320 14039.3848 19773.6816 9122.3213 5264.0605 0.0202 23386.7070 11061.9326 7990.9634 13075.7158 6960.9883 0.0000 2831.8977 10179.1709 11480.1436 10953.2539 9658.9248 3949.7417 5726.4844 8791.4805 391.2027 15820.8379 10082.5234 11579.3535 8442.0420 16323.9785 14450.3721 7222.6060 13359.1377 5780.4268 4093.9231 8391.8213 10906.4668 17250.9434 8840.4150 2884.5889 7157.6919 19018.0176 7607.8242 10892.4502
17961.3359 17131.0176 11181.0146 5281.0264 8818.1611 10552.4395 18296.0859 15258.6533 10230.3223 17461.6758 14050.8213 19860.9746 9044.2354 5207.6689 0.0159 23327.0488 11165.7285 8082.7485 13025.2520 6919.7012 0.0000 2867.7263 10046.5693 11474.3994 10947.6699 9669.4404 3886.8887 5741.8721 8954.6660 384.5307 15780.5303 10029.7891 11528.5654 8440.2646 16326.3955 14479.7627 7271.2065 13375.1885 5755.9351 4070.7122 8578.9932 10916.2725 17329.5078 8834.2969 2798.0938 7046.6895 18875.8789 7566.6240 11001.5713
17691.5918 17001.3574 11188.6621 5373.9380 8947.1689 10570.0264 18230.4121 15304.6797 10264.1602 17382.5117 13941.8506 19805.6133 9049.6416 5225.6670 0.0256 23486.3262 11074.4131 8004.9717 13056.9863 6956.3960 0.0000 2896.4121 10139.4316 11438.5029 10970.1943 9719.5088 3929.2153 5687.7217 8921.2461 385.1162 15820.4229 10114.7031 11666.7666 8417.4365 16348.8301 14569.2861 7304.5952 13695.0732 5758.1309 4075.4797 8697.0918 10899.7637 17334.7617 8828.6309 2835.3650 7090.7876 19017.6973 7626.4482 10897.0244
17896.6250 16958.3711 11065.7803 5234.9741 8579.2881 10594.5127 18277.2969 15344.0723 10202.1621 17349.8828 14075.9873 19773.9297 9108.6270 5202.3662 0.0310 23472.6484 10997.3301 8058.3940 13031.6377 6937.9785 0.0000 2870.0425 10186.8438 11335.2969 11056.2900 9650.5830 3924.7295 5733.4297 8793.3564 388.6976 15863.0146 10006.5420 11566.5518 8411.0381 16363.0605 14438.7861 7357.0806 13552.2471 5772.5093 4058.2849 8562.5771 10913.6484 17432.2109 8819.3672 2619.0146 7085.2368 18917.6738 7606.6758 10886.7793
18055.6406 16957.7598 11035.2070 5283.3384 8554.1621 10536.5557 18342.3574 15304.4277 10304.4189 17487.2051 13978.0723 19773.2910 9168.9268 5259.1255 0.0187 23012.0059 11076.6309 8057.1221 13023.5117 6914.3252 0.0000 2887.9617 10012.4219 11491.1533 10984.5205 9749.0674 3944.1692 5757.0498 8765.0107 380.4584 15802.4717 9982.8975 11605.4834 8417.5625 16415.9707 14445.5889 7308.2578 13732.1006 5796.4697 4115.6846 8574.7891 10898.6895 17347.3613 8845.3037 2995.6494 7136.2393 18899.7266 7572.0830 10985.8066
17836.3281 17047.6133 11146.2861 5287.7109 8480.5625 10578.3506 18364.7148 15367.3408 10271.9863 17336.6934 13923.7998 19930.3945 9209.5752 5310.9570 0.0154 23441.8906 11166.6904 8004.5977 13037.0156 6987.2642 0.0000 2882.8501 10105.0088 11683.8682 11022.5703 9533.0859 3938.8979 5732.3755 8812.0840 387.7013 15799.9951 10018.9023 11705.2969 8460.9980 16441.9316 14506.6348 7254.8291 13595.8750 5732.9355 4122.5093 8419.9336 10942.2285 17397.0781 8780.0947 2818.8770 7188.9614 18968.3613 7657.9717 10927.1299
17823.4395 16865.0820 11046.0244 5284.0156 8618.5391 10571.7246 18366.1699 15275.2402 10236.0664 17416.6797 13966.6680 19977.4512 9033.7354 5194.2905 0.0247 23569.0449 11061.2061 7936.4937 13075.0957 6933.1670 0.0000 2814.3042 10108.5693 11454.0254 10991.4180 9651.9658 3934.5474 5746.0767 8828.5791 383.8236 15809.8818 10082.6533 11598.1846 8406.7402 16396.3418 14499.9551 7395.6406 14015.5029 5792.5234 4093.1902 8500.2803 10908.5244 17348.0215 8754.8896 2855.7170 7103.9468 19021.8711 7600.1670 10883.3848
17819.4395 16959.8750 11085.9629 5233.2930 8756.9131 10551.2168 18396.6875 15338.9072 10264.3770 17378.7617 13981.9424 19827.6914 8952.5518 5214.0762 0.0258 23269.5293 11123.4424 7879.1528 13036.7422 6892.2510 0.0000 2874.8774 10107.0283 11552.6953 10967.6973 9471.0723 3930.9109 5650.4185 8925.7451 375.3806 15800.1904 10074.5898 11610.6396 8470.0186 16351.2949 14545.6855 7237.8369 13412.7178 5767.5439 4062.0264 8422.0010 10895.3447 17200.2520 8784.2627 2851.6372 7177.5366 18968.5586 7594.1221 11070.3076
17961.2402 17053.0078 10931.2959 5322.7471 8780.9902 10445.1611 18299.4121 15267.9229 10260.6104 17338.7207 13889.9834 19879.0176 9198.3926 5172.9546 0.0245 23349.1172 11156.4092 7941.3979 13036.4463 6927.0176 0.0000 2876.0703 10252.9502 11488.0186 10871.5254 9775.9795 3897.6399 5710.1436 8872.9482 363.9063 15801.7617 10068.6973 11694.4277 8444.1973 16357.8584 14475.9717 7313.2705 13748.1260 5814.3149 4097.8462 8479.3770 10850.4004 17314.7773 8800.2139 2733.7334 7054.7461 18965.5508 7588.6577 10863.6299
18057.5938 16862.6152 11092.3477 5306.3120 8723.4033 10578.1729 18165.9590 15233.6621 10286.5898 17375.9688 14094.0752 19717.9570 9009.6445 5242.2568 0.0274 23086.0801 11038.5508 7977.3481 13044.1631 6955.4907 0.0000 2840.8831 10034.1328 11746.2783 11018.8262 9704.0566 3926.0071 5718.0093 8704.6289 378.7991 15775.7588 10054.0449 11654.1416 8415.5898 16363.9502 14499.6299 7319.9175 13467.8760 5823.1929 4132.9341 8276.9355 10852.4180 17314.8184 8775.3115 2837.7734 7068.0981 18959.7285 7635.0571 11046.1426
17830.1426 16935.0762 11057.6182 5301.5098 8815.0264 10536.5303 18406.7266 15407.5752 10152.5635 17351.8887 14073.5391 19782.6855 9104.8701 5264.0024 0.0235 23406.5000 10966.2266 8116.9937 13053.1992 6912.1797 0.0000 2914.4585 10082.6826 11528.9385 11015.6465 9813.5693 3936.5046 5718.3286 8726.8584 382.0561 15732.3193 10054.3994 11671.0371 8362.0254 16337.4648 14409.9746 7337.2402 13684.9727 5753.6221 4018.0774 8444.2539 10887.8887 17290.5215 8820.9961 2889.4897 7196.9932 18958.7324 7604.0962 11023.8809
17789.4180 17037.2090 11177.4531 5346.5688 8707.9336 10549.5850 18401.9414 15299.8105 10175.2256 17425.5684 14000.1494 19786.6562 9074.2949 5160.8765 0.0192 23687.2812 11159.8496 8066.1021 13000.6484 6924.3945 0.0000 2906.5261 10070.4414 11378.7061 10940.4570 9687.9844 3919.3149 5701.2627 8814.4160 365.2370 15776.1289 10054.6846 11597.3281 8346.7656 16297.3096 14472.1162 7307.0947 13754.7412 5682.1250 4028.9033 8430.2852 10837.0420 17250.4258 8785.6104 2934.4092 7144.7461 18904.8828 7612.6665 10809.1748
17863.4082 16899.2637 11026.1426 5380.5269 8360.0713 10475.3496 18371.3691 15163.5869 10222.1172 17423.5469 13907.9014 19796.0000 9152.3926 5219.7676 0.0230 23122.6953 10995.3750 8020.5347 12999.9932 6896.8794 0.0000 2855.9539 10014.8096 11581.9033 11028.3857 9715.8779 3912.9487 5729.0815 8825.8994 387.6175 15744.4746 10101.9199 11709.3789 8421.8682 16313.1162 14469.7773 7356.3906 13660.8369 5833.4463 4113.6904 8466.9434 10867.7100 17270.7988 8701.3906 2872.6729 7243.7783 18956.1367 7605.5762 10784.3896
17794.2090 16976.9297 11038.0420 5288.7690 8737.6084 10489.9004 18322.0645 15287.9385 10140.3457 17367.4023 13945.0293 19894.5156 9144.6641 5170.0391 0.0190 23380.7070 11002.2012 8051.9663 12991.4297 6920.7466 0.0000 2902.6357 10075.0957 11493.6777 11043.4473 9649.9688 3884.9087 5660.6489 8716.8975 384.8952 15824.7793 10029.4248 11626.1826 8403.9639 16332.1826 14535.2695 7342.2456 13551.8555 5689.2793 4098.0210 8440.0068 10932.8369 17333.4746 8807.0303 2816.0974 7189.6714 18941.0742 7597.3848 10915.6904
17909.0918 16992.8594 11049.1641 5277.5098 8516.0205 10467.7314 18254.8086 15220.2217 10193.4902 17360.1172 13888.9404 19618.2188 9114.9951 5129.9443 0.0238 22954.6973 11070.0000 7992.8159 12967.1592 6911.5957 0.0000 2867.2183 10218.4248 11373.6260 11048.6270 9676.5439 3938.8596 5780.8125 8736.3408 363.0956 15717.6211 9967.8291 11650.9395 8358.2588 16215.1611 14374.8828 7227.6763 13641.5850 5720.1372 4095.3840 8483.5879 10846.1133 17303.4121 8800.2549 2993.3621 7132.7363 18890.6250 7540.5884 10867.8809
17832.8340 16779.7461 10919.9561 5328.8438 8561.1367 10584.7441 18160.3242 15303.6172 10081.7666 17398.6719 13851.1123 19870.8730 9064.9023 5193.9785 0.0183 23286.8516 11078.9033 7952.3799 13062.5098 6915.1255 0.0000 2880.8674 10115.9980 11630.8789 10955.1553 9701.2891 3940.2820 5758.7549 8750.0273 380.9968 15705.8525 9966.2822 11580.3418 8351.1309 16273.3545 14395.0947 7197.5503 13467.1562 5879.0981 4033.0564 8343.4854 10860.5039 17214.7109 8749.4609 2811.3345 7161.9878 18878.2715 7622.1475 10882.8809
17695.7598 16912.9316 11088.9990 5331.0723 8750.1895 10459.1641 18129.1016 15189.5459 10287.7949 17385.6621 13913.2559 19789.2676 9165.4912 5166.3628 0.0161 23291.5742 11032.2158 7986.4692 12976.4805 6917.0093 0.0000 2858.7075 10101.8857 11543.4189 10882.0713 9615.5859 3942.4177 5770.4722 8726.0547 388.3490 15701.3809 10041.4834 11628.8594 8338.8037 16331.1895 14568.6748 7299.4722 13733.4971 5846.5786 4078.0320 8228.8125 10868.2139 17285.7793 8776.8896 2829.8472 7177.6855 18956.8730 7625.1025 10953.4521
17708.7324 16924.8672 11156.7051 5312.1855 8585.8164 10456.8467 18222.8926 15295.5996 10228.2773 17441.3262 13858.1338 19969.4082 9153.3145 5161.6289 0.0251 23138.3164 11080.4688 8064.3867 12999.7607 6813.7642 0.0000 2869.6592 10046.0068 11638.0947 10937.6758 9754.1553 3918.8562 5741.0957 8888.1123 387.3680 15783.1436 10075.0127 11562.9111 8295.1240 16312.9424 14488.2500 7452.3940 13595.8555 5884.5913 4102.8467 8384.4922 10872.3682 17360.8086 8722.3896 2862.2104 7170.8188 19003.9375 7605.4844 10800.8672
17703.0430 16829.3516 11079.8965 5356.9639 8929.7148 10375.8506 18228.3125 15339.9492 10240.1523 17471.8496 13932.8887 19664.1465 9071.6572 5149.3149 0.0180 23110.9785 11028.4746 7972.2148 13046.3340 6926.5635 0.0000 2888.2053 10144.4521 11577.1553 10974.9863 9665.1865 3935.8020 5703.1582 8855.6006 360.8723 15820.6895 10025.8232 11627.1963 8287.5078 16363.7139 14494.1113 7208.0488 13818.3477 5838.4321 4121.2080 8440.2744 10858.2871 17433.6699 8763.2402 2762.5278 7081.1104 18984.6367 7648.8081 10852.6191
17880.5371 17011.1094 11158.7373 5400.3262 8472.4033 10509.3008 18397.3359 15458.9395 10225.7559 17508.0312 13972.2412 19806.0020 9040.3154 5093.1025 0.0234 22880.6680 11037.6494 7913.5103 13056.2109 6918.2749 0.0000 2898.8979 10108.1260 11658.4844 11012.5928 9721.3672 3916.1785 5654.5298 8875.5195 371.8211 15786.7471 10026.6543 11638.5859 8441.7227 16460.7812 14521.1348 7173.7690 13623.6533 5798.8911 4119.7090 8409.2070 10872.0625 17439.4121 8760.1348 2816.7432 6989.1768 18927.5566 7600.2700 10831.9297
17758.7441 17071.6836 10980.3496 5430.7378 8192.0986 10576.3145 18301.2559 15317.9375 10391.2139 17404.3770 14021.1436 19661.6914 9042.4688 5198.6133 0.0269 23303.8262 11074.3398 7969.6558 13122.7373 6911.9204 0.0000 2895.2864 10155.4004 11697.9785 10989.8838 9800.1875 3964.5195 5721.3550 8857.8262 391.3536 15768.6592 10007.5859 11668.9434 8427.5898 16354.8691 14457.6924 7300.4424 13564.9727 5895.7168 4096.3950 8460.7725 10810.2568 17383.3242 8664.0381 2798.0247 7141.9443 18943.5176 7685.7993 10801.3682
17930.0820 17042.6562 11097.7891 5317.6519 8545.4473 10435.0000 18464.6504 15394.1797 10423.2217 17430.8105 13948.6416 19693.9160 9142.1963 5134.6572 0.0194 23552.8770 11024.3037 8013.6172 13086.3779 6943.1895 0.0000 2835.8284 10163.8213 11460.3389 11023.3174 9599.7285 3924.5703 5738.2212 8789.6211 392.9079 15771.3945 9955.4121 11601.1348 8368.7617 16382.1465 14403.4883 7171.2793 13267.1719 5714.9873 4068.6162 8287.0400 10855.5488 17327.9922 8758.4209 2637.7368 7250.5869 18919.9082 7613.6646 10874.1533
17939.6797 16897.3770 10986.0234 5312.2241 8699.5977 10546.4326 18353.6973 15312.2109 10207.7871 17360.2109 13975.5400 19582.6602 9073.5879 5196.1685 0.0206 23149.7969 11029.5371 8049.4307 12977.2510 6928.1445 0.0000 2878.7197 10280.9199 11615.1777 10885.1025 9585.7920 3939.9531 5705.8105 8828.9688 390.1885 15737.1689 9987.0049 11538.3984 8444.2832 16363.9980 14494.6836 7238.7031 13607.3711 5865.9487 4084.4661 8237.4463 10899.3086 17252.7754 8771.1289 2741.5110 7221.9409 18934.1191 7589.2329 10874.2744
17928.3672 16956.8867 11003.6797 5319.5327 9147.6172 10548.5703 18444.3574 15325.7188 10254.1455 17403.6484 13952.5557 19903.2305 9089.1104 5138.1289 0.0196 23350.2227 11024.1914 7922.4814 12978.0332 6924.8745 0.0000 2907.8855 10185.8350 11631.3311 10993.1855 9636.0889 3921.1323 5761.4766 8892.7148 381.7463 15780.5137 10136.2939 11640.3018 8448.3760 16385.1074 14510.3730 7362.9453 13097.6533 5852.0522 4114.1089 8302.1572 10860.0654 17299.5410 8820.6016 2769.4917 7157.6709 18953.3125 7586.0840 10866.2529
17839.4766 16947.5234 11157.1436 5365.7075 9180.5869 10526.0801 18373.1328 15284.5596 10302.3301 17402.4277 13993.0400 20011.0684 9227.4141 5139.4243 0.0197 23301.6777 11017.3105 8033.8330 13002.8945 6825.7559 0.0000 2890.5503 10051.2373 11678.7861 11054.7900 9847.4990 3874.4434 5745.2451 8834.9736 369.4729 15778.8467 10041.5645 11652.1211 8377.5508 16403.2930 14476.6855 7351.9526 13606.9688 5758.9771 4011.1936 8391.0693 10908.2500 17448.2988 8929.8691 2703.1865 7225.4048 19011.4551 7621.6499 10948.6758
17705.2051 16974.8340 11062.2998 5314.0771 8944.4043 10500.2295 18154.0156 15276.6562 10333.5645 17310.4668 14014.5410 19889.5254 9090.5977 5109.9204 0.0258 23278.6055 11006.3447 7889.5142 13060.5732 6986.9512 0.0000 2854.1360 10160.7227 11855.8242 10898.0566 9749.8164 3880.8477 5689.6577 8731.1611 368.3100 15828.4980 10025.7969 11601.6621 8449.0498 16351.5273 14595.8740 7301.7524 13546.0859 5856.6479 4070.3604 8565.0645 10931.1865 17330.7793 8783.5635 2780.7976 7199.8179 19021.9941 7630.7129 10863.2432
18001.4609 17011.3262 11070.9336 5410.6504 8607.9531 10428.5820 18508.0449 15336.6611 10330.0186 17413.0488 13948.4170 19896.7129 9075.2969 5122.8218 0.0220 23322.4941 11066.5635 8025.7534 13044.8721 6859.5347 0.0000 2885.7832 10178.2256 11725.8779 10974.8193 9695.1924 3927.1431 5735.4692 8801.3623 371.1718 15802.9316 10118.3555 11638.2139 8470.7578 16335.0986 14492.0186 7296.3691 13797.4248 5783.5771 4160.9512 8414.5244 10856.7822 17251.2363 8742.3242 2652.2200 7085.5249 19026.6660 7644.2471 10936.6602
17903.2871 16902.8711 10962.6406 5357.5166 8560.7012 10565.8691 18485.6055 15408.2969 10203.4746 17344.7793 13913.0254 19745.9316 9103.4785 5102.2388 0.0158 23176.6914 10955.7148 7989.8770 13065.7129 6858.3184 0.0000 2918.0413 10176.0684 11558.2168 11043.9756 9780.3691 3904.8174 5718.1079 8838.8184 370.0511 15759.9580 9942.9111 11672.1250 8410.7979 16367.3203 14477.2959 7261.4805 13766.9092 5989.9565 4068.8245 8399.6309 10825.6279 17327.1895 8761.0977 2712.3254 7184.9526 19017.0703 7640.0195 10863.1055
17924.4688 17006.7656 11009.7178 5341.0425 8734.7090 10547.3164 18257.1934 15347.8311 10281.0254 17409.5352 13897.1377 19781.1289 9024.1562 5051.4995 0.0210 23129.8730 11114.8867 7916.2690 13074.1543 6959.5532 0.0000 2878.2627 10092.6973 11734.3564 11024.9258 9790.7178 3927.6821 5746.1528 8739.7178 397.0841 15820.5664 10069.3779 11714.1934 8403.1367 16297.1826 14401.0000 7260.8364 13458.3057 5867.6733 4094.0095 8379.6738 10846.6211 17395.3574 8806.7402 2952.4102 7154.0093 19026.7676 7602.3032 10921.7578
17985.9297 17051.7363 11088.5781 5400.1187 8508.3584 10641.5049 18349.3926 15205.0186 10408.5400 17378.0586 14030.7891 19780.2090 9124.8828 5059.6182 0.0218 23388.8047 11009.5996 8014.7300 13060.9902 6935.1978 0.0000 2864.9746 10116.1816 11654.5820 11092.3613 9633.7754 3941.6401 5788.9819 8765.9033 404.0232 15883.7207 10092.6104 11718.5879 8470.2686 16337.7764 14384.7490 7175.0112 13611.7998 5753.5229 4108.0210 8371.9492 10923.6006 17364.2480 8791.0410 2746.4949 7161.8628 18933.2891 7622.1006 10886.9326
17922.4336 16965.4629 11089.3193 5380.3042 8362.4385 10575.4209 18205.0039 15364.4531 10189.9414 17392.9082 14019.4854 19904.4941 9251.2949 5217.3110 0.0156 23245.6191 11093.4014 8022.7085 13044.7080 6936.8306 0.0000 2848.7114 10201.4609 11647.8008 10987.4844 9699.9834 3879.0757 5645.2803 8640.4912 382.9404 15770.2275 10090.2783 11605.1787 8415.8096 16399.8555 14453.1582 7441.4849 13601.3271 5747.6138 4065.9019 8189.4668 10909.0049 17272.8789 8748.9834 2674.4802 7203.1499 18982.7812 7602.2695 10973.9961
17780.4844 17032.8516 11286.3643 5330.8540 8421.0889 10639.8916 18272.7734 15340.8418 10246.3887 17424.2070 14034.4629 19915.9141 9055.8789 5194.1069 0.0207 23333.4648 11027.5869 8031.9663 13124.2695 6903.7363 0.0000 2858.9695 10088.2363 11385.8164 10978.1855 9833.8662 3912.1467 5728.8921 8741.9688 372.0259 15743.1240 10044.1348 11626.5820 8360.6963 16377.1182 14467.8018 7221.3174 13559.1553 5859.7300 4082.4072 8093.2358 10907.2246 17253.9199 8741.4521 2784.1741 7090.7515 19008.9492 7603.8872 10767.4209
17903.2480 16966.0000 10867.9941 5244.8657 8492.2236 10565.2207 18373.2129 15423.4990 10361.7324 17461.3086 14069.9473 19887.3887 9140.6357 5276.6626 0.0277 23283.1914 11099.7881 7947.9248 13115.5146 6932.4819 0.0000 2885.1404 10204.0830 11504.3008 11001.0703 9586.4893 3938.7261 5711.9272 8779.2383 379.2059 15800.9805 10072.2061 11706.4395 8415.5508 16378.7939 14495.4023 7396.6304 13650.4443 5761.9795 4090.3005 8334.4961 10889.1846 17238.0488 8802.7080 2825.1392 7150.7534 18978.1738 7603.2734 10947.0859
17852.4258 17033.8164 10978.6611 5340.7559 8384.8291 10714.9199 18434.0020 15323.9404 10287.5518 17339.7871 14061.2383 19739.2832 9165.2627 5242.5244 0.0342 23290.0918 11069.5908 8053.7974 13080.2207 6892.2012 0.0000 2858.4221 10044.6855 11480.9131 11049.6611 9735.7100 3954.2063 5704.6206 8741.0645 374.1974 15854.2041 10077.1523 11678.7031 8386.7539 16403.3184 14503.0947 7163.1973 13470.7891 5739.4390 4064.7605 8315.3633 10950.6094 17343.8672 8769.8584 2824.8516 7243.7969 18955.8086 7596.8691 11040.2871
18075.2051 17063.8438 11094.6699 5266.2939 8298.5215 10763.4082 18253.0547 15381.7559 10136.9639 17435.4980 14070.6367 20062.1992 9122.5371 5287.8691 0.0226 23494.9199 11143.1943 8012.0508 13042.3906 6969.0977 0.0000 2821.1326 10126.4961 11423.4346 11054.5146 9466.9502 3933.2244 5683.1636 8708.9707 356.2793 15867.2119 10049.7910 11537.0869 8401.3438 16320.9121 14520.8877 7310.5625 13551.3857 5797.2744 4078.1636 8283.0742 10906.5088 17299.9863 8773.7236 3013.0996 7017.2158 19040.1328 7556.4058 10886.7725
17843.3125 17118.8359 11100.6611 5272.3169 8351.1162 10606.4824 18109.6484 15196.9619 10237.6445 17458.4941 14028.1602 19853.1738 9149.2705 5241.7251 0.0149 23951.0664 11132.6426 8042.5518 12979.1758 7013.1797 0.0000 2844.8159 10097.5527 11359.9365 10943.7588 9727.3252 3970.3457 5704.7339 8969.6680 362.8877 15794.7861 10105.8359 11643.2217 8427.5049 16411.3809 14612.4355 7343.3237 13512.2773 5782.6338 4142.7632 8543.9727 10892.9326 17387.0801 8745.5166 2697.4753 7101.8350 19021.7832 7598.9717 10888.3096
17824.1641 16951.2285 10986.5430 5303.5938 8779.1025 10720.2998 18332.6016 15343.7490 10214.2090 17331.7012 13961.8311 19835.3320 9127.4453 5272.3574 0.0218 23178.4570 11168.7617 7988.9927 12979.5752 7048.1831 0.0000 2875.2432 10200.5049 11434.6465 11021.2383 9585.1855 3951.0398 5718.4155 8903.8477 370.0345 15854.3320 10122.0449 11594.1875 8407.1289 16342.0859 14446.5684 7337.7495 13481.4609 5752.1191 4055.8486 8605.2295 10924.1992 17322.0449 8858.7812 2800.5078 7054.0103 18971.3867 7587.6235 10933.4668
18071.8809 17083.1953 11021.2969 5290.3481 8662.3584 10736.4990 18256.2207 15398.8799 10084.2695 17406.3496 13987.6660 20099.2910 9136.6982 5189.3237 0.0213 23488.6367 11182.2764 8018.3096 12998.1973 7005.9111 0.0000 2868.2405 10118.3164 11466.6807 10934.0830 9512.8584 3928.7117 5696.4995 8782.2373 390.0931 15834.8047 10068.9277 11661.1221 8404.0400 16371.4326 14445.2988 7278.1660 13466.3281 5714.8755 4101.6909 8385.3525 10923.0840 17327.9258 8720.0557 2906.3870 7108.6890 18923.5195 7537.3960 11058.6523
17733.4121 17124.4121 11271.6562 5242.7119 8840.3428 10684.8877 18255.5938 15298.9062 10219.4854 17436.6621 14048.4600 19871.6582 9451.4023 5258.7788 0.0203 23283.7402 11134.4043 8108.6343 13078.5186 6871.5649 0.0000 2847.5042 10056.3711 11299.7695 10861.6641 9303.0176 3894.1672 5675.0757 8870.6572 382.6994 15823.5264 10005.0645 11604.2598 8477.3711 16365.3203 14525.8428 7183.6782 13673.9268 5655.7505 4089.9243 8502.9209 10928.2383 17247.6016 8819.9414 2819.0732 7002.5767 19053.9512 7613.2998 11001.1758
17724.3320 17117.1895 11165.4219 5300.3677 8791.2012 10618.0908 18189.8398 15370.1543 10202.0996 17438.2031 14024.6045 19798.3828 9157.9238 5313.8354 0.0315 22969.0840 11183.7998 8038.3159 12971.1660 6918.1919 0.0000 2861.2241 10078.0674 11356.0371 11054.2764 9571.5654 3880.2222 5699.5449 8818.8350 379.4897 15854.1064 10080.7568 11552.5977 8475.6562 16349.4707 14467.3057 7196.5708 13721.8203 5828.6348 4068.7634 8518.1309 10926.6582 17352.9629 8949.5391 2778.8533 7078.7456 18895.7988 7558.1304 10997.2266
18012.4551 16942.3770 10949.0713 5302.3208 8966.3213 10579.7363 18152.2949 15303.8613 10182.9160 17401.2305 13987.8730 19818.4512 9101.6514 5346.1875 0.0232 23355.9922 11105.2939 8041.0518 13000.8984 7013.7891 0.0000 2871.1580 10112.2246 11319.2783 10950.2148 9566.7168 3911.4563 5668.7822 8931.2490 378.5008 15837.1592 10030.6992 11612.5576 8429.1484 16447.5137 14548.4717 7412.6367 13542.6289 5765.4800 4023.5359 8652.6475 10828.8770 17388.0371 8779.1553 2913.6582 7067.5303 19048.3613 7651.0591 10842.1660
17713.2793 16939.8535 10984.2051 5289.0889 8997.5586 10566.3398 18254.6934 15423.8350 10169.3389 17403.7109 14068.4160 19645.1973 9119.5449 5287.3813 0.0208 23310.3320 11083.7598 8035.2251 13054.7324 6980.5005 0.0000 2866.5232 10216.6592 11504.3223 10839.6025 9477.6377 3907.9536 5707.6396 8834.0498 386.2129 15868.6982 10043.0752 11611.4434 8441.6504 16350.4521 14494.3369 7206.8501 13620.9053 5813.5518 4095.6243 8465.5938 10885.5527 17327.5195 8845.1143 2751.0706 7047.4072 19100.7578 7577.9224 10923.2344
17990.6230 16941.1094 10930.5166 5249.0869 8548.3203 10535.3506 18251.2344 15328.4805 10105.2822 17366.7988 13908.3398 19754.0645 9219.6016 5255.2393 0.0229 22945.6836 11085.9746 8045.0918 13043.2148 6979.5645 0.0000 2895.9004 10095.1035 11601.1836 10861.5254 9702.2715 3918.9292 5683.7798 8824.7012 391.0396 15811.1201 10109.5596 11626.3037 8376.9639 16336.4990 14502.6191 7327.2739 13583.1436 5837.7988 4114.9482 8489.8779 10884.8682 17238.6113 8721.2373 2826.0991 7170.8843 18983.8730 7585.8242 11065.4316
17948.8789 17089.6055 11077.5000 5291.8770 8486.2354 10479.4316 18286.2910 15438.3330 10319.7021 17425.0195 13911.0449 19793.7520 9256.5312 5277.6333 0.0277 23429.0059 11124.1084 7996.7710 13053.0605 6854.6865 0.0000 2960.2068 10086.7109 11587.0996 10944.1982 9699.3809 3919.4512 5731.6240 8771.2812 391.7881 15822.6973 10063.4473 11651.1406 8367.9268 16312.9629 14476.6758 7264.1196 13309.0303 5831.9072 4068.8538 8477.1025 10899.9395 17412.0156 8775.4111 2787.7258 7097.0376 18985.3105 7615.5371 10970.3242
17929.8184 17147.2715 11282.0469 5266.3369 8968.3643 10576.4277 18462.6797 15319.3359 10229.0625 17504.9043 14003.6611 19972.5156 9197.3311 5351.0234 0.0205 23453.3613 11132.6133 8096.5356 13031.2734 6941.3896 0.0000 2936.6431 10076.2686 11454.3818 11015.8105 9551.9229 3891.1191 5692.4951 8788.8887 377.2760 15885.1807 9973.5234 11686.0039 8376.6611 16377.2217 14468.9482 7292.7725 13832.0537 5831.1196 4056.8003 8593.1611 10941.0732 17380.7207 8846.3105 2796.7515 7112.2998 19015.9980 7610.3979 10927.2969
17973.5410 17004.1738 11166.3330 5365.3931 8937.2422 10615.7988 18209.1758 15212.1816 10242.2012 17516.7109 14119.1074 20007.7461 9117.0254 5248.9336 0.0155 23181.5352 11118.8340 7975.0112 13055.0332 7025.5684 0.0000 2882.3640 10308.6436 11679.0869 10857.8477 9649.0449 3912.0493 5784.8101 8831.0312 386.0128 15835.9219 10076.5977 11638.5693 8397.7354 16419.1855 14529.0898 7369.1738 13612.5391 5841.3999 4086.8420 8572.0303 10920.3301 17281.5977 8913.0469 2916.1492 7225.9702 19076.0430 7615.8052 11024.8965
17745.7871 17050.0430 11208.6084 5240.7876 8650.8564 10550.0430 18292.0762 15495.3682 10055.5361 17307.9492 14013.1104 19622.7754 9149.0732 5327.1001 0.0197 23031.8516 11007.9814 7971.0591 13002.7490 6935.7603 0.0000 2899.3821 10149.4248 11351.5518 11040.9805 9546.4521 3929.2053 5667.5034 8964.7725 376.6380 15828.2188 10005.8291 11581.8848 8356.2285 16273.1680 14498.3457 7259.6475 13582.9463 5687.2998 4038.6501 8623.1758 10958.5303 17347.7051 8854.6240 2959.2671 7008.3750 18943.2793 7604.0981 10857.4209
17878.8633 16906.0332 11092.1279 5248.6309 8644.7539 10569.9092 18209.6621 15252.7041 10212.9961 17351.0098 13985.7773 19894.9746 9188.8887 5361.3145 0.0234 23661.9727 11072.0664 8052.8770 12972.6855 6901.0625 0.0000 2894.8230 10078.8936 11456.4600 10981.8057 9490.1064 3932.3052 5640.4209 9007.4697 357.0066 15768.6738 9989.2148 11603.5254 8387.8877 16292.7402 14434.4316 7179.8833 13203.6748 5730.9863 4091.5667 8523.7119 10886.9814 17333.7148 8782.0361 2881.6572 7084.2505 18969.6660 7517.2544 10954.5439
17796.6660 17220.4375 10883.8398 5340.7437 8978.5205 10567.0586 18395.1016 15327.8750 10324.3926 17386.8594 13988.1143 19832.0938 8993.6768 5159.9595 0.0204 23308.7930 10931.0029 8040.6743 12989.5156 6917.4404 0.0000 2856.9785 10248.5186 11531.4121 10858.6553 9603.8447 3900.1528 5641.0479 8826.8369 380.0299 15789.1982 10022.6211 11643.4736 8470.8975 16255.2305 14452.5088 7317.3003 13436.6436 5791.3223 4142.7720 8391.1367 10870.8418 17287.5215 8840.5391 2868.0508 7068.6553 19011.5820 7583.1265 10750.9619
17971.6289 16929.2344 10941.4492 5306.1660 8986.1299 10666.7158 18406.6855 15476.2080 10189.9756 17322.1738 14122.0303 19815.3066 9075.5547 5249.2856 0.0219 23655.0566 11063.7725 8068.4307 13069.8877 6961.8901 0.0000 2895.6423 10110.2324 11587.6504 11014.7607 9558.3066 3900.8152 5689.4038 8789.9775 384.2633 15855.9014 10013.9844 11683.2549 8414.6602 16372.1680 14431.7178 7137.1777 13433.3467 5624.2646 4087.6145 8452.0020 10912.8340 17382.8496 8827.7783 2907.0308 7059.2119 18913.7031 7595.6064 10979.7051
17862.8750 17046.1953 11038.1084 5290.5049 8508.1475 10578.7275 18561.5645 15334.8066 10219.1475 17356.9180 14076.9883 19965.9883 9161.2725 5252.0210 0.0177 23649.9043 11142.0078 8153.6274 13106.2119 7002.7207 0.0000 2882.1072 10116.0791 11690.6172 11140.6680 9736.8799 3945.1165 5743.1343 8795.5605 383.8214 15955.0996 9990.3711 11757.6699 8406.4062 16398.3359 14453.6357 7221.8931 13656.6279 5730.8101 4097.2827 8401.2959 10975.3574 17415.2949 8738.6006 2744.6084 7137.7939 18863.6172 7651.0122 10995.5693
18025.8203 16951.3320 11166.0547 5299.7422 8575.2607 10632.3799 18176.4141 15182.0098 10172.6729 17473.2891 13961.2490 19811.8301 9122.0938 5261.9219 0.0149 23410.8887 11033.9697 7975.0264 12993.2295 6926.6475 0.0000 2761.2673 10095.3613 11319.3779 10936.8701 9580.4795 3919.9402 5716.6650 8915.5381 382.7173 15745.2900 9953.2031 11580.3730 8343.0566 16283.8135 14380.5576 7218.6460 13532.7197 5685.6934 4063.3369 8425.0586 10834.3242 17283.7129 8794.7412 3038.0901 7072.4395 18899.6191 7586.7114 10896.7354
18024.5215 16974.4902 11036.2275 5363.2231 8590.5547 10435.8916 18259.2051 15319.4180 10200.9297 17415.7344 13908.8018 19965.2109 9177.9971 5166.4688 0.0247 23419.2285 11128.0469 8069.0967 13040.9307 6875.4023 0.0000 2820.3772 9971.2266 11611.7656 10995.4238 9680.6689 3915.1511 5695.1094 8839.7031 389.9102 15782.8740 10087.7275 11602.5254 8382.9033 16347.9180 14503.1338 7287.6470 13731.9580 5655.6909 4101.3672 8473.0059 10899.6982 17310.1699 8837.8115 2856.1448 7255.7842 19009.5078 7660.3867 10842.2686
17980.4883 16932.2617 10951.9219 5233.4800 8674.0068 10564.5410 18295.5488 15283.0771 10394.3379 17380.5000 14002.6230 19975.7500 9189.6006 5242.1519 0.0233 22864.7422 11082.2432 8053.5386 13006.8945 6851.6479 0.0000 2877.6802 10083.3789 11378.4775 10955.9092 9556.9395 3905.7651 5760.1685 8764.5723 377.6835 15783.4971 10034.8809 11567.9229 8483.0137 16380.4541 14508.7041 7338.0176 13568.3369 5830.6816 4098.3340 8320.8955 10942.2656 17244.1602 8804.6973 2753.7446 7080.3374 19024.8223 7593.6050 11002.9844
17793.2383 17012.5098 11325.2510 5280.0654 8387.5518 10484.4199 18411.0195 15266.4141 10177.0010 17393.2129 13998.6777 19909.1914 9032.0410 5160.7100 0.0255 23383.4004 11128.9922 7985.8809 13049.0254 6954.6992 0.0000 2893.3640 10170.9268 11626.5801 10923.7285 9658.2129 3927.5640 5693.6738 8805.3701 398.2014 15865.5078 10085.2549 11604.9053 8464.1816 16394.4141 14460.2148 7285.2148 13819.4756 5868.1050 4115.8359 8363.5938 10862.9395 17395.0156 8741.1240 2997.3027 7205.2275 18985.0684 7549.6343 11067.1875
17804.8398 17164.0566 10985.7100 5293.1143 8588.7900 10609.6826 18421.2305 15350.7744 10244.9609 17357.9277 14045.5762 19858.8379 9211.9619 5190.0703 0.0230 23467.0449 11096.7148 8021.0508 13086.0049 6975.3862 0.0000 2870.6360 10084.1797 11408.1143 11041.2051 9688.7324 3961.2078 5691.7910 8747.1553 374.4901 15829.8145 10076.9902 11711.4961 8466.9199 16366.8213 14491.0947 7165.5527 13711.8682 5838.8589 4119.7231 8313.6162 10854.6680 17380.0645 8745.6035 2691.0764 7109.5649 18957.5996 7679.9814 10877.4639
17839.4805 17076.2344 11104.4131 5319.0332 9117.2451 10512.8340 18350.8945 15255.2324 10122.0273 17505.8496 13996.8945 19851.6250 9228.2021 5232.9453 0.0219 23335.9785 11090.6006 7965.0415 13008.4375 6976.6631 0.0000 2870.4236 10242.4980 11359.6172 11016.3564 9570.4648 3928.5808 5723.1812 8848.3438 368.5371 15865.0898 10053.8486 11593.7246 8471.9326 16364.8770 14492.6133 7306.6982 13471.9766 5809.1567 4074.9739 8510.4385 10849.0703 17362.8105 8871.0625 2604.1357 7112.9775 18890.2676 7617.1523 10927.7305
17737.7754 17014.9375 11064.9521 5339.8804 8772.1016 10539.7764 18271.1094 15375.6875 10343.6523 17364.0977 13985.4668 19779.2695 9075.7686 5183.0376 0.0217 23504.7520 11078.8809 7996.7290 13071.5654 6919.7061 0.0000 2961.9016 10061.5107 11434.3721 10939.4707 9742.7109 3949.1416 5746.8320 8826.5459 384.7551 15724.6416 9972.5869 11605.0576 8375.0361 16366.4795 14585.0547 7273.7461 13492.9170 5837.0771 4126.5684 8441.3008 10911.2832 17290.4551 8677.9521 2628.7075 7183.8042 19070.5117 7605.7144 10854.3193
17935.2266 17100.4707 11035.9053 5332.8560 8539.5625 10591.0127 18334.7285 15242.1387 10314.7939 17324.0488 13997.6768 20045.3965 9111.3301 5139.4824 0.0214 23131.4473 11021.5938 7991.8750 13047.0693 6874.1968 0.0000 2888.9863 10158.4395 11429.2471 11043.0391 9629.2656 3934.2373 5741.2671 8811.6572 387.3757 15847.4883 10107.8340 11708.4287 8434.4834 16415.2285 14462.4414 7358.8848 13767.0576 5923.3330 4087.5259 8465.6455 10903.8320 17266.1172 8674.2549 2934.2278 7217.6714 18953.4902 7617.1489 10812.8730
17981.0391 16841.2148 11103.8262 5295.2461 8921.7227 10520.0254 18327.8320 15361.5371 10242.1982 17431.2695 14036.8877 19865.6152 9159.0576 5185.0127 0.0259 23285.5547 11111.9131 8053.4595 13069.9570 6846.0693 0.0000 2884.8394 10006.6182 11821.1445 11055.1162 9753.5654 3875.7676 5642.0933 8704.5684 379.1539 15775.3398 10045.2891 11594.3955 8327.7471 16285.5371 14484.9492 7171.2344 13723.7266 5544.5825 4065.4292 8484.5303 10899.8604 17330.6777 8933.4297 2833.6431 7117.1250 18799.6875 7585.6987 10864.6689
17946.6992 16957.3691 11086.3994 5297.3711 9174.5635 10550.8965 18457.8496 15379.6924 10251.4541 17405.0938 13977.5107 19736.6211 8984.4648 5153.5020 0.0231 23109.6973 11122.9062 7960.9541 12977.8613 6964.5659 0.0000 2879.7441 10147.8350 11557.9961 11119.6289 9657.4531 3912.0830 5719.6460 8751.1523 367.3983 15805.5156 10017.5322 11657.0957 8337.1914 16344.2451 14463.7607 7337.5093 13422.2461 5857.2861 4062.4429 8344.7080 10877.0898 17310.0703 8854.2393 2806.0593 7073.5132 18989.6816 7577.7344 10878.1045
17808.8477 17016.8457 11025.2305 5457.4155 8360.0957 10549.8291 18143.4492 15291.4160 10306.4189 17315.4512 13898.5557 19637.7988 9054.8623 5165.7476 0.0155 23252.9277 10992.8301 7979.9351 13035.6973 6947.4316 0.0000 2818.3088 10240.7266 11690.7051 10787.4922 9781.4023 3926.9744 5781.4111 8817.6738 375.4840 15700.5586 10080.6289 11634.1611 8348.1504 16321.8389 14471.1729 7410.1548 13440.1406 5944.1670 4048.2859 8406.8057 10824.8838 17319.1074 8779.3760 2737.4434 7154.6948 19186.4082 7634.4907 10910.1621
17713.1289 16757.1934 11083.2422 5331.3208 8496.4668 10475.3604 18233.9648 15285.1934 10233.3594 17497.8730 13869.3301 19722.6035 9046.5791 5120.4189 0.0251 23244.2500 10970.7031 7967.5317 13031.6162 6919.0957 0.0000 2889.1543 10126.1064 11725.0547 11075.9980 9785.1533 3933.6995 5741.1655 8827.7812 372.5384 15707.0137 10051.9268 11620.5713 8410.7686 16455.0859 14478.9551 7366.6455 13761.8604 5820.3984 4076.7065 8342.5459 10869.5156 17366.8438 8729.0508 2903.6501 7252.7266 18886.1992 7658.8267 10843.6875
