16523.1660 21708.4863 13874.6465 7017.8574 3.9485 11638.7256 17711.4219 16688.2500 6407.4727 16782.8496 10651.5254 12170.5654 9594.2520 11707.2803 1252.8965 12662.6084 14748.1250 11477.8057 13462.5996 8227.2012 0.0000 2748.6675 7006.1558 8035.7568 9734.9268 9735.5518 3741.6240 3876.7190 8114.0127 1099.2587 15953.7705 11158.4941 11548.2324 4804.5889 13303.6113 10955.1406 3693.9609 14661.8672 3452.1833 3126.5703 9240.6318 10474.3721 15065.9824 10026.5000 2320.9160 6671.5864 12070.5430 6680.8896 14204.2100
16419.6719 21740.6016 13892.9229 6981.3096 57.5086 11504.9512 17860.4980 16698.9355 6383.6499 16817.2324 10704.6328 12192.4551 9634.0479 11712.4785 1111.5409 12485.0752 14768.3184 11539.0264 13447.6084 8222.0205 0.0000 2403.5183 6954.6177 8246.6045 9770.1201 9930.7080 3789.8213 3896.8130 8168.4951 1036.9655 15935.5918 11182.4131 11586.4033 4817.1758 13299.7344 10919.7734 3706.8286 14792.6523 3553.3899 3185.3464 9079.6143 10460.3213 15064.4766 10106.1875 2349.3242 6685.5996 12036.2666 6731.1440 14073.0068
16603.1973 21697.4902 13627.1133 6978.7734 112.9274 11731.9863 17763.7754 16610.1348 6480.2529 16807.0020 10674.7354 12265.0088 9581.8711 11583.5498 -370.4605 12685.4834 14824.1514 11551.9639 13466.7705 8180.0942 0.0000 1752.1632 7118.3716 8301.7139 9713.6738 9929.9336 3817.4866 3902.6599 8325.0029 1033.2147 16054.5664 11157.8418 11602.2051 4856.5493 13293.2305 10888.3740 3674.0715 14708.3086 3531.5017 3196.0737 9243.2129 10498.4873 15139.9785 10116.0430 2308.6917 6677.0464 12081.1152 6733.0391 14177.7363
16618.5273 21581.1387 13829.2344 7033.9355 97.9377 11513.1494 17826.5273 16777.0605 6447.5742 16847.3242 10714.0576 12171.7764 9623.5889 11515.7119 1494.8660 12624.6279 14686.2412 11434.9443 13532.2412 8175.1030 0.0000 3541.3884 7117.5415 8293.4824 9770.0137 9865.2285 3814.1736 3906.3059 8227.2998 1081.9722 15960.5479 11067.9141 11579.1367 4862.8354 13324.8643 10936.5762 3734.9866 14583.9062 3524.0981 3181.9111 9074.1816 10484.0479 15114.2852 10059.7061 2253.6238 6710.6465 12058.1992 6754.0771 13975.6777
16311.4521 21647.4453 13856.0332 7025.9644 70.0538 11514.6328 17790.0332 16867.4785 6332.9180 16824.4336 10590.9375 12050.8037 9516.1602 11519.2871 1487.7108 12532.9971 14570.1865 11380.8350 13482.1299 8240.6670 0.0000 3766.1021 7190.2349 8163.8813 9768.6973 10002.5176 3890.4275 3901.2847 8198.5889 1099.7578 15963.7520 11039.0879 11645.0283 4782.5674 13241.6885 10874.9951 3593.2910 14553.1973 3448.0989 3231.2368 9031.0039 10462.5283 15055.5098 10152.2510 2251.5889 6741.7744 12023.2529 6674.7559 13995.3369
16407.2949 21584.6992 13905.3105 7046.5400 78.1086 11549.4756 17705.2480 16736.6797 6350.6660 16679.8301 10531.1006 12193.5410 9528.7188 11517.7764 -205.4152 12629.2334 14708.2871 11462.2793 13413.8652 8187.4858 0.0000 1486.5803 7236.6680 8265.3516 9648.7178 9961.3691 3911.5891 3875.2061 8188.4150 1022.2109 15908.6250 11111.0391 11530.8027 4826.7725 13302.4170 10973.1992 3695.1499 14803.6768 3418.3127 3267.5642 8978.7930 10469.3906 15117.3027 10080.4912 2317.0205 6705.5547 12048.4414 6694.0049 14175.3877
16293.5791 21455.5859 13751.6465 7002.7446 103.0221 11568.0674 17729.9023 16717.0410 6488.6958 16783.7812 10552.4746 12198.0469 9484.8682 11472.3164 223.9454 12489.7012 14707.6396 11446.4268 13401.5215 8286.2871 0.0000 2103.1682 7121.4678 8261.2627 9686.6768 9897.0283 3980.2942 3861.0110 8278.3340 997.1282 15823.1348 10948.0303 11570.7666 4836.2368 13221.2275 10918.4854 3756.6389 14687.6318 3341.0347 3225.0310 9035.2920 10434.6250 15019.4229 9993.8896 2246.3362 6645.8369 12030.8438 6706.0620 13995.8057
16095.7891 21666.4355 13632.9375 7098.8306 39.6747 11582.1592 17576.5273 16766.3965 6376.5771 16856.4336 10510.8750 12240.5469 9457.7178 11392.1855 1034.6318 12609.4893 14634.4541 11541.5625 13441.3105 8262.7490 0.0000 2456.2192 7141.4902 8143.7773 9634.0488 10021.5156 3924.2832 3815.2144 8441.2764 1176.6675 15868.5840 11082.6289 11626.5020 4857.1240 13249.6729 10898.0645 3632.5854 14863.3486 3499.0378 3200.3459 9195.0850 10451.3467 15078.7578 10065.6875 2307.2793 6760.7349 12033.9756 6687.9668 14029.8975
16209.1367 21488.8184 13715.8965 7040.5308 -9.5560 11558.7109 17680.9766 16633.0762 6500.0239 16792.8867 10605.2324 12031.9219 9481.0312 11450.0098 2092.0930 12689.1250 14618.7080 11482.9268 13447.3369 8171.2412 0.0000 2765.6431 7114.1143 8197.0186 9655.5039 9987.3906 3899.0796 3908.6165 8362.2217 1121.0356 15809.2080 11079.3096 11554.6035 4809.9443 13266.3496 10876.7119 3708.1626 14922.7178 3462.4795 3192.5923 9087.1494 10430.1680 15003.1699 10143.3174 2292.1113 6723.7725 12033.6387 6709.6606 13803.2461
16344.5225 21634.9316 13683.1074 7028.0952 77.5502 11613.7559 17822.8105 16707.9941 6501.0034 16812.1875 10606.1084 12166.4414 9453.4766 11374.3467 1571.6769 12598.2666 14606.6357 11478.9307 13449.8301 8162.9155 0.0000 2980.4602 7153.2642 8298.9736 9723.5332 9996.8652 3925.1057 3873.4658 8135.4819 1007.3764 15924.4873 11161.4287 11635.2373 4836.3462 13265.2256 10931.7578 3731.2773 14758.3809 3456.0537 3212.0791 8953.7607 10428.2061 15040.3174 9992.4727 2275.3843 6681.7754 11998.5205 6704.9292 14016.6094
16344.1836 21430.6445 13672.8027 7134.9326 101.3009 11574.7324 17717.5859 16619.2383 6303.9575 16721.2227 10557.3818 12073.7266 9386.4453 11288.6133 -103.9215 12517.0137 14620.2344 11464.1455 13472.4473 8202.8447 0.0000 1709.8906 7119.8105 8312.3955 9717.7178 10053.8252 4025.8838 3857.3313 8428.2793 1018.5326 15845.9678 11100.6406 11533.1113 4839.5249 13288.4893 10910.6309 3709.1035 14784.6074 3478.1589 3296.8640 8977.9160 10489.4541 15052.3594 10060.4346 2395.7925 6728.9375 12024.2822 6653.1797 14037.9111
16341.9951 21535.7988 13767.8662 7121.6890 73.1346 11468.0430 17683.4297 16739.1035 6376.8335 16671.8555 10500.0039 12178.4248 9391.4629 11420.2188 -111.0612 12399.8760 14617.8418 11488.1094 13450.0420 8162.7388 0.0000 1575.8931 7204.8384 8261.1289 9734.6699 9978.4033 4077.0710 3861.2017 8462.1982 993.5954 15917.3086 11144.5322 11526.7988 4844.2803 13252.5576 10969.2881 3699.6133 14626.3760 3407.5508 3298.6299 9069.6475 10460.5332 15036.6221 10126.3623 2379.6721 6693.6313 11984.9053 6670.3296 13972.4629
16281.7412 21680.9082 13664.2031 7048.0781 84.8160 11592.3701 17695.7578 16673.9961 6383.4087 16681.7363 10513.4424 12233.0488 9515.9062 11294.6768 991.3135 12681.5176 14595.1172 11431.9785 13445.8760 8200.1826 0.0000 2222.2673 7048.8677 8228.3613 9697.2920 10004.4434 4058.9121 3886.0405 8567.0146 1019.5264 15839.7949 11135.8408 11580.0586 4836.2505 13210.7012 10894.8867 3588.2192 14705.8770 3447.4888 3264.7676 9077.6865 10364.4492 15041.2871 10160.1445 2383.5466 6640.4336 11999.1064 6762.1353 13909.5898
16237.3916 21563.1211 13615.1025 7041.0483 105.7278 11569.3135 17633.5215 16660.6543 6339.1270 16674.4746 10566.0518 12060.1719 9419.8857 11278.7451 709.0251 12540.3643 14520.4033 11394.5381 13428.2441 8106.3955 0.0000 1331.9976 7083.7070 8257.9951 9679.8262 9942.5293 4067.3123 3830.2336 8499.0508 887.2260 15802.8857 11130.4648 11566.7900 4834.4531 13221.5645 10913.7969 3704.7673 14496.0312 3465.0364 3283.3862 9028.4453 10452.3164 15042.1992 10172.0137 2347.6904 6703.0054 12014.3164 6678.3848 13911.2949
16218.2246 21754.8887 13653.5596 7124.1587 18.1713 11483.5010 17737.8008 16771.1992 6505.8521 16744.4531 10604.9648 12155.9023 9400.9932 11424.2021 -57.1618 12492.9678 14659.9268 11459.5020 13474.7246 8188.9639 0.0000 1866.2618 7151.8677 8177.0215 9680.1680 10121.4531 4016.4460 3855.6802 8412.3857 1048.0428 15943.4336 11107.5195 11657.4111 4814.1387 13307.9258 10936.0557 3710.5942 14774.2754 3576.5029 3256.4849 9084.6523 10489.5547 15050.3301 10121.0342 2338.8452 6680.5781 12040.1738 6731.4194 14035.5703
16344.1777 21770.8320 13655.9414 7126.7393 53.8609 11556.1055 17831.5586 16799.0098 6464.7300 16829.6621 10630.3027 12125.8965 9457.7100 11443.8945 165.8032 12695.5723 14581.5742 11403.5479 13502.4463 8263.0068 0.0000 2376.0388 7080.9438 8123.9087 9729.6699 9991.9385 4035.6680 3912.4231 8511.3945 1136.3663 15857.9326 11068.6045 11623.4414 4840.8755 13328.2598 10920.0674 3655.4634 14695.2891 3473.8601 3259.3867 8944.7568 10482.5586 15026.8438 10072.2539 2219.0703 6758.3564 12037.5635 6730.8550 14032.7441
16345.4824 21569.1348 13772.2051 7045.2285 22.9257 11539.6406 17719.1133 16826.7402 6460.1348 17086.3477 10586.4941 12146.2520 9555.2842 11430.9570 57.5884 12563.2256 14744.4395 11511.3408 13464.6963 8183.6982 0.0000 3301.7231 7133.1904 8198.1719 9695.3535 9985.0342 4145.5566 3873.4636 8982.7900 1112.2771 15879.9902 11123.3438 11597.4307 4828.9414 13235.5488 10890.7168 3718.5872 14682.7217 3436.7109 3288.6755 9211.2627 10510.8027 15053.6748 10307.1504 2324.6824 6703.2046 12002.0811 6720.5996 13915.2373
16412.4492 21561.2930 13841.9951 7069.7021 37.7073 11563.5859 17652.7637 16733.3535 6458.8818 17031.2656 10467.1602 12186.7031 9479.7695 11512.3428 1135.8779 12470.2119 14651.2979 11367.4062 13347.6855 8224.0107 0.0000 3352.0627 7104.7344 7986.8486 9686.9277 9801.5225 4134.0674 3870.2708 8837.2559 1155.8762 15887.8096 11031.4414 11469.5820 4802.2251 13262.2812 10931.9189 3741.9275 14787.7021 3499.7522 3291.2004 9127.5928 10447.2891 15109.1357 10241.3818 2324.0610 6611.0869 12017.5713 6711.4424 14062.5234
16281.2754 21457.7090 13890.7119 7095.1050 78.7947 11551.8193 17621.0625 16662.0156 6387.1729 16739.4434 10510.6719 12065.5117 9459.5498 11276.6016 755.1636 12641.8740 14626.5293 11392.3047 13398.2910 8222.9551 0.0000 1275.9609 7113.4263 8221.9971 9655.3594 9967.1445 4206.3687 3864.2539 8775.8428 977.6608 15835.6455 11065.5430 11539.3203 4844.9229 13284.3398 10981.3477 3681.7349 14536.5967 3423.9795 3345.3540 9162.9268 10547.1318 15079.3750 10219.4238 2241.0552 6721.8330 12056.6963 6675.5815 14006.3525
16460.2422 21628.0176 13805.5557 7109.4111 17.5117 11512.1338 17656.4961 16651.9609 6423.9380 16732.2422 10467.0361 12117.3770 9489.5303 11325.1943 443.6038 12567.3916 14576.1201 11423.9238 13465.0303 8207.2812 0.0000 1821.6205 7114.0703 8182.1206 9643.9717 9978.8770 4149.4697 3861.9875 8575.9463 950.5081 15869.7002 11075.5957 11646.7451 4878.3999 13248.7334 10891.7480 3730.9648 14790.0049 3491.6877 3299.1243 9108.0107 10431.1934 15043.8984 10101.4189 2317.4636 6711.9072 12024.5244 6750.1445 13864.5918
16558.2949 21411.0059 13710.4033 7029.3555 55.0163 11584.6455 17629.6621 16680.0117 6620.7754 16664.8691 10587.7441 12111.3262 9437.9521 11478.9951 342.6928 12781.2871 14559.3115 11426.5029 13395.8613 8213.1475 0.0000 1839.3837 7116.7651 8109.4331 9680.0312 10066.5449 4288.8765 3902.1643 8924.0762 950.0602 15835.9648 11131.2646 11574.0615 4854.0449 13258.7920 10897.8682 3670.2556 14791.5205 3562.8740 3321.3950 9105.1143 10415.8223 15013.0420 10284.3164 2295.9023 6604.1035 11999.9541 6740.2251 13929.6758
16293.0020 21590.4902 13849.7715 6953.0264 77.7123 11573.3379 17722.1289 16665.0508 6421.1680 16581.3184 10631.6016 12178.1416 9473.0791 11462.4170 1408.0986 12556.7783 14614.9326 11418.3604 13447.4541 8162.6470 0.0000 2218.3093 7269.8940 8145.9272 9658.5732 10029.6406 3583.3201 3892.5120 7632.1743 1097.3079 15847.8848 11134.1641 11607.4785 4869.3608 13264.1562 10925.1006 3652.6042 14505.3271 3442.5911 3062.9592 8938.4512 10382.4707 15066.2705 10106.3574 2378.5100 6543.8271 12030.6523 6745.0171 13981.5801
16290.8623 21694.9883 13741.1475 7100.9648 71.7662 11441.8701 17686.6855 16715.7500 6443.6602 16680.0723 10604.6016 12110.1455 9535.3545 11509.3994 1725.5127 12613.2568 14527.2324 11403.2275 13470.5615 8190.3657 0.0000 2911.0781 7180.1616 8179.1162 9680.1074 10070.7090 3914.7419 3916.9783 8267.8008 1202.3552 15914.4297 11144.7422 11564.6445 4835.6270 13265.2881 10886.9453 3719.2842 14597.1270 3480.6135 3178.1919 9010.1025 10474.0742 15104.1943 10094.8965 2323.0461 6682.2920 12008.6094 6806.6992 13978.4287
16639.6094 21581.1777 13664.9385 7139.2798 21.4163 11496.7627 17629.7969 16726.5410 6366.6099 16688.4785 10519.7539 12179.8350 9441.0000 11328.5479 -171.7846 12538.7441 14661.8623 11343.9102 13471.0449 8196.6543 0.0000 1112.1290 7160.8408 8278.0498 9724.1738 10046.8252 4185.4673 3927.7532 8770.1904 893.5466 15980.1797 11130.4531 11526.7148 4773.6768 13236.7012 10951.3633 3686.0083 14690.0000 3446.2065 3299.9524 8953.3232 10441.7588 15087.1270 10161.6660 2224.5774 6672.4126 12051.2090 6713.9287 14080.5420
16304.1299 21664.2402 13807.7764 7171.8071 46.9043 11610.9219 17753.6348 16763.6465 6434.6831 16776.8652 10642.6162 12176.4707 9503.6562 11442.2598 610.4913 12455.2314 14690.0215 11425.3613 13453.8047 8234.4697 0.0000 2333.8447 7132.8545 8299.1807 9725.1064 10057.6562 4260.2515 3901.6780 8851.3154 1021.9991 15920.5215 11004.6514 11497.5479 4807.6328 13318.2207 10889.7061 3759.4595 14647.1367 3444.7483 3343.0444 8925.8574 10543.5137 15054.8955 10186.2852 2268.0264 6785.5801 12023.2803 6648.9517 13922.5254
16332.9648 21579.4863 13730.2646 7111.6455 25.5684 11626.9629 17774.4199 16724.9043 6416.1709 16770.7891 10542.7266 12234.3711 9435.1182 11477.4502 585.8465 12494.8740 14629.8477 11402.9316 13411.7158 8211.6270 0.0000 1708.8599 7114.0547 8267.9092 9743.5088 9925.7490 4282.3525 3842.0693 9237.4268 962.2804 15877.9209 11166.3975 11564.6123 4793.9082 13303.4893 10927.4277 3635.8804 14802.2988 3404.4602 3316.0486 9411.4531 10469.7061 14980.2217 10231.8750 2326.5112 6632.1460 12043.5830 6627.4814 14019.6299
16350.4561 21540.4277 13754.6611 7053.5532 27.2872 11493.8975 17746.7109 16721.7949 6243.7544 16890.2773 10496.4199 12132.2598 9502.7979 11425.1133 731.1556 12788.7773 14659.3750 11534.4805 13395.2510 8210.6953 0.0000 2613.4233 7113.8418 8332.2920 9760.8486 9965.8301 3675.0603 3852.5261 8062.7080 1057.5909 15913.1855 11051.3359 11551.0254 4809.2827 13288.2705 10937.0781 3613.0242 14852.8496 3488.5535 3147.8188 9095.9326 10403.9619 15024.6064 10139.0498 2288.6145 6719.0391 12021.3945 6714.7490 13933.7822
16378.1885 21585.7070 13937.9766 6975.9756 73.2238 11510.5908 17712.0957 16578.6914 6490.3960 17079.9961 10660.6543 12121.6816 9440.6826 11373.1572 2236.7549 12561.9277 14603.6523 11430.0039 13418.1992 8184.6743 0.0000 5322.3882 7116.5322 8174.2812 9695.4326 9973.4375 3514.6553 3922.8108 7632.9038 1299.1152 15921.8760 11057.0283 11579.5078 4871.7778 13236.8086 10947.6514 3762.2485 14660.5186 3456.1606 3081.2351 8993.0635 10371.7373 15124.8623 9859.4482 2313.7493 6648.1558 12077.0586 6735.5532 13930.4805
16254.9717 21510.9863 13781.7578 6960.0757 58.3825 11707.8301 17819.0742 16661.4668 6451.2754 16869.8906 10522.7236 12011.1445 9522.9346 11476.5713 1289.2120 12578.2959 14700.9844 11504.0947 13482.5967 8236.8271 0.0000 3546.9954 7166.4062 8336.7734 9657.9531 9956.3594 3427.0376 3888.4751 7354.7622 1146.2832 15921.7686 11187.9258 11602.3691 4861.8115 13300.0928 10908.1465 3739.9910 14809.2598 3517.8955 3058.6216 8675.1650 10393.4277 15105.3789 9853.7246 2327.0928 6666.5312 12057.0225 6776.8384 14070.0352
16373.6367 21749.0332 13724.3125 6987.8745 64.0035 11679.0283 17831.8359 16834.1680 6488.3057 16803.2402 10584.0762 12202.6416 9560.5830 11389.9346 1065.3284 12609.9609 14671.6543 11480.8418 13458.1240 8193.9922 0.0000 2225.0989 7166.6250 8327.8223 9802.4424 10017.5664 4024.5315 3880.1807 8521.0811 1026.5605 15912.7285 11122.0322 11679.6641 4830.5024 13367.8291 10967.4980 3749.8743 15095.1504 3455.1968 3270.7778 10189.5088 10424.9023 15032.2588 9955.5479 2212.4307 6739.0605 12062.8496 6730.8345 14111.5615
16345.1211 21670.7441 13669.7500 6974.7788 6.8081 11531.5811 17875.2754 16854.3770 6346.4648 16769.4961 10673.7842 12120.3389 9569.7734 11573.4854 3.8376 12576.4336 14728.5430 11435.2422 13482.7109 8280.2695 0.0000 1306.4779 7123.1177 8161.8164 9768.9170 9925.7217 3663.8176 3887.6860 7981.0918 878.0086 15949.4727 10983.6738 11569.3037 4804.3003 13296.1533 10923.7441 3683.5864 14797.3643 3395.8225 3108.6199 9338.3359 10464.5000 15076.9893 10044.9580 2260.2607 6711.7793 12034.3604 6709.4360 13937.9346
16393.2246 21598.4746 13715.5732 7103.2334 53.1741 11619.6113 17715.2383 16714.0996 6458.9575 16765.3613 10548.0273 12084.0371 9551.3223 11361.2451 1378.5676 12572.6211 14650.9600 11432.8291 13475.8916 8255.6758 0.0000 1688.6584 7140.4380 8237.3047 9716.3096 9892.5625 4074.9854 3898.1333 8620.3457 1011.0876 15941.3975 11028.5508 11555.8633 4851.8813 13251.4619 10924.7949 3752.5830 14848.7881 3534.3462 3248.6768 8873.0176 10475.7080 15112.0391 10257.7002 2299.9961 6707.9775 12066.8252 6703.1138 13989.9121
16292.1533 21501.9434 13775.5205 7006.2129 63.2609 11459.5879 17775.1621 16620.3672 6389.7446 16632.3223 10626.8984 12261.6035 9617.5479 11348.8047 2226.8369 12555.8018 14706.8369 11421.4912 13505.1416 8184.9502 0.0000 2453.9114 7124.3130 8150.2334 9742.9326 9887.5723 3748.6184 3881.2051 7828.3711 1193.3098 15899.4844 11121.6406 11506.0195 4824.0332 13313.9453 10928.4414 3636.1221 14781.1807 3468.2458 3127.5862 8894.8008 10443.2988 15081.5312 10059.7275 2289.9590 6776.0723 12056.6924 6693.4399 14119.8086
16467.9414 21574.5605 13786.0713 7030.1328 49.9299 11537.5146 17754.6445 16812.7832 6351.6230 16846.0176 10629.8252 12159.5107 9542.4404 11342.2646 1682.0728 12589.7607 14626.9775 11506.7129 13499.9570 8141.5161 0.0000 3498.5017 7132.0479 8247.6816 9645.0830 10021.0215 3847.4551 3859.9160 8439.8066 1143.2307 15932.6836 11057.9668 11503.4814 4830.0205 13255.4229 10966.3428 3655.8406 14799.2861 3460.5796 3240.4548 8922.7432 10425.4941 15118.1318 9889.7354 2382.6121 6728.7319 12005.0459 6662.4810 14156.2021
16419.8301 21579.7246 13806.9219 6989.1851 62.0611 11585.8662 17660.1621 16730.9531 6413.2300 16881.0977 10560.5732 12115.0166 9504.6670 11491.0146 851.7578 12716.0107 14767.4775 11445.4424 13440.7715 8223.7939 0.0000 2155.3835 7177.7725 8309.8057 9682.3262 9941.8555 3758.9280 3875.9841 8028.8164 910.6203 15950.2051 11218.8789 11607.8359 4821.8945 13268.4316 10969.7012 3723.6113 14709.1650 3415.4084 3228.3809 8890.4756 10375.7559 15104.4492 9909.5010 2387.7285 6731.2173 12051.2002 6731.5884 14007.7568
16313.5762 21516.9258 13606.3115 6991.2705 59.1822 11481.8447 17782.4941 16692.8145 6379.2935 16737.7930 10650.2422 12302.2734 9560.0879 11418.0752 199.6566 12665.8184 14657.5059 11454.3574 13462.3438 8227.5938 0.0000 1735.1705 7029.6987 8252.2266 9721.4932 10046.0605 3621.0977 3824.4578 7823.9292 973.2432 15946.1240 11092.0039 11561.9707 4834.8345 13220.9541 10917.8340 3717.3655 14910.7832 3440.0977 3110.6355 8840.4316 10411.5811 15081.2891 9986.9414 2224.4270 6793.0947 12024.7891 6709.1406 13895.5742
16419.6797 21549.3281 13614.7119 7123.7598 64.7912 11588.2305 17691.3477 16585.5840 6433.6816 16805.6035 10678.2949 12040.8633 9600.5371 11450.5303 1584.0774 12487.8896 14730.5068 11517.0225 13453.1533 8178.3130 0.0000 3324.9136 7016.1890 8109.6147 9751.9766 9947.8994 3969.7734 3853.1265 8067.3950 1117.6208 15923.5381 11169.0635 11557.9258 4881.6333 13333.0264 10887.8037 3673.0950 14802.1426 3641.9338 3326.5452 8842.0352 10435.9443 15097.8545 9894.4023 2275.6760 6719.8022 12030.9287 6743.7612 14237.6953
16511.4375 21702.7402 13903.1895 7075.9653 81.5798 11579.0283 17831.5273 16753.5156 6435.8589 16857.0918 10673.9316 12086.9014 9645.5195 11618.6689 1149.5013 12653.3311 14739.6738 11571.3691 13514.5117 8211.5234 0.0000 2764.2107 7178.9893 8321.9873 9839.0654 10011.0303 4142.7720 3886.3459 8270.3691 998.8304 15988.8643 11095.6992 11650.9756 4863.9868 13246.7090 10926.9375 3756.2881 14929.7783 3564.0635 3355.9058 8823.2207 10443.7705 15030.8389 10022.9199 2241.7773 6680.2051 12009.6143 6701.7002 14089.2061
16444.9727 21644.5312 13797.7363 7144.2998 55.6157 11551.5889 17732.6367 16794.7246 6450.6514 16813.5918 10605.9033 12065.6875 9537.1455 11548.2236 1183.0867 12649.1553 14692.0010 11427.8389 13459.6133 8229.5020 0.0000 2884.4641 7126.2871 8365.8350 9727.5918 9949.3779 4150.6787 3919.9653 7934.8647 1045.2659 15958.6992 11148.7822 11612.7188 4861.5894 13253.1025 10953.8145 3649.3066 14698.4980 3391.9226 3385.2336 8915.4990 10393.2021 15118.3867 9865.6133 2339.7576 6759.1074 12020.8672 6664.0376 13969.2178
16242.3643 21678.8496 13915.8350 7115.0518 49.3155 11680.2080 17722.0547 16726.7227 6337.2295 16847.9531 10577.7646 12120.1250 9553.0430 11608.8389 1376.9121 12563.0371 14605.3438 11390.4209 13447.7236 8157.2686 0.0000 3685.2791 7177.4678 8121.9736 9646.5703 9935.2314 4285.1606 3855.3264 8714.2275 1027.7816 15935.6484 11106.6475 11598.8262 4825.9448 13271.6992 10899.7480 3605.2148 14701.3711 3401.9634 3328.4463 9140.2764 10465.4102 15063.6357 10217.2295 2406.0381 6693.3086 12056.1924 6677.5601 14042.0078
16299.6562 21648.8867 13861.3398 7078.0454 69.5191 11507.0488 17655.7012 16591.7109 6478.9487 16871.5039 10725.2129 12084.5635 9464.0430 11475.3770 2418.9346 12577.9434 14590.7607 11506.1416 13447.4814 8163.6641 0.0000 4621.4004 7017.3403 8180.7251 9666.4150 9898.0576 4292.4082 3845.5527 8936.2773 1099.4263 15988.1904 11068.4541 11602.0078 4782.2471 13247.1523 10878.1631 3661.5442 14653.5400 3518.1047 3314.1602 9056.3740 10530.1484 15039.7129 10291.8535 2274.6663 6610.2832 11979.9053 6678.9580 13963.4014
16427.7324 21563.1484 13762.6475 7045.1738 90.4588 11516.5566 17694.5645 16718.9551 6416.2124 16737.3496 10652.8926 12187.5781 9473.8203 11606.0508 1418.2858 12660.9932 14777.8223 11454.7334 13502.1299 8181.0488 0.0000 2789.9351 7121.6318 8141.8467 9761.0312 9877.5215 4348.5049 3871.9375 8869.6465 1047.8030 15876.1729 11092.0303 11598.1846 4807.6411 13284.8164 10886.5166 3695.6897 14611.6973 3471.0420 3377.9509 8983.8965 10500.3633 15039.4287 10261.7842 2315.2241 6699.7402 12039.6660 6715.1650 13913.0098
16551.8535 21690.7109 13851.7432 6997.7720 73.8757 11570.4766 17738.7207 16638.1250 6442.9082 16812.4336 10560.2432 12167.6045 9544.0176 11455.1875 547.3615 12628.9004 14600.7529 11501.4502 13450.7832 8177.5640 0.0000 2321.5496 7090.8667 8292.7627 9761.7988 9770.6035 3669.1675 3883.7949 8040.2212 1014.4333 15889.0244 10980.0986 11550.3369 4814.9702 13240.0020 10941.8398 3710.1829 14834.0195 3462.6797 3152.1106 9080.8330 10474.1904 15061.0830 10088.6631 2316.6855 6676.9229 12036.7070 6765.5742 14056.6836
16244.9326 21585.6836 13721.1533 6998.7422 56.2959 11630.9355 17690.3242 16769.5645 6337.1421 16799.6973 10533.1514 12269.7549 9546.3730 11455.4102 914.5254 12548.7295 14786.2920 11573.7305 13459.4590 8235.6943 0.0000 2779.6484 7113.5200 8131.4683 9707.1348 9954.7559 3966.8406 3909.4995 8243.2939 1058.9376 15768.6895 11165.7031 11638.8740 4816.7905 13295.9648 10923.2686 3670.6965 14447.1934 3491.3005 3251.5640 8837.8418 10522.7422 15046.8359 10121.7969 2350.4268 6677.8115 12017.5146 6764.7104 14081.3145
16162.5234 21635.7812 13795.4131 7159.9404 86.8206 11551.7490 17843.8516 16750.4746 6497.9360 16684.3711 10675.2246 12300.5928 9566.2686 11639.5898 766.2511 12570.6660 14685.2061 11480.9307 13440.8623 8182.2251 0.0000 1611.5820 7077.5454 8352.3291 9792.6924 9881.2090 4318.8135 3913.6985 8871.6572 920.7570 15904.8662 11124.9160 11600.6426 4782.8726 13263.2344 10911.7783 3645.2710 14588.7588 3520.6804 3352.2815 8962.4023 10530.8936 15050.2451 10232.3447 2250.9089 6710.2241 12043.8564 6723.1816 14041.1592
16284.1016 21678.8711 13827.0947 7015.6729 79.8594 11568.4941 17766.5117 16770.9258 6361.2842 16743.0625 10584.0010 12249.1191 9557.9590 11522.4316 1203.7867 12568.8096 14705.5156 11434.3184 13388.1367 8257.3076 0.0000 2982.1206 7067.3403 8257.0596 9745.7900 9783.0918 3721.0327 3883.6389 7987.6841 1047.5248 15930.7578 11134.7529 11645.4307 4800.6587 13274.0850 10838.7080 3712.0337 14564.0996 3623.6575 3150.0183 9237.9336 10396.2080 14981.2207 9984.4365 2238.2974 6605.6333 12032.6240 6665.9214 14091.1924
16492.5918 21721.2461 13709.1152 6911.8438 57.9204 11576.4551 17698.4668 16601.1387 6345.7119 16888.6191 10533.7168 12254.1143 9544.6865 11451.8057 1959.6757 12517.7285 14725.4023 11412.0586 13416.8799 8200.8418 0.0000 3751.3066 7207.4521 8261.5156 9679.8564 9909.0391 3335.2629 3836.8264 7647.5845 1102.5725 15909.0342 11181.5918 11502.8164 4845.0352 13300.1084 10906.1826 3663.5012 14822.0020 3367.9102 3053.7390 9491.0850 10479.9902 15119.3027 10180.8584 2428.8013 6663.2642 12073.5664 6655.8062 14131.6113
16495.1289 21641.3633 13803.4365 7073.2739 73.7716 11591.6602 17670.6309 16849.2910 6272.6372 16736.4824 10589.1299 12167.8994 9476.2520 11517.4355 1619.4358 12689.5518 14762.0254 11484.7207 13422.1855 8225.9785 0.0000 2498.8298 7144.1226 8312.5732 9611.7012 9914.4639 4122.3311 3873.6665 8616.0312 1032.1687 15912.9277 11143.4854 11544.5879 4844.6904 13311.8818 10909.7812 3666.7197 14588.8760 3400.4849 3287.9563 9089.2354 10569.5361 15056.9883 10331.1514 2283.4026 6713.5029 12053.3135 6662.7197 14127.1133
16359.6602 21724.7598 13782.1855 7057.3291 90.3711 11569.3984 17749.1973 16716.8555 6296.3828 16677.5332 10588.4805 12212.5225 9469.5146 11554.5791 85.3238 12562.7949 14736.2617 11456.6299 13465.1719 8203.7383 0.0000 926.9274 7108.0229 8261.8477 9645.7168 10001.7178 3750.5476 3860.6296 8600.2842 900.0524 15911.1367 11103.6172 11562.5918 4842.1172 13262.8877 10952.3174 3807.9790 14933.9121 3408.4504 3157.2253 9174.3721 10529.0439 15048.5684 10268.7178 2305.7998 6700.4634 12065.1953 6721.4048 14121.0293
16463.8555 21754.3027 13817.6709 6936.5801 89.9085 11600.2070 17734.4082 16583.8848 6359.5405 16822.7480 10640.1797 12129.3945 9474.9160 11502.4834 1916.0035 12625.1035 14652.1279 11448.6152 13448.4756 8160.8076 0.0000 3073.0640 7149.7368 8132.6377 9692.8926 9897.8057 3386.7671 3901.1431 7938.8750 1042.3359 15941.3398 11003.0889 11582.7412 4841.6831 13230.9805 10891.5166 3650.8228 14674.9541 3458.4973 3048.7097 9160.8281 10471.2627 15046.6494 10052.9287 2286.1543 6719.4204 12048.3750 6759.5200 14251.4707
16549.9629 21540.3164 13755.7725 6917.7578 82.2936 11598.3594 17774.3242 16630.4961 6513.4575 16857.7070 10631.2412 12166.0205 9472.6260 11557.6182 2614.6599 12599.1172 14690.4004 11513.5654 13499.3359 8241.4717 0.0000 4622.2134 7042.9961 8144.7852 9654.8408 9995.2012 3614.4236 3884.1296 7520.1118 1179.6710 15948.1240 11071.1416 11578.2920 4816.2236 13271.7930 10904.4902 3664.5181 14503.7344 3493.6934 3130.1848 8814.5664 10417.9014 15143.0947 9791.3887 2343.8591 6715.7856 12053.8359 6742.4727 14122.3984
16246.1826 21492.2773 13867.7031 6954.9131 64.2996 11595.9150 17722.4785 16606.0938 6381.0537 16680.2305 10659.7344 12075.5645 9517.3340 11690.8818 1346.5975 12427.5615 14641.2666 11449.4746 13410.7275 8109.5024 0.0000 2815.5432 7023.6299 8213.1543 9655.2979 9953.7881 3427.2512 3861.8005 7278.3579 1064.2386 15936.5264 11082.2520 11612.7666 4827.4209 13247.0146 10889.9033 3679.3608 14591.4658 3378.4883 3084.0830 8451.1484 10432.1514 15069.6357 9846.5381 2344.5735 6726.1011 12039.9355 6702.7085 13904.1904
16470.8340 21706.1660 13745.2480 6918.9268 97.1566 11621.8945 17703.5059 16727.4102 6421.3374 16706.3555 10538.1328 12093.3936 9578.8535 11490.9795 726.7913 12444.0801 14646.6230 11457.9404 13468.5010 8278.4277 0.0000 1823.7499 7012.4761 8212.4541 9742.4424 9921.6592 3947.2012 3902.7505 8369.7295 995.3912 15923.1875 11095.3525 11663.7109 4826.1489 13256.8740 10883.5449 3653.3916 14573.6982 3431.6716 3192.9563 9321.2793 10365.0488 15072.1406 9976.8057 2320.3354 6639.8306 12041.4707 6725.3276 13959.4102
16428.3965 21913.9297 13782.7861 7055.0479 101.2459 11489.2900 17706.9180 16736.1602 6430.1450 16706.4688 10632.5000 12209.7031 9484.5830 11561.8916 586.8773 12529.9316 14775.0361 11496.6973 13507.2939 8250.2812 0.0000 1849.5331 7134.3716 8184.3037 9762.2627 9835.6719 3889.2410 3936.8145 9026.0010 965.7239 15915.6885 11046.6289 11644.7637 4826.2095 13244.1426 10923.4990 3752.9832 14909.0752 3495.0723 3200.7891 10422.2246 10468.6602 15072.3174 10727.9463 2289.9246 6680.0874 12013.3145 6737.2339 14154.0283
16419.4082 21550.7070 13589.6865 7021.4468 70.6157 11523.6768 17771.4141 16845.2422 6334.5415 16768.9766 10629.8545 11969.3135 9562.0605 11621.6562 1069.2358 12734.4268 14635.9824 11440.0908 13495.5605 8176.4819 0.0000 2710.4407 7094.1099 8118.3589 9694.7676 9860.1221 4018.5637 3865.9062 8658.0889 1032.1830 15911.7119 11082.1436 11573.6953 4853.0923 13306.3281 10887.2393 3680.4604 14609.1982 3469.4158 3279.2622 9243.3760 10593.7217 15026.9033 10411.1514 2268.9355 6681.0776 12032.2471 6666.0493 14075.9521
16296.1582 21625.1797 13675.1533 7041.4609 74.4629 11467.8398 17750.5781 16713.4414 6401.5322 16887.5840 10529.8799 12140.1768 9478.0635 11627.2617 1768.4943 12680.3789 14716.6230 11397.8691 13417.0410 8259.6045 0.0000 3771.4719 7191.8301 8033.5576 9741.9619 9976.0322 4217.2305 3862.5894 8687.3721 1131.3226 15883.3379 11202.6582 11543.0254 4819.9419 13233.1680 10960.5703 3639.6045 14659.1797 3449.4739 3360.9861 8940.2441 10495.9482 15013.2568 10128.6680 2270.7922 6670.2539 12045.3564 6703.0601 14032.9570
16437.7109 21765.9355 13787.4258 7021.2515 34.6602 11588.5078 17707.9609 16650.2988 6460.2905 16879.1016 10652.1748 12165.7227 9383.0205 11501.8730 1136.4320 12705.5684 14675.7197 11489.0742 13379.1934 8208.0459 0.0000 2952.5894 7053.0986 8110.9609 9660.1768 9961.0918 4088.6609 3846.7070 8626.5400 1049.1879 15850.1855 11055.2090 11586.5303 4828.2720 13273.6260 10920.9336 3682.6287 14662.1387 3454.0872 3278.0981 8918.9365 10487.3340 15067.2158 10188.6045 2331.3132 6676.7397 12030.9561 6629.0332 14085.3662
16498.8184 21533.1309 13857.7207 7009.0132 -2.6035 11673.8379 17781.9492 16729.7695 6522.0811 16771.6191 10649.3066 12177.6074 9537.5518 11592.1885 435.4159 12678.3506 14712.0078 11472.6846 13456.8447 8135.2939 0.0000 1724.7108 7108.1772 8032.7905 9722.9736 9936.0654 4144.5049 3893.0195 8771.2793 954.7070 15924.7168 11142.1191 11559.1963 4870.9043 13301.0752 10956.4795 3705.4075 14776.7012 3568.0833 3233.8127 9024.6445 10524.5811 15116.7656 10313.3418 2365.5664 6697.9287 12020.5371 6767.7959 14031.4512
16254.0088 21684.0312 13769.1904 7196.3379 51.6257 11564.9180 17791.4473 16685.9941 6465.2905 16690.9395 10659.3916 12199.5703 9527.9248 11487.5566 161.5692 12700.6660 14650.9111 11566.8828 13418.3232 8235.1387 0.0000 1564.2056 7113.6968 8287.7734 9744.7451 9930.7441 4011.6946 3886.2239 8458.6748 960.3333 15940.7646 11109.1250 11558.1133 4839.4590 13320.1719 10935.0488 3726.9019 14700.9160 3482.0576 3280.5662 8965.8828 10449.3457 15070.4961 9953.9004 2256.0063 6723.2285 12082.1836 6718.9653 13888.5596
16432.9590 21538.5059 13786.2041 7039.5186 81.8338 11581.6494 17746.1270 16672.8691 6386.6606 16756.6660 10610.8662 12076.6475 9522.9805 11397.5332 1072.6720 12557.4512 14708.3711 11429.9824 13503.3086 8215.0195 0.0000 2863.8191 7180.0371 8231.7783 9740.4883 9920.3682 4066.4292 3872.1372 8557.4053 987.4720 15918.8662 11067.7617 11578.8789 4799.3936 13284.7715 10944.5557 3745.1790 14849.8164 3499.3533 3305.5581 9007.1406 10447.3906 15042.3867 9941.6748 2307.9456 6559.7280 12042.9102 6739.9404 13965.5781
16261.2754 21505.5820 13741.7139 7114.8154 78.3313 11562.5342 17751.5195 16852.4766 6522.5181 16749.9727 10508.3672 12161.1230 9498.7764 11489.7520 844.7090 12477.3359 14692.5879 11424.6709 13432.6758 8183.6431 0.0000 2877.3118 7061.0869 8317.0068 9734.7627 9855.1709 4071.2090 3833.9939 8318.1230 1026.1262 15836.0742 10971.8057 11548.8867 4784.0972 13228.7617 10877.1592 3673.3367 14627.6768 3503.2925 3274.2605 8744.5469 10477.8486 15046.4072 10121.1885 2297.9409 6759.7930 11971.3369 6743.9434 13964.9316
16291.8701 21645.5605 13870.4482 6872.8550 85.7085 11624.6826 17745.2578 16830.4492 6432.2471 16836.2168 10585.3916 12154.0049 9503.2334 11359.6406 1934.0342 12524.1348 14644.3145 11492.8750 13489.5566 8240.1299 0.0000 3173.1274 7115.3071 8225.0811 9804.5938 10047.9570 4087.3430 3883.5586 8861.7119 1041.1040 15914.3672 11112.8135 11510.3701 4784.3999 13250.7959 10912.5215 3708.6184 14489.5762 3501.1589 3253.1919 9659.8398 10394.3857 15009.5166 10375.9590 2239.1318 6669.9077 12003.8525 6695.9722 13996.7783
16281.5342 21712.6602 13721.9307 7019.2554 84.5918 11471.2148 17650.6074 16753.3672 6352.1206 16943.8457 10535.8340 12160.4482 9479.5732 11405.4824 2820.1897 12492.4922 14575.8848 11463.7354 13461.1055 8218.4678 0.0000 3984.9021 7205.6704 8099.7827 9671.7832 10027.5410 4151.0459 3863.4724 8755.2139 1049.5542 15845.2725 11016.9033 11546.5469 4846.6396 13266.7148 10890.6631 3718.8691 14861.2930 3448.0774 3256.7551 9271.1602 10433.4922 15058.1191 10192.0449 2295.9536 6655.6978 12034.8223 6697.0786 13936.2344
16415.0840 21465.5723 13665.8281 7144.6855 34.7565 11501.6523 17703.0996 16654.4160 6385.6284 16775.1641 10468.6436 12154.4912 9551.0518 11421.5020 1250.1044 12612.6309 14617.9521 11459.4346 13393.6104 8224.1426 0.0000 2444.5447 7248.9058 8208.3701 9666.8701 10069.6113 4240.2031 3876.2659 8596.1445 1052.4082 15801.9102 11179.3389 11568.8252 4824.1650 13334.7451 10949.8721 3737.2952 14786.9990 3407.6416 3311.0598 8697.0762 10460.7920 15133.2451 10080.9727 2354.3020 6656.2861 12007.2773 6678.6875 13855.8145
16426.9004 21474.7109 13686.1777 6907.7754 18.7735 11559.6602 17828.7793 16680.5215 6380.8745 16744.8691 10615.3086 12110.7969 9463.9492 11377.9141 349.2312 12459.3506 14606.1279 11488.9043 13426.1338 8194.1104 0.0000 1721.6202 7080.1367 8166.4736 9726.3936 10007.6758 3405.4956 3850.0281 7515.1353 999.3319 15887.5439 11078.6738 11516.7402 4815.2974 13291.6348 10976.9453 3614.7886 14668.1436 3391.3088 3060.1902 8760.9385 10418.5947 15085.2383 9922.3643 2311.6455 6630.8877 12003.7695 6770.1465 14080.1982
16436.2871 21575.3809 13633.5176 7102.0586 25.5744 11670.8154 17720.2480 16755.8965 6349.6631 16788.5469 10633.8105 12244.9131 9483.9326 11486.9941 182.9612 12473.3311 14595.7090 11493.6504 13450.6934 8154.6313 0.0000 1945.7229 7121.6938 8364.5010 9659.6426 10117.8447 3797.4414 3880.7896 8143.5142 988.8421 15919.1436 11196.8105 11616.9355 4827.8726 13284.8789 10874.7617 3711.5371 14675.9268 3419.2021 3157.5857 8843.4727 10398.2812 15032.1025 9879.1279 2431.4609 6605.6289 12054.0625 6757.8667 13977.6260
16427.3281 21543.4258 13773.2285 7208.2695 12.5222 11554.3174 17682.4316 16794.9980 6600.9487 16783.3066 10555.0449 12238.9629 9495.0947 11334.9619 627.7468 12519.0420 14732.2705 11405.6035 13460.7646 8245.2354 0.0000 2264.3569 7157.0869 8182.7090 9701.9189 10038.8193 4123.9717 3902.4622 8694.0186 1026.5227 15843.0781 11243.4805 11691.6689 4867.2300 13264.7715 10995.4912 3664.1436 14782.5371 3501.1782 3207.2114 9164.8164 10535.3564 15046.4756 9952.4258 2383.9336 6806.9644 12053.5186 6803.7900 13840.2949
16488.8320 21503.5527 13609.6172 7127.6748 49.1660 11538.4785 17771.8926 16734.6211 6444.8848 16685.9590 10597.4072 12142.0088 9541.3535 11298.1660 292.1172 12584.0518 14561.6973 11473.8779 13469.1396 8229.4707 0.0000 2114.2781 7101.9189 8229.3711 9705.0312 10022.7539 4024.1338 3886.8086 8119.6592 1050.0096 15957.1504 11165.3252 11621.0107 4829.0957 13262.2822 10941.4873 3730.2488 14857.0566 3477.0676 3211.2734 8962.2705 10517.3779 15062.4004 9957.3438 2225.6350 6763.9014 12022.0508 6720.6436 13849.0918
16323.9775 21434.0664 13734.3037 7166.0166 117.3921 11491.7725 17730.1758 16784.2949 6424.2295 16741.5039 10572.7852 12199.2568 9485.2031 11323.1133 286.8173 12655.4551 14598.1104 11436.7939 13450.9785 8141.0562 0.0000 1704.2125 7156.5249 8248.7510 9726.1016 9929.0840 4062.7913 3881.5159 8532.7910 1010.0380 15897.2598 11113.6094 11591.4092 4829.7583 13282.5381 10917.7646 3768.4543 14797.9980 3596.3591 3243.6790 8920.5615 10447.3906 15110.7715 10069.6338 2315.5957 6651.4072 12012.7627 6671.5361 13882.4248
16390.5684 21563.7441 13896.4033 7358.4175 46.5210 11509.7900 17795.6035 16705.2754 6601.9214 16849.2383 10513.1934 12141.0410 9514.3574 11468.0674 1450.3712 12330.7090 14672.6475 11487.9844 13483.0098 8195.4238 0.0000 3096.1895 7018.0801 8090.5078 9763.1396 10080.0557 4062.3586 3873.3345 8507.7275 1017.3226 15939.9844 11035.8037 11575.1221 4832.1948 13241.7080 10903.9746 3757.1174 14381.5898 3596.7529 3225.0249 8988.6738 10424.2969 15045.6719 10010.1875 2379.7629 6762.2271 12019.5459 6693.1572 14028.9248
16218.4707 21570.7383 13711.8164 7187.6069 76.1118 11589.0098 17686.7812 16697.5312 6405.6396 16817.8770 10553.7051 12060.2617 9438.0332 11374.2012 1203.5316 12530.6982 14594.9912 11435.0098 13457.3330 8210.4072 0.0000 3275.5146 7155.8467 8221.0537 9706.8643 9908.1504 4061.5427 3887.4377 8279.3213 1081.2021 15899.0967 11046.2959 11533.4365 4857.0938 13311.6973 10915.4375 3658.2542 14868.5889 3469.9875 3279.5376 9171.4473 10477.4834 15031.2783 10028.5596 2287.9995 6810.8320 12032.2607 6671.9634 13877.5762
16466.0273 21568.0156 13714.4639 7107.2461 50.1042 11498.8975 17848.5449 16677.9746 6340.5605 16796.8945 10585.7930 12232.1357 9438.2461 11377.9160 1555.9342 12358.1641 14708.9482 11492.4287 13396.3223 8261.9150 0.0000 3087.8538 7015.7002 8283.4473 9702.3672 9900.3535 4014.8843 3907.0547 8137.0649 1104.0254 15971.2441 11060.3545 11545.4922 4844.2788 13190.8613 10828.0625 3633.3218 14712.5166 3447.3047 3227.1243 9086.0879 10415.4844 15033.1621 9873.4131 2303.7808 6632.4268 11976.0732 6650.4863 14035.2637
16418.7656 21523.4570 13642.0762 7145.0181 24.4682 11511.6523 17651.8418 16733.9277 6406.2236 16911.8672 10582.5732 12099.6582 9463.5283 11459.0332 2552.5793 12679.8184 14589.1826 11404.5039 13423.9072 8178.5171 0.0000 4401.7837 7077.8311 8159.1875 9623.1543 9988.9668 3942.8931 3838.0791 8310.7432 1093.8843 15869.1074 11081.2646 11593.8232 4840.4868 13242.1299 10938.7188 3780.7197 14600.0049 3418.7134 3214.0166 9204.7080 10436.7773 15054.9102 10045.2324 2340.0801 6667.3833 12031.1318 6703.6831 14080.8037
16289.9092 21516.9844 13847.0742 7027.8257 78.2719 11619.4668 17700.9062 16740.4902 6404.6387 16747.8730 10546.3994 12129.4473 9536.6104 11310.1953 437.3636 12664.4248 14600.5830 11401.7539 13442.4941 8247.5078 0.0000 2287.5781 7042.2559 8136.1313 9679.2764 10009.8594 3957.5527 3898.2207 8532.0801 997.7931 15935.5703 11078.1016 11567.4414 4842.6089 13279.4365 10945.2129 3707.2122 14636.1709 3427.0874 3285.1777 9192.9219 10454.2246 15086.0303 10047.9102 2222.2939 6690.8159 12042.0879 6686.3901 14020.4434
16390.8672 21682.2988 13742.7871 7032.1143 110.6762 11517.5332 17651.4570 16693.7031 6394.4717 16760.2031 10572.3838 12244.7637 9483.7998 11368.3525 140.0446 12608.3301 14638.5615 11444.7783 13431.7666 8214.0459 0.0000 1678.9856 7143.1729 8212.4248 9649.4238 10042.5791 3978.7961 3854.8281 8192.2637 1003.5749 15863.2861 10990.4570 11603.8906 4839.1670 13279.9893 10951.2480 3641.2190 14685.4258 3447.1328 3289.6296 9075.9551 10455.6436 15034.4189 10138.2012 2163.0908 6680.5952 12044.0254 6694.9888 14053.1172
16183.5234 21534.9375 13714.7051 6994.1284 60.8920 11552.9424 17671.1035 16699.1016 6373.6606 16704.8809 10623.1875 12067.3223 9478.8311 11422.2891 201.4006 12662.6279 14594.7285 11485.5000 13462.6621 8151.5093 0.0000 1549.1456 7232.1870 8211.6953 9726.3115 9884.9189 3914.8301 3903.4556 8329.7861 926.3218 15893.3389 11155.9326 11568.6631 4825.4834 13279.3438 10913.5332 3600.8044 14546.7314 3427.8210 3215.2285 8992.1768 10462.1367 15070.7598 10125.9082 2249.5156 6770.5728 12050.0049 6687.0674 13984.0947
16230.3369 21673.3828 13652.3301 6982.8628 20.0024 11580.6328 17681.7148 16724.5938 6430.7852 16755.1016 10618.6572 12171.3457 9433.6768 11385.2324 1259.3500 12687.3994 14572.1836 11441.4004 13417.7617 8117.7769 0.0000 2007.9282 7161.1963 8283.9668 9723.8174 10047.9678 3901.7664 3911.0066 8291.8467 986.0436 15879.1025 11135.7246 11516.6572 4832.2598 13242.1045 10951.5391 3660.2583 14964.5635 3428.5696 3217.8838 9216.3184 10369.2578 15075.5674 10099.7529 2296.4219 6689.5977 11994.3008 6694.7432 14100.9307
16432.8242 21606.1797 13695.2598 6988.6958 89.8029 11624.2656 17562.5449 16639.8008 6592.7271 16905.2129 10580.3975 12145.4746 9478.1289 11417.6641 1595.5156 12736.4629 14597.6016 11387.5791 13468.8877 8191.2998 0.0000 3425.4680 7172.8359 8211.7207 9655.8037 9952.8408 3955.3394 3848.5234 8339.9619 1202.2831 15879.1006 11271.1064 11658.3721 4858.3223 13349.2725 10940.3086 3707.1091 14846.2441 3412.1638 3247.2812 9050.0488 10374.7686 15093.8398 10068.7314 2265.9924 6693.4028 12053.4658 6779.7173 13979.1709
16339.6172 21611.8086 13775.8018 7058.2598 100.0715 11618.5010 17739.4961 16667.1777 6379.2930 16842.1484 10494.3906 12079.5127 9544.5977 11396.4805 -153.0569 12514.4619 14696.4482 11476.3330 13440.0684 8232.7998 0.0000 1970.6758 7132.3071 8328.9434 9668.8018 10020.6504 3960.8274 3909.8472 8385.1328 1143.6443 15953.9082 11106.2803 11633.5977 4845.5107 13301.3887 10924.6484 3699.9778 14707.5967 3610.2615 3261.7205 9086.4326 10464.3838 15097.7139 10210.3633 2267.7776 6724.1826 12042.8223 6713.9355 14038.6709
16410.0254 21695.0586 13712.5781 7039.2021 34.5870 11570.0303 17833.1113 16675.7285 6457.1470 16720.6914 10533.1680 12143.5068 9534.1934 11535.7676 1037.7598 12566.0977 14568.2559 11441.7598 13471.5381 8191.1108 0.0000 2068.3623 7210.7119 8157.4595 9755.3477 9917.3643 3875.6401 3835.5869 8302.2793 1058.1840 15940.1602 11086.3262 11628.2432 4850.7119 13340.1279 11002.2998 3632.3232 14921.6855 3429.8750 3214.0715 9110.5811 10445.5088 15103.1182 10172.7998 2307.4504 6771.9019 12038.1338 6809.2261 13939.7256
16269.6211 21667.4004 13803.0391 7043.6719 34.7438 11640.3447 17897.1797 16734.4746 6409.1709 16777.3066 10566.9033 12210.9004 9516.6045 11491.1982 2357.7742 12730.1523 14707.7988 11472.8672 13475.5000 8223.0059 0.0000 2854.1130 7177.5479 8478.2207 9718.5391 10053.5430 3880.6355 3880.8052 8208.2988 993.4340 15977.6816 11171.2734 11587.3232 4827.5142 13326.0420 10941.6758 3743.5720 14766.7002 3364.5532 3210.8828 9044.4717 10498.4863 15115.9746 10107.9199 2223.9678 6643.9585 12059.9092 6749.5811 14048.7285
16270.8408 21636.7539 13942.5537 7010.6431 24.3903 11602.4365 17709.3887 16726.0645 6509.4663 16815.0195 10682.4932 12144.8242 9536.0303 11476.8340 1349.3677 12460.4580 14651.2021 11414.2432 13472.4883 8248.5801 0.0000 2734.6914 7131.2168 8325.5273 9714.5586 9949.7275 3955.8303 3891.5896 8504.9971 1048.9463 15885.7891 11163.3721 11530.5566 4813.6523 13307.8281 10927.8564 3698.8850 14928.7227 3473.8228 3215.2737 9085.3203 10513.3105 15021.4951 10165.8574 2242.1731 6691.5479 12051.1846 6690.0479 14079.2432
16370.9287 21636.8594 13733.6016 6995.6602 73.7085 11519.2607 17619.6504 16771.3125 6313.6064 16770.5820 10529.5059 11985.8047 9529.4268 11488.3838 -7.2234 12587.6191 14658.6855 11355.6455 13473.4033 8232.9219 0.0000 1987.9312 7123.1401 8130.5142 9691.0859 9943.1514 4005.3357 3893.7532 8407.2480 1006.6893 15866.4180 11016.2920 11548.3555 4838.3101 13229.4639 10913.3672 3720.6072 14898.5410 3466.5315 3262.2715 9192.2227 10457.0205 14974.9307 10148.8965 2272.6138 6692.6670 12009.7930 6694.3799 13946.5381
16520.3496 21578.9492 13906.7383 7050.3091 52.3149 11553.2920 17686.1367 16626.4082 6335.1895 16829.0508 10574.7529 12252.1201 9464.5576 11571.0439 74.3501 12584.6670 14669.2158 11417.7900 13415.5371 8183.9087 0.0000 2006.5813 7144.3740 8254.0137 9651.9971 9891.5947 3940.5142 3885.6479 8476.1455 1048.9075 15867.6396 11026.3164 11476.5928 4839.7729 13257.1299 10963.4561 3763.0239 14850.6660 3387.4514 3250.2065 9351.6895 10372.9961 15100.2451 10120.0312 2408.5386 6702.7856 12051.5674 6666.7681 14047.7754
16217.7881 21716.5723 13713.1396 6920.6128 122.9034 11408.2646 17742.0762 16657.1289 6415.6489 16818.7871 10581.2949 12217.6270 9446.1748 11510.8096 -113.3075 12600.3887 14613.1133 11511.3174 13446.3730 8167.6187 0.0000 1974.6892 7116.8872 8101.1606 9687.8271 9936.4424 3950.8838 3855.0505 8438.3789 1077.9564 15919.2656 11122.6621 11560.6875 4812.5117 13266.2695 10908.9326 3737.0444 14691.6064 3548.7234 3253.9675 9121.2344 10413.5479 15054.9619 10239.4121 2402.6987 6680.6519 12027.1016 6644.9678 14222.1143
16367.5869 21427.1875 13892.5703 6976.2832 102.5526 11452.9229 17725.6328 16756.3027 6412.4512 16752.0254 10624.2275 12174.8174 9493.5439 11363.8154 722.0101 12554.6377 14567.7305 11344.6328 13430.2705 8226.9434 0.0000 1721.7189 7173.6274 8095.2261 9731.7129 9952.8701 3961.7024 3895.4695 8301.1494 964.3299 15934.6221 11045.7031 11539.8877 4815.2788 13273.9619 10914.1230 3616.0413 14811.0879 3475.7869 3275.1919 9093.3662 10409.3359 15093.9658 10082.6289 2363.2888 6615.0039 12016.9873 6654.3779 13890.5439
16423.9766 21492.8418 13790.6514 6972.4297 38.9230 11545.8154 17690.1367 16713.8965 6369.1431 16766.9883 10607.4033 12036.0869 9509.2178 11322.2588 431.7926 12695.7324 14606.3955 11488.6914 13422.7070 8253.2871 0.0000 1921.2341 7085.8164 8173.5586 9726.4521 10010.8818 3909.5896 3871.5000 8432.5898 964.2094 15907.2422 11122.9238 11568.5801 4847.1206 13244.7324 10866.2285 3625.5286 14939.1924 3474.5024 3232.0020 9002.1016 10406.9062 15074.6396 10144.8936 2295.1096 6584.0630 12002.2432 6683.8950 14087.0264
16229.2568 21592.8125 13674.7803 7053.0664 40.0131 11682.2578 17718.5957 16672.7793 6485.9570 16741.8945 10621.2871 12149.6924 9559.4219 11428.7852 1691.6029 12699.1738 14786.2676 11446.3438 13443.0000 8216.7998 0.0000 2889.7390 6972.0391 8154.2700 9790.8604 10004.5254 3884.8240 3874.5652 8272.8320 1157.8156 15884.6885 10995.6494 11601.8789 4837.9751 13248.1982 10907.8174 3636.1287 14449.4941 3573.4875 3212.8909 8931.9707 10467.8984 15086.4414 10046.6230 2361.1216 6800.9194 12052.5625 6728.1572 14110.9004
16207.0332 21693.4746 13840.7852 7080.8667 39.5596 11523.7656 17699.2676 16725.9902 6430.5786 16843.6074 10594.2705 12220.3037 9460.2100 11402.7871 1877.5881 12629.2080 14802.1367 11443.5664 13461.4785 8164.4961 0.0000 3247.1707 7104.4878 8329.3252 9726.7734 9979.3281 3885.2656 3897.1421 8428.4219 1238.8335 15830.6270 11138.9492 11494.2217 4824.0195 13258.6426 10927.4473 3731.8755 14702.1152 3461.4348 3237.9414 9033.2627 10442.4160 15045.0459 10234.5879 2417.1768 6723.6382 12051.2422 6670.4448 14173.5957
16360.6318 21715.9785 13781.8291 7034.1279 51.8457 11604.7314 17704.0234 16705.1191 6395.0098 16862.2754 10633.6543 12111.2822 9522.1182 11394.8682 -200.8640 12726.2090 14634.0830 11463.6875 13464.4727 8211.0293 0.0000 1915.0543 7166.7080 8319.0254 9726.6367 9946.7080 3933.2290 3923.4316 8351.6660 1038.1104 15916.5537 11120.2148 11682.0000 4866.9282 13274.1523 10883.4316 3664.0500 14792.5439 3385.8337 3240.9268 8979.9316 10517.0518 15091.9404 10162.8359 2375.8992 6751.5249 12031.4844 6755.7886 13914.1865
16516.4883 21658.3457 13716.4932 7093.0708 59.2368 11576.8096 17676.4414 16669.2969 6479.6650 16747.3770 10587.5020 12182.0479 9512.1699 11476.1113 245.2784 12699.7939 14666.1553 11442.7764 13515.1855 8220.5371 0.0000 1818.8903 7267.9658 8281.7969 9693.6416 9974.5840 3903.1304 3884.3130 8152.9136 960.7670 15886.3994 11141.5078 11643.6885 4866.0542 13255.4580 10911.2949 3710.5269 14714.6094 3412.0652 3237.3579 9022.4346 10458.1611 15074.9697 10026.0430 2293.1670 6767.5503 12093.6250 6764.0288 13952.3086
16479.0293 21627.1211 13627.8262 7002.9126 58.2479 11537.7461 17696.5039 16650.2637 6456.4058 16800.6074 10527.3008 12108.6846 9547.0088 11568.5996 223.7515 12636.9961 14682.7656 11533.9326 13498.7383 8149.4443 0.0000 2447.0515 7052.8145 8179.4976 9715.1943 9947.4922 3957.1426 3870.0239 8201.8691 1178.9218 15914.0039 11063.8115 11607.5869 4785.8418 13274.4326 10889.7793 3717.4216 14781.8623 3640.0955 3226.9580 9090.9121 10466.1445 15058.0908 10086.1016 2378.1353 6725.7515 12000.0879 6776.3931 14048.6123
16352.8174 21507.3281 13834.5127 7009.2100 51.9365 11584.3730 17810.2305 16687.3047 6289.4370 16837.8809 10587.0107 12231.2334 9544.2900 11510.4248 -166.7881 12483.3604 14617.1299 11518.1855 13489.5430 8140.5815 0.0000 2787.9023 7166.8193 8316.3848 9687.1719 9945.7451 3918.8311 3859.2490 8203.6738 1181.6432 15932.4238 11104.4492 11604.9326 4782.2910 13237.4941 10853.1191 3648.8789 14467.3867 3372.0471 3207.5994 8972.5156 10475.6055 15017.8174 9955.3535 2331.9263 6675.4287 12017.0166 6689.2793 13954.5352
16311.6875 21667.4375 13763.4053 7000.5781 58.7439 11587.2119 17765.2422 16780.5059 6419.0195 16670.5273 10661.2783 12240.9404 9529.3027 11570.6104 2727.5957 12592.8477 14720.5322 11492.2021 13469.8408 8236.3770 0.0000 3350.0696 7141.7939 8192.3037 9688.0762 9818.1816 3866.0383 3837.8926 8266.9131 1045.4883 15911.8867 11083.3262 11576.3525 4809.3359 13264.7080 10891.9453 3719.2842 14820.5703 3491.0886 3212.8333 8888.0410 10459.7324 15084.1426 9993.9160 2273.4087 6590.8926 12021.9023 6723.1519 14066.3389
16416.5684 21552.0254 13837.3584 7031.0020 45.2764 11520.7480 17701.9316 16809.0410 6382.1987 16829.8164 10579.7998 12072.5859 9537.4248 11512.9795 2906.7742 12571.5586 14686.5039 11435.0977 13428.4521 8263.6406 0.0000 3748.5457 7139.3784 8245.1436 9741.6318 9902.5078 3958.9600 3818.8103 8524.9209 1253.5817 15913.3203 11063.2109 11613.2275 4810.6191 13177.4541 10897.0664 3652.1809 14507.7031 3641.3391 3234.7026 9062.8008 10486.6631 15082.5771 10216.2373 2270.5681 6736.6987 12033.2891 6703.3628 14031.7822
16295.2266 21672.0723 13873.2715 7166.1167 61.7861 11535.8018 17622.2383 16765.3223 6406.4575 16899.0332 10517.0859 12071.0566 9488.8477 11475.4541 -584.3625 12611.8564 14730.5283 11339.0488 13390.1221 8199.1885 0.0000 1884.6376 7115.9561 8390.4277 9658.5693 10012.5029 3956.6946 3879.7056 8464.6611 1032.7334 15893.5889 10997.9395 11523.0293 4815.6392 13286.7637 10976.2207 3718.1667 14673.1660 3579.9468 3234.2563 9183.3672 10404.4707 15030.5918 10143.5625 2259.9480 6661.1001 12051.6113 6727.1748 13967.9238
16352.4297 21734.4160 13699.4365 7100.7114 103.9352 11559.3467 17889.9180 16716.4062 6336.4541 16744.0273 10642.5195 12155.0342 9480.2852 11507.0654 -805.5253 12432.0166 14582.1631 11482.6309 13419.4297 8102.0254 0.0000 1300.1125 7061.1836 8194.2520 9783.6016 9804.1113 3995.5994 3891.9636 8412.4990 909.8946 15874.4297 11078.5234 11500.5752 4841.3438 13283.9609 10975.5820 3727.5042 14742.1631 3520.9194 3261.9429 9030.3691 10481.5879 15012.6406 10126.9141 2247.9106 6618.6104 12015.6338 6689.8379 14135.6201
16566.7559 21583.9199 13747.6611 7089.4604 69.8569 11588.7354 17823.8516 16740.2578 6382.8774 16744.9980 10563.4580 12205.6143 9562.1406 11526.6924 2089.8618 12502.2119 14659.3857 11520.6914 13397.5820 8252.4229 0.0000 2878.2278 7182.9189 8003.3657 9738.9141 10046.5781 3971.5786 3902.4045 8409.0186 1021.8829 15903.9219 11034.2402 11578.8770 4848.0967 13336.9922 10921.1885 3722.1602 14803.2480 3364.7949 3231.0139 8995.9434 10533.0820 15040.0020 10189.9023 2328.1899 6679.6309 12025.8682 6674.7402 13941.7734
16531.8984 21554.3340 13697.1641 7129.9253 43.7686 11584.7305 17648.3633 16669.2031 6599.9541 16816.2441 10618.5586 12094.5557 9470.3242 11605.3701 2218.0593 12573.0303 14746.5752 11480.2314 13474.2305 8269.3818 0.0000 3156.4041 7057.8164 8156.7939 9649.9961 10018.7344 3941.1504 3874.7581 8342.7168 1045.8781 15896.2832 11179.7549 11552.9961 4852.5205 13306.4883 10933.7646 3734.5310 14681.2539 3349.6345 3221.9038 9138.9189 10526.7637 15121.1689 10043.8740 2385.3289 6743.5708 12048.9395 6726.6323 14102.0059
16292.4609 21633.1875 13749.5850 6988.0825 39.9438 11607.9043 17811.8457 16737.7656 6378.5557 16691.7207 10664.8457 12216.4912 9534.3936 11367.0605 -1327.8488 12550.9893 14687.7461 11496.2021 13505.6650 8190.9204 0.0000 1078.0763 7014.5420 8203.1885 9712.9277 9935.6113 3969.7444 3916.9836 8424.6816 890.8604 15981.4873 11276.2168 11646.7041 4833.2524 13282.4307 10908.2295 3623.1907 14546.9229 3433.2642 3183.6482 9295.7402 10403.6182 15072.7207 10073.0518 2180.4971 6672.6147 12053.1123 6709.8379 13928.8477
