12401.0508 15951.7959 10317.8213 6948.3911 472.0213 14174.7812 13529.1816 17049.8457 7110.8643 18537.6113 10885.2842 9294.3008 5857.7427 9382.1162 4163.6099 10289.3809 13740.1895 12277.3301 15681.4043 6750.8154 4799.3062 12116.2422 7269.9321 12160.5596 10552.5010 6184.3242 3326.1409 3430.8125 7858.2383 5165.8325 15677.8291 9302.6426 11658.8730 6073.5332 12886.5332 10441.0605 4150.3574 13104.2305 1948.3109 5492.6416 6940.8589 10021.0371 15199.1533 6072.0454 6233.1914 9761.6621 10800.9902 6732.3613 11242.7080
12366.2510 16043.7373 10419.1572 6920.7090 488.7267 14088.1719 13488.9756 17034.0137 7220.9727 18506.2871 10794.7285 9108.1152 5908.9761 9385.8018 4131.9722 10183.3594 13789.5508 12267.6094 15655.3486 6733.1597 4785.8169 12004.0674 7213.9453 12228.5928 10537.2402 6290.1787 3336.8445 3406.6575 7864.4614 5112.4487 15651.9053 9237.8545 11682.8486 6070.8652 12681.0000 10328.0732 4237.8042 12935.2891 1911.8893 5497.8286 6842.0537 10040.6797 15121.2812 6128.7944 6172.3892 9804.1963 10687.1455 6700.0366 11316.7705
12362.8105 15986.6191 10268.9375 6953.0918 500.6761 14238.4707 13315.0225 17146.2441 7263.5210 18566.6035 10799.6787 9200.9248 5887.9175 9349.4492 4197.7266 10183.0420 13660.9961 12273.2344 15672.1475 6732.7939 4862.8789 11999.8750 7242.5659 12167.8867 10507.8096 6264.4663 3331.5676 3430.9609 7838.1836 5053.1821 15691.8066 9232.5762 11726.5996 6088.4248 12796.0273 10466.7422 4182.4072 13113.0020 1885.5679 5514.3804 6804.9028 10070.9600 15183.1895 6104.3145 6085.0161 9899.2178 10792.4111 6700.2041 11292.6387
12432.4268 15824.1367 10224.5850 6974.1646 491.1433 14146.5986 13374.3945 16958.4707 7177.8579 18479.4648 10768.4805 9246.7461 5802.1885 9310.3945 4140.6279 10277.9863 13758.7070 12208.2832 15596.7129 6741.3472 4753.1284 12067.6348 7252.2705 11925.1289 10432.7402 6163.2759 3375.5632 3391.7520 7930.4526 5091.1123 15635.1895 9304.7275 11663.5439 6085.3672 12823.6318 10404.3789 4204.9897 13112.0420 1867.2207 5507.9253 6889.5728 10012.0811 15120.2402 6090.5591 5988.2119 9890.3105 10761.1533 6741.0679 11295.4736
12369.3438 15791.2617 10457.3320 7003.3462 462.8284 14125.5166 13467.0879 16906.9609 7236.9097 18524.9629 10800.3955 9356.7998 5857.4302 9258.1416 4211.1665 10012.1279 13643.9131 12247.0693 15509.2832 6720.7417 4848.8384 12125.3545 7302.1377 11935.0479 10465.2754 6096.6401 3350.8333 3416.1006 8074.5474 5130.6382 15573.7090 9211.0957 11573.8857 6073.8125 12753.1348 10367.0684 4227.8682 13010.5107 1919.2634 5494.7026 6915.0239 10017.6455 15042.8701 6120.5596 6149.7295 9917.1553 10737.5293 6734.5879 11391.0664
12336.5537 15800.1387 10366.9375 6995.8042 419.4217 14143.9385 13368.3818 17007.9336 7256.6855 18476.3340 10757.5400 9136.7363 5889.8198 9408.1484 4223.0659 10191.0098 13531.9990 12225.4551 15626.0215 6741.6152 4792.1279 12175.9922 7245.7930 11795.8779 10484.3408 6115.5166 3322.0251 3409.7314 7832.7666 5219.7319 15604.7461 9308.2861 11626.5488 6074.8032 12757.3496 10424.0762 4161.2095 13057.2705 1901.5623 5478.8174 6795.1128 10013.4277 15086.3906 6078.1191 6229.8359 9753.9570 10777.5498 6691.6284 11059.1357
12242.9893 16023.2559 10429.5059 6974.5068 509.0493 14138.0908 13412.1162 17056.2949 7267.4834 18462.7578 10798.7539 9282.6191 5864.2539 9441.5869 4240.5278 10203.7627 13722.8721 12233.5811 15719.1318 6749.4272 4740.4106 12197.4385 7310.3755 12088.3525 10424.3955 6081.0596 3364.2041 3451.8638 7904.1709 5258.5796 15601.0723 9217.7246 11712.0479 6039.7368 12840.4395 10462.7363 4221.1646 13067.8887 1880.5724 5532.3970 6836.3101 9994.6367 15173.2627 6069.5854 6143.6514 9631.7354 10738.9619 6750.1436 11205.9014
12343.0596 15814.9639 10390.9482 6875.7944 535.3331 14296.6719 13366.2051 16979.5469 7309.3921 18559.7324 10735.7744 9113.0996 5883.7842 9382.3203 4103.6611 10060.1436 13613.1992 12258.1318 15568.5596 6740.9673 4590.8247 12117.7002 7286.4482 12023.5508 10407.5078 6236.5488 3371.8398 3409.2881 7915.3740 5179.0981 15615.7334 9224.9746 11611.5342 6063.1392 12841.5664 10469.7246 4129.4565 13252.0732 1922.7976 5517.3926 6927.6982 9997.5059 15099.4834 6071.2632 6147.8101 9911.8984 10816.0244 6720.9678 11229.9600
12338.8721 15970.5088 10435.2148 6994.0693 498.6424 14166.0049 13560.6104 16980.6777 7225.7021 18533.2578 10826.4219 9287.6543 5880.3833 9374.1143 4135.4634 10145.0283 13728.6416 12342.1064 15619.5947 6716.3154 4772.6299 12077.5645 7211.6929 12192.0400 10524.8574 6353.8457 3349.4575 3459.0520 7935.6641 5107.4688 15676.0820 9324.6973 11699.2324 6073.9849 12785.8369 10441.3545 4194.6699 13033.3770 1890.7590 5506.4058 6863.9033 10062.8447 15183.4932 6158.2959 6193.7100 9793.2910 10760.2432 6746.6782 11418.2227
12485.1768 15905.6035 10412.9766 6918.4927 468.3931 14255.5215 13450.2861 16971.7480 7288.9385 18576.3633 10816.0459 9210.1660 5990.2368 9437.0225 4251.7642 10392.0166 13629.1045 12256.5430 15606.9805 6692.2534 4961.0171 12161.1660 7382.1006 12129.9111 10461.8398 6161.8008 3325.5752 3445.1794 7810.3433 5087.6025 15658.0371 9305.2705 11666.1699 6080.6289 12926.4199 10524.4639 4267.5176 13201.5342 1971.2672 5508.3281 6796.1143 10016.3311 15245.6855 6078.3931 6084.0649 9832.1621 10807.8350 6755.5093 11219.5508
12475.1631 15991.2197 10390.1328 7004.7559 445.4839 14239.4727 13481.8584 17120.9609 7377.2173 18572.0332 10860.5967 9240.5029 5925.2476 9400.5645 4191.5195 10248.8467 13672.2998 12238.8926 15617.8232 6724.7480 4804.1318 12190.8711 7415.5601 12283.0693 10553.7480 6300.3447 3330.8101 3444.0969 7900.4541 5183.9829 15659.9922 9276.9775 11632.8174 6084.9956 12839.7734 10489.2471 4233.2739 13297.5957 1910.1473 5534.4419 6805.3262 10037.3633 15203.5957 6098.6294 6149.2666 9919.0596 10811.9854 6756.8193 11317.8584
12223.9043 15906.7090 10307.5078 7054.1807 457.4959 14114.8691 13359.1250 17019.5820 7326.9697 18542.3945 10807.6748 9352.1406 5840.2319 9428.1416 4176.4453 10135.8076 13667.8877 12222.5469 15586.7734 6813.7578 4626.8521 12089.9922 7342.8052 12343.1260 10498.6680 6082.4741 3353.3030 3438.1357 7919.2769 5179.3677 15652.0986 9175.5508 11624.0010 6062.7993 12761.4395 10425.2441 4171.7993 13072.7666 1958.9360 5508.9551 6847.8076 10006.4463 15110.0938 6103.0889 6188.7524 9803.2637 10747.9512 6714.4482 11124.0156
12329.9512 15832.8750 10305.2871 6922.2329 484.8348 14186.2549 13378.1240 16997.4707 7326.2578 18515.8926 10859.9365 9264.8896 5848.4771 9271.8301 4235.0449 10255.8408 13693.0908 12250.3506 15570.1396 6693.5596 4528.2417 12179.9727 7315.0190 11986.5518 10427.5732 6193.2197 3345.5479 3421.8862 7916.2852 5164.8286 15643.6602 9176.2568 11614.4629 6043.5562 12841.4033 10459.2881 4181.4189 12960.6084 1953.6951 5476.6196 6881.7368 10048.5322 15148.6064 6103.1245 6159.3423 9770.6016 10753.2432 6725.7393 11202.1006
12449.7041 15748.9893 10401.4512 7059.6406 497.5111 14218.3047 13440.2598 16872.4043 7309.3062 18530.3730 10806.4736 9271.7920 5828.6104 9277.1416 4261.5786 10343.2998 13642.4639 12282.8760 15563.9922 6702.6440 4810.0947 12190.9932 7268.8735 12030.1572 10472.4893 6377.6934 3322.7153 3442.3333 7979.6079 5152.2666 15628.9736 9258.1729 11605.5225 6058.5781 12944.8867 10536.0576 4266.6025 13194.2832 1907.7308 5472.6348 6873.5645 10004.7168 15169.1650 6046.4053 6221.5459 9882.2500 10837.0186 6781.3496 11183.7969
12370.1729 15935.9287 10365.3262 6943.6348 489.4775 14345.1025 13460.4600 17040.8418 7269.4858 18523.8770 10883.3779 9200.8525 5866.2310 9437.2998 4158.4111 10197.1016 13663.9893 12366.7061 15621.0371 6666.6226 4693.2036 12089.2266 7196.8135 12057.9219 10532.8418 6342.2227 3331.5393 3463.7375 7906.8984 5114.5986 15613.6172 9325.6494 11685.3691 6086.4155 12854.6572 10511.2461 4185.2603 13211.4971 1895.4061 5506.0244 7035.7969 10043.4023 15140.9258 6097.4155 6216.7495 9718.5283 10808.0996 6710.2397 11182.7988
12390.3633 15977.0498 10391.9805 7003.4521 503.7122 14279.1611 13505.2246 17095.3945 7144.0781 18574.2871 10877.4541 9273.9844 5922.1792 9407.0547 4163.9185 10268.0820 13818.1592 12339.8047 15635.3232 6718.0811 4845.8970 12043.3623 7270.8013 11957.2256 10546.3682 6053.1772 3355.0476 3435.2419 7957.1992 5163.3647 15717.5244 9282.0352 11642.6074 6113.9648 12848.4424 10457.4639 4186.9409 13233.3408 1930.4944 5534.8979 6862.7012 10014.1797 15201.5996 6159.6606 6255.8677 9742.5957 10829.1943 6712.2271 11220.6543
12533.9297 16044.8135 10430.7324 7025.5122 483.0850 14197.1338 13479.5645 17143.0938 7286.8057 18607.2422 10849.2949 9236.5547 5838.4160 9450.0703 4189.9214 10308.1719 13787.1992 12341.5322 15698.2041 6711.1133 4841.1074 12033.6504 7245.7485 12326.9785 10614.1475 6087.0459 3364.3579 3470.1382 7929.8618 5114.1729 15755.3809 9297.7314 11697.2070 6129.1567 12922.9873 10472.8945 4221.3198 13313.9297 1901.2030 5534.6826 6867.7344 10041.7871 15286.0439 6090.5269 6180.7373 9742.3701 10845.5918 6737.2690 11223.5283
12450.1348 16120.4658 10400.6680 7000.6416 465.1686 14201.3428 13470.4248 17096.8789 7120.9941 18590.3262 10845.2793 9339.3174 5885.4780 9402.3125 4270.2080 10433.2031 13777.0723 12383.2461 15669.0459 6714.1479 4724.9111 12150.2402 7336.9082 11946.2393 10575.5391 6292.4663 3347.1826 3468.8479 7951.2124 5171.0396 15745.4277 9365.9082 11682.8193 6103.6299 12874.7578 10537.8955 4119.2607 13225.9541 1921.8380 5524.6104 6929.4531 10005.4473 15282.1836 6097.3896 6323.1025 9743.8389 10853.7959 6736.2212 11371.6328
12429.3545 15833.0791 10393.8984 6939.5088 477.5595 14261.2676 13509.7139 16993.0391 7148.4556 18554.9414 10760.6133 9304.7598 5833.7319 9391.4541 4296.9492 10209.9365 13663.0010 12287.4180 15610.7861 6754.2954 4704.9360 12173.0225 7447.1074 12053.0518 10491.9375 6226.0903 3341.5173 3479.6714 7973.6934 5204.5698 15684.9189 9214.2832 11685.9570 6100.0405 12812.4922 10426.3945 4273.6279 13150.2949 1949.7697 5523.1836 6942.3467 10015.1621 15223.3945 6111.8384 6129.4399 9818.3662 10763.8789 6741.7593 11200.1826
12472.1572 15981.8789 10344.0801 6984.8457 498.2074 14274.0752 13439.6670 16963.2734 7274.8945 18547.0605 10854.7432 9276.6943 5896.5874 9273.3037 4289.6592 10295.4277 13681.4971 12156.0020 15540.9004 6699.1797 4627.7114 12112.4082 7340.2788 12083.6924 10540.2539 6064.9639 3334.4565 3446.4187 7962.7500 5201.4277 15680.8145 9203.9707 11601.4307 6087.2798 12864.4492 10489.7617 4234.2036 13119.4668 1930.9153 5485.4644 6839.7085 10040.3818 15139.9893 6140.8994 6037.5068 9889.9414 10834.8838 6770.4639 11351.3496
12349.3291 16040.1523 10300.5840 6930.5259 434.7236 14133.7656 13412.2725 17082.0391 7164.0386 18486.3809 10738.7393 9135.5283 5948.2803 9513.6172 4113.7036 10327.9854 13695.7314 12276.7588 15581.4189 6752.7222 4495.4067 11996.2139 7324.4854 11605.1729 10446.8408 6161.2925 3363.1670 3418.1589 7969.9609 5059.0718 15692.3818 9351.7930 11704.7744 6091.5991 12889.0889 10491.0703 4212.5098 13220.5420 1849.7263 5460.7861 6849.0234 10029.2305 15190.3926 6069.2725 6299.5630 9860.6279 10815.7070 6698.2935 11217.1104
12379.3535 15846.4219 10443.7432 7007.6089 449.2769 14233.5869 13381.1875 17066.3438 7327.4590 18492.4609 10806.1025 9150.1846 5904.7095 9297.2725 4216.2227 10210.2979 13712.1504 12157.9736 15661.0801 6749.6860 4535.3599 12057.1611 7358.4844 12415.6875 10479.0918 6473.8472 3368.2959 3451.7800 7857.0381 5086.6470 15683.4111 9235.9883 11642.8975 6079.1489 12825.0439 10487.5586 4229.2681 13040.4395 1874.2010 5492.1885 6908.9287 10037.9707 15098.3682 6084.5542 6165.4302 9954.2021 10777.1748 6657.3662 11121.5039
12284.9736 15898.2217 10419.2842 6957.5747 466.4263 14187.7051 13448.5508 17115.9551 7262.0830 18543.7695 10795.5166 9156.5732 5782.9814 9402.7705 4189.2271 10097.5186 13588.7207 12284.9932 15689.0469 6707.7886 4726.7275 12181.8750 7315.4883 12313.8379 10518.9492 6183.3145 3360.6523 3437.2781 7816.0488 5094.4292 15663.7500 9258.7051 11685.6357 6105.3110 12794.6396 10405.5557 4164.9966 13087.5225 1933.9166 5514.1641 6857.8745 10010.8154 15179.2490 6026.9390 6099.7734 9851.2773 10766.7637 6751.8818 11219.9932
12345.8594 15832.9961 10402.2012 6947.6914 509.3217 14110.3438 13419.7979 17002.3535 7301.0874 18618.9746 10783.7422 9296.3848 5864.1426 9267.5918 4196.7104 10141.2412 13467.1396 12248.4033 15572.1611 6705.2661 4858.7549 12155.0801 7319.5586 12068.1357 10549.0010 6397.7866 3349.8472 3428.2075 7909.8164 5109.0303 15597.6660 9194.9141 11608.0645 6098.9717 12700.3955 10415.8105 4202.9604 12983.3945 1918.0702 5491.1348 6832.6675 10010.0928 15070.7080 6092.5049 6170.0190 9869.5010 10751.9678 6711.8794 11193.8750
12283.4980 15887.3457 10267.9414 7004.7271 526.5756 14202.9258 13365.8438 16993.0000 7279.7236 18504.9062 10775.0820 9132.7266 5857.5571 9340.1113 4323.6064 10188.9121 13552.0625 12242.2607 15586.9062 6772.1265 4880.2363 12114.6826 7278.6445 12270.2842 10443.0732 6093.3281 3338.9771 3415.1089 7936.6016 5172.0542 15610.6094 9240.8447 11606.1377 6089.2861 12800.7520 10445.2451 4241.0522 13035.4912 1908.1317 5516.5952 6851.0303 9994.2422 15140.9922 6086.7510 5980.6636 9845.6299 10785.2422 6707.6470 11198.7754
12358.4434 15940.6592 10197.5498 6941.4517 470.0334 14114.4834 13346.3906 16968.2109 7270.3687 18486.6113 10736.2188 9210.2910 5811.0366 9227.8496 4240.6865 10133.4834 13571.9336 12225.9121 15570.2363 6767.3115 4955.5352 12096.5635 7282.5967 12261.6221 10451.6113 6232.4175 3352.7051 3483.8064 7938.2236 5133.6504 15597.3955 9240.5293 11640.7715 6047.8652 12832.2393 10447.3682 4174.6353 12882.6387 1898.4705 5509.6479 6814.2729 9954.7559 15078.6318 6090.8198 6188.9253 9741.4805 10785.6426 6765.2729 11203.2617
12245.4326 15934.2461 10407.8574 6957.5039 458.4846 14080.7207 13392.2764 17002.0840 7259.2354 18487.7734 10819.5059 9180.7275 5912.0347 9285.7109 4073.3474 10220.4941 13690.8340 12246.7480 15633.9268 6772.1528 4733.4229 12082.3564 7197.5249 12016.6357 10462.9424 6388.7681 3353.1250 3438.5212 7938.2139 5068.1069 15617.9785 9262.3359 11675.6191 6043.3989 12754.0996 10341.3613 4224.1396 13033.4834 1896.0929 5515.6650 6849.3433 10029.7979 15104.7256 6067.5474 6081.8940 9732.6670 10704.8154 6690.6816 11328.7051
12381.0078 15817.4443 10490.7002 7036.9722 448.8260 14167.0947 13392.0361 17021.0039 7197.4546 18490.0293 10776.9424 9204.4209 5798.4722 9363.1309 4211.2261 10405.0947 13662.4492 12222.1299 15595.8789 6757.1528 4897.7544 12218.3389 7381.8540 12043.7930 10443.0371 6148.5444 3331.0435 3403.9587 7840.8145 5180.5229 15623.5088 9296.8203 11617.4482 6055.4253 12833.5088 10439.2842 4313.3413 13171.2051 1918.6172 5524.0396 6851.9170 9995.7656 15114.6602 6077.1396 6148.9683 9760.0811 10782.4023 6763.6465 11199.1494
12415.0732 15757.1191 10338.2227 6928.5527 461.1230 14162.5537 13439.0850 17009.8809 7191.4116 18549.4043 10876.3896 9182.6562 5907.6665 9481.4844 4239.0415 10222.0039 13778.0713 12306.8213 15637.8555 6697.2744 4992.6260 12071.9775 7264.4858 11989.7695 10519.6836 5819.1499 3360.6958 3440.0500 7866.5107 5068.2949 15612.3682 9305.4688 11722.1719 6071.5547 12786.1904 10439.4980 4136.5171 13052.9521 1935.0842 5525.8105 6917.7578 10013.2920 15096.2656 6095.4634 6088.5840 9740.9053 10757.6289 6720.3354 11448.6494
12401.5762 16021.7617 10334.9775 6960.7251 452.5133 14189.7754 13475.7666 17077.2422 7331.7007 18599.9043 10834.4697 9149.2881 5951.5352 9550.8340 4175.1104 10061.4561 13705.9463 12251.3877 15608.3848 6690.2920 4643.8403 12004.6250 7255.5332 12249.4229 10479.8320 6250.8140 3339.4268 3390.9375 7881.1187 5118.4873 15692.9795 9320.3945 11645.7812 6104.4722 12848.3770 10457.7900 4193.0298 13180.3887 1927.2321 5485.6963 6824.9111 10001.5791 15193.3525 6071.6475 6030.7358 9723.2412 10833.5586 6788.8804 11252.5322
12397.9580 15891.1660 10469.9209 6973.1465 470.1937 14179.9346 13524.1670 17048.7676 7140.0645 18528.1348 10790.4297 9290.3691 5820.1035 9427.0352 4208.8784 10251.6641 13682.5557 12381.5410 15619.2129 6760.2773 4501.9336 12089.5215 7330.9834 11906.1807 10510.8633 6185.3950 3339.8921 3388.6543 7870.5391 5213.4053 15698.6367 9308.3643 11662.2148 6078.1855 12880.6592 10465.5938 4198.3311 13176.4580 1904.7783 5467.4028 6903.6924 10071.2178 15229.7207 6064.8921 6220.6504 9827.7773 10788.7686 6742.0107 11274.4121
12338.5127 15937.3770 10317.1367 6871.5068 485.9822 14198.2041 13465.0576 17040.3828 7297.7109 18530.8848 10782.9834 9119.5156 5825.5459 9369.0723 4253.0923 10232.3164 13672.7451 12451.3506 15586.7637 6719.1436 4840.9644 12160.1348 7245.5205 12060.3320 10513.6182 6184.4478 3357.3516 3452.3997 7808.6997 5280.6626 15626.8506 9189.7803 11637.6006 6080.8218 12767.0879 10392.4316 4210.7227 12897.9971 1926.0956 5515.9722 6974.6528 10047.1260 15132.7354 6079.0991 6246.8765 9793.2314 10777.3652 6724.7529 11226.2539
12351.8008 15912.5518 10370.1104 6924.4277 480.7245 14226.4307 13464.1660 16963.7910 7221.5732 18536.6328 10813.9873 9195.4766 5864.3042 9319.2861 4077.3782 10328.7217 13693.6504 12167.9551 15590.3936 6728.5674 4627.1167 11981.8799 7398.7227 12005.3701 10524.3633 6078.9907 3363.6807 3419.6489 7898.0396 5220.3467 15652.2930 9201.7188 11628.6729 6056.9878 12845.2871 10508.2168 4252.8633 13106.3750 1948.0979 5489.2241 6981.6533 10071.4131 15188.9717 6178.4067 6060.4302 9916.1943 10770.5713 6676.6816 11361.9697
12398.6758 15849.7764 10299.6377 6996.4526 503.3413 14173.2822 13530.3086 16997.5215 7248.8335 18508.5625 10857.6514 9338.1582 5884.6289 9361.1787 4070.6772 10356.3604 13741.5303 12251.5488 15647.7090 6746.5845 4602.1494 11966.4072 7186.2271 12327.6074 10523.9121 6191.6309 3361.1074 3418.1833 7887.2788 5087.1611 15622.6201 9327.8164 11645.4189 6050.6782 12832.7461 10438.0938 4249.7891 13034.2080 1911.3005 5516.6821 6801.0757 10063.1221 15137.5586 6105.6084 6065.7402 9846.8848 10735.8066 6678.5732 11275.2539
12442.5947 15906.4014 10221.4033 6885.1279 473.2037 14154.2568 13544.5508 17005.3145 7325.6211 18551.5273 10858.6172 9144.5117 5853.4775 9303.5322 4138.5962 10231.5000 13648.6152 12358.1338 15616.8506 6745.1099 4861.7002 12109.3066 7246.5513 12102.5801 10570.9463 6216.3447 3354.9292 3431.9841 7835.4565 5170.6465 15631.7041 9225.7861 11630.8154 6092.5728 12865.0449 10434.1973 4188.3999 13123.6396 1956.3657 5494.0288 6835.1650 9976.4150 15142.2861 6141.2100 6122.1016 9671.9258 10786.9756 6667.7637 11212.9512
12392.9600 16048.3447 10297.2871 6934.2915 478.7787 14169.0312 13451.1533 16978.3535 7304.7798 18528.0039 10842.1719 9283.9443 5938.8335 9426.8906 4142.5908 10006.3525 13684.7510 12318.9531 15631.7539 6698.2959 4819.2192 12090.4033 7216.0132 12272.1865 10514.8096 6338.1523 3319.6365 3379.9197 7810.7446 5129.5801 15672.4072 9238.4834 11710.9941 6091.4097 12778.6924 10416.3506 4292.0815 13020.8076 1923.6942 5514.7773 6731.2002 10037.8789 15173.3262 6113.0957 6090.5366 9768.8369 10752.3906 6756.1392 11147.6963
12338.5439 15972.6318 10374.4922 6963.7266 491.5867 14151.7568 13390.9492 17124.9297 7215.4287 18541.3418 10790.1279 9308.7744 5865.5469 9222.4678 4230.6445 10278.3506 13693.5850 12253.7197 15648.0820 6703.7427 4980.6982 12124.8652 7253.8550 12086.9854 10496.9180 6175.8867 3319.9294 3411.4128 7875.3286 5162.6323 15630.9697 9270.5186 11696.3594 6048.0352 12830.1328 10388.7832 4294.7612 13263.3457 1956.1074 5503.2646 6779.0288 10020.6650 15147.5859 6117.1797 6223.9487 9843.0039 10743.9990 6759.1592 11277.5391
12196.1914 15937.0342 10310.1641 6972.7358 483.6462 14210.7949 13481.2725 17026.5488 7301.0962 18566.7363 10852.5869 9226.1328 5907.7915 9340.5801 4178.1089 10003.7842 13711.3691 12277.7012 15585.1348 6721.0566 4857.1191 12071.8945 7265.2910 12050.7246 10535.8281 6353.6377 3353.9475 3452.6733 7894.0752 5160.0591 15659.1436 9141.2969 11639.6055 6128.8345 12711.9990 10380.4883 4234.2705 13035.2832 1861.2654 5492.0527 6802.5732 9997.2959 15106.1611 6116.7134 6198.0752 9733.7822 10759.7637 6689.6768 11263.5957
12502.7578 16026.5723 10351.8057 7005.6582 517.1799 14285.1221 13509.4365 17022.9980 7252.1689 18547.5000 10877.2217 9162.5381 5858.5557 9514.5137 4222.3735 10152.9316 13725.6680 12209.6689 15635.5586 6706.1851 4906.9116 12072.8389 7333.8408 12242.3428 10514.3359 6038.3052 3333.1201 3467.0637 7860.5059 5240.3496 15678.3418 9250.0234 11650.1602 6097.3101 12804.3477 10528.5732 4208.6152 12971.6963 1911.3210 5490.1626 6786.2588 10043.3359 15126.2715 6123.3999 6256.2295 9889.4619 10819.5488 6777.7344 11528.8428
12386.1221 16095.3877 10360.6992 6958.3037 480.7155 14181.8555 13418.6064 17166.9141 7140.7588 18543.2637 10805.8906 9360.6064 5779.5894 9278.0039 4123.5278 10269.8613 13764.2812 12201.6045 15675.0850 6775.8286 4775.9419 12164.0547 7290.1050 12159.7490 10463.1230 6046.1870 3338.0837 3405.2708 8050.9180 5267.1636 15643.4336 9261.3555 11683.7578 6065.0498 12883.7793 10499.4307 4230.4302 13050.5391 1944.3761 5553.4556 6885.0503 10076.0215 15132.1494 6139.5640 6332.3359 9840.8711 10773.5859 6739.5732 11315.6406
12377.8701 15903.8076 10301.2627 6878.5903 448.2575 14219.2988 13402.2314 16968.6250 7230.4150 18547.7012 10833.1719 9208.9736 5823.1694 9299.6406 4054.0115 10286.6426 13709.5869 12154.8896 15651.7158 6710.1899 4558.9458 12033.5986 7233.7261 12002.2910 10505.5654 6118.4355 3341.1494 3395.4595 7952.3135 5041.0142 15672.6572 9322.7793 11721.5137 6061.7236 12847.6338 10509.5244 4128.8149 13299.8457 1851.1101 5530.5864 6917.2754 10072.4541 15153.2734 6151.1138 6026.0420 9899.4336 10809.2402 6731.3755 11266.1494
12347.2236 15770.8672 10355.5557 6892.9180 469.9299 14173.1680 13323.0557 16916.5449 7196.7505 18503.6738 10702.1445 9228.3486 5800.0596 9260.7959 4226.1455 10298.7520 13651.5791 12274.0811 15632.8125 6725.0332 4838.1963 11977.8535 7257.3003 11964.1758 10452.0283 6197.4482 3334.9966 3450.3801 7919.4097 5037.4473 15617.4238 9249.1973 11654.9307 6040.4634 12763.6543 10358.8848 4127.1880 13001.2383 1868.7764 5464.6875 6843.3745 10022.4258 15121.4082 6077.6963 5972.7734 9778.5654 10739.0459 6736.5122 11181.8486
12301.8848 15905.2852 10362.6416 6960.6870 475.7680 14199.3027 13304.8691 17009.7324 7341.5640 18452.7090 10738.4268 9220.8311 5817.6504 9445.8320 4109.0278 10023.3350 13702.3770 12145.0469 15680.6768 6748.1704 4749.0640 12119.2129 7354.6450 12151.1035 10384.8027 6137.5903 3344.4756 3480.5454 7891.5317 5066.5103 15616.1611 9228.0312 11637.5742 6063.0688 12709.7617 10375.3711 4254.9009 12870.6904 1895.1302 5518.8682 6951.1406 10006.4746 15111.9189 6085.9614 6115.1035 9824.2480 10722.4238 6739.0806 11377.3779
12232.2920 15703.8770 10335.3809 6968.7090 467.2840 14055.9180 13288.3438 16970.1387 7226.2427 18562.4785 10816.9531 9280.4980 5877.6353 9446.1719 4198.6948 10002.9014 13698.9648 12255.3770 15581.1777 6710.3643 4794.8691 12185.3203 7265.2451 11897.1025 10405.4746 5995.6143 3342.5359 3424.9858 7828.5645 5108.2974 15601.6348 9213.3369 11609.7002 6077.0190 12752.2822 10417.5723 4130.1572 13007.8730 1934.3771 5493.1831 6905.8804 9981.0039 15063.6426 6025.6201 6028.5459 9856.3594 10774.7979 6685.1704 10985.1348
12312.6797 15777.2871 10344.2988 6981.1431 482.7566 14140.0820 13341.1807 17041.0977 7284.2695 18563.8418 10736.3330 9310.9443 5933.9136 9411.7676 4154.1543 10042.7480 13597.6709 12161.9697 15643.0869 6766.7603 4610.5371 12110.8496 7295.0840 12046.5078 10426.1846 6192.1787 3336.0955 3445.4807 7874.9248 5119.1255 15656.6582 9272.4766 11683.3438 6078.8706 12744.0898 10392.0830 4231.2876 13167.7734 1955.2339 5524.5835 6948.7856 9996.1846 15101.3779 6063.3091 6088.4336 9755.7744 10759.1211 6717.4399 11077.2500
12376.7334 15853.5430 10389.6660 6947.4922 499.0244 14182.1406 13476.7344 16964.9023 7225.4448 18528.1816 10794.0449 9285.9658 5939.9375 9239.5449 4257.7900 10271.1504 13684.7920 12241.2705 15644.4365 6690.3657 4840.7954 12198.5312 7193.7251 12125.2754 10538.0527 6388.3320 3348.5459 3453.0796 7822.4131 5125.9697 15628.0986 9326.2539 11627.6885 6069.7417 12835.5957 10526.5332 4040.5859 13220.6426 1894.7773 5509.8071 6879.6606 9999.3018 15190.2627 6030.8164 6018.8491 9809.5986 10756.8945 6747.1235 11121.9004
12374.1074 15900.1709 10364.8086 6878.9473 507.4219 14123.1484 13479.7900 16938.3535 7255.4717 18539.5273 10807.9414 9174.3486 5907.9351 9378.1074 4139.4487 10080.2090 13609.1943 12336.2959 15555.6475 6768.6270 4707.5376 12200.2139 7283.4448 11999.2012 10495.0508 6389.0820 3347.8499 3402.8271 7913.8057 5229.0034 15609.3730 9242.3057 11665.8613 6097.7983 12825.5303 10426.2793 4185.6167 13076.8750 1883.9666 5505.6294 6900.8516 10043.6641 15176.8271 6100.4785 6130.5840 9688.2031 10777.0508 6723.3462 11126.4746
12369.6250 15863.5947 10553.4365 7038.4536 476.2462 14221.3760 13429.6123 17066.5020 7089.7109 18504.8320 10828.0254 9285.6924 5855.4219 9433.0996 4078.2952 10310.1562 13730.4707 12355.9551 15656.3926 6695.7812 4573.3979 12146.7217 7204.8662 11922.1035 10493.0449 6256.3335 3341.3394 3416.5312 7978.0181 5154.1406 15640.2109 9282.0840 11677.9414 6088.9238 12882.2432 10469.8594 4173.6050 13176.1855 1834.1903 5527.1807 6833.8301 10037.6455 15176.6250 6111.0273 6157.7661 9751.0547 10847.7842 6770.9985 11240.4102
12283.7832 15983.7666 10377.4248 7051.8105 466.7842 14155.2080 13407.1309 17080.0215 7250.2739 18530.1348 10777.3457 9236.4580 5853.5356 9286.4639 4219.0352 10184.3809 13658.6543 12175.8750 15620.0400 6735.6157 4746.9629 12113.3076 7235.7178 12217.8652 10532.5977 6267.6758 3346.0737 3423.1562 7938.5254 5152.0908 15667.5986 9249.1982 11653.0352 6066.6523 12797.1992 10412.2881 4087.4192 13101.4346 1888.9337 5501.3389 6905.3691 9954.9414 15149.2207 6084.2891 6298.0938 9739.9795 10738.3301 6731.7539 11311.7295
12196.9912 15872.1543 10385.1904 6944.5811 468.0394 14196.3271 13455.6172 17052.3750 7179.4316 18547.6445 10741.9941 9106.4814 6049.3521 9423.3008 4274.9673 10145.6533 13710.8887 12262.2158 15609.3330 6742.6094 4791.5249 12042.2559 7395.1221 11682.3564 10500.9443 6161.9478 3331.4946 3411.1733 7895.6279 5074.9966 15681.0713 9251.2256 11654.2080 6084.5269 12826.9570 10437.9697 4221.4556 13175.6055 1907.7881 5451.1807 6926.0693 10068.4678 15186.7725 6141.7373 6344.3657 9830.4727 10785.3730 6681.1172 11347.9072
12446.9561 15893.4863 10414.5391 6985.6060 485.8656 14238.8359 13409.9033 17118.1445 7244.5225 18546.8359 10790.8467 9234.3057 5865.8711 9406.4346 4247.4448 10271.0811 13722.8232 12272.4053 15660.5879 6736.3999 4861.8525 12103.0889 7301.1504 12044.5049 10452.5332 6248.3228 3350.0183 3449.7114 7927.2910 5105.2842 15717.8818 9233.5264 11702.2676 6080.8018 12869.3037 10431.2578 4160.0557 13103.9541 1937.8533 5488.1362 6943.8979 10050.5029 15154.6602 6122.9946 6152.8145 9997.8945 10816.6914 6751.1465 11357.2256
12363.9795 15993.0605 10370.2500 6972.0684 466.6484 14165.9922 13481.6211 17047.5078 7253.3755 18609.1602 10839.9746 9231.5771 5917.2241 9395.7939 4224.8066 10267.5635 13725.6074 12223.0312 15649.0195 6758.5410 5005.9077 12165.1445 7348.0923 11944.4561 10520.4775 6327.8779 3358.5588 3452.7458 7977.2900 5168.0488 15682.8145 9280.8887 11644.5586 6081.6489 12836.2344 10416.3066 4228.9863 13013.7139 1892.5844 5517.8140 6880.1387 10074.4775 15250.9238 6067.9185 6165.3433 9863.8535 10817.4033 6728.0703 11240.0400
12529.7393 15928.6074 10485.9375 6994.4072 500.7055 14256.4717 13305.8164 17053.0000 7430.2007 18507.4062 10787.1963 9102.4141 5863.4502 9307.2607 4249.3452 10268.4502 13737.3701 12207.4336 15639.7402 6818.8853 4768.0435 12188.1914 7379.9917 12337.1592 10491.6562 6268.9478 3369.4656 3472.8103 7973.7012 5151.1265 15667.5508 9272.8584 11653.5586 6034.3018 12845.0469 10498.7100 4308.9844 13220.7383 1895.2975 5538.3164 6863.8486 10030.8672 15187.3877 6072.1636 6210.9302 9836.5186 10759.1133 6734.8823 11248.7090
12336.9131 15696.9912 10302.7510 7081.2422 502.8244 14173.1387 13390.8896 16861.8066 7088.3442 18490.9922 10832.4375 9130.4805 5907.5845 9298.9473 4192.7192 10247.3535 13719.9434 12379.1855 15583.4824 6719.0522 4744.7822 12090.7070 7305.9448 12303.7793 10393.8447 6136.8403 3346.3845 3423.1309 7880.1431 5127.8716 15601.4404 9253.7686 11639.6826 6067.3120 12807.6406 10458.7529 4233.6968 13280.3809 1904.6215 5506.0693 6830.7310 10005.9922 15182.6611 6095.2305 6054.0630 9832.2861 10756.9629 6702.0596 11330.6992
12402.3545 15825.6680 10265.9355 7013.1123 488.5569 14117.0898 13453.3262 17047.7617 7302.0708 18525.7910 10924.0254 9168.6885 5860.3638 9309.6514 4208.3198 10236.0322 13697.8906 12319.3242 15612.4834 6702.3760 4782.2417 12114.0176 7251.1841 12323.4707 10487.0859 6171.0732 3337.3835 3445.0278 7857.5708 5135.4785 15615.6992 9343.4570 11593.6533 6079.6226 12814.7539 10439.7852 4186.7266 13236.2305 1916.1533 5525.2798 6826.8794 10045.2275 15165.3975 6137.7534 6130.3843 9728.6191 10784.1904 6690.5527 11282.7148
12404.4102 15910.3584 10258.9590 7034.9253 522.2740 14124.0215 13466.5859 16955.9688 7265.2510 18457.2539 10767.3467 9195.3066 5935.0020 9378.8398 4179.3979 10303.5752 13805.6348 12231.4424 15605.5596 6711.7300 4719.4082 12043.0986 7293.2368 12233.3818 10519.3379 6213.0244 3320.1892 3395.2522 7907.1035 5056.0410 15622.2891 9211.1982 11676.4707 6085.0752 12787.0137 10405.1230 4229.0879 13116.1172 1901.3074 5479.5498 6778.6274 10009.4082 15123.6826 6091.2319 6265.9155 9934.3350 10746.9932 6684.8433 11283.8701
12506.6377 15958.1455 10408.3643 6971.2964 500.6680 14167.8848 13549.5400 17101.5078 7290.3281 18527.2734 10823.3623 9185.9268 5889.1353 9410.2305 4165.5015 10155.0479 13718.5732 12309.6094 15603.9258 6703.3232 4816.3311 12085.5342 7265.8052 12313.2637 10531.2754 6264.9224 3329.0520 3438.5032 7957.9922 5137.5327 15659.1455 9253.0654 11611.5576 6088.7666 12818.2500 10407.3213 4156.9126 13151.2646 1926.9427 5505.5635 6838.8647 10033.4131 15140.1328 6134.8301 6168.3789 9882.4316 10795.1074 6700.6152 11347.7949
12419.9482 15947.0039 10588.4062 6900.1719 442.7442 14187.6729 13467.0820 17076.0938 7308.6436 18559.8105 10930.7939 9335.6973 5897.7280 9338.8965 4187.5264 10207.7998 13791.6846 12269.2246 15640.5508 6760.7437 4488.7026 12074.6113 7269.0586 11902.9297 10538.9453 6117.5825 3330.0940 3452.7817 7975.9263 5157.7739 15634.6387 9261.7725 11667.7666 6054.8960 12829.2227 10430.0996 4201.3198 13131.5879 1910.8383 5478.4839 6989.2549 10097.6201 15174.6201 6139.9614 6195.5532 9730.4980 10774.0928 6727.8408 11350.1230
12446.5654 16112.2490 10367.2588 6960.8833 475.3185 14227.7900 13447.0557 17064.2422 7269.7979 18531.5996 10793.3906 9330.0625 5851.7144 9449.9111 4326.2207 10283.7695 13732.8057 12210.0928 15606.4131 6740.8770 4835.9272 11993.1387 7257.8657 11877.0693 10542.7959 6339.2485 3337.4756 3439.3074 7965.7988 5160.0923 15693.2344 9261.2207 11641.5703 6095.1250 12838.2314 10451.2920 4193.6138 13152.3516 1909.2423 5496.8472 6873.6460 9995.8086 15210.5938 6115.6309 6182.9683 9802.5273 10779.9248 6691.0698 11306.9912
12252.1758 15874.4961 10373.7305 6986.5098 491.6397 14290.8350 13301.2197 17002.6934 7188.5376 18496.7051 10849.8428 9212.2559 5842.8555 9482.6904 4251.0146 10242.9629 13676.9883 12306.7070 15668.9180 6740.2920 5183.3457 12075.0166 7245.0264 12050.8467 10404.9639 6299.8218 3333.8455 3431.9243 7962.2910 5177.7051 15666.2422 9205.9385 11706.4883 6045.2349 12842.0859 10494.7852 4165.4805 12979.6016 1874.1001 5487.3848 6830.0889 10024.1621 15145.8457 6023.2734 6246.9121 9904.1621 10850.9912 6785.6182 11186.6260
12381.2002 15816.8945 10515.1250 6888.3721 490.8815 14225.8203 13436.0850 17030.5410 7274.9692 18498.3047 10846.0410 9300.1533 5890.4092 9401.6006 4103.2622 10220.9414 13597.9697 12196.0264 15634.9482 6707.0557 4813.6060 12177.8506 7330.6089 11888.6064 10512.0713 6207.0425 3345.0461 3415.5583 7947.6836 5196.4980 15625.3809 9198.7197 11652.8457 6067.3975 12880.4092 10524.0508 4240.4253 13126.0264 1950.9982 5521.8618 6898.1519 10036.9922 15142.7227 6055.5474 6277.7202 9868.6631 10768.0312 6714.6743 11290.9297
12428.3730 16057.4053 10418.9092 7001.3779 473.8109 14205.7666 13556.7373 17073.6992 7261.0234 18501.5098 10828.8213 9332.4424 5827.2847 9444.4111 4140.0562 10225.5684 13679.2344 12357.4414 15623.6797 6698.7827 4391.2002 12074.0693 7402.9736 12133.1885 10534.8662 6220.7773 3362.0986 3443.4509 7873.5669 5047.2881 15679.4336 9276.8848 11657.4287 6092.4380 12866.7607 10440.2109 4199.6904 13191.3145 1893.7393 5516.6270 6901.3936 10035.2676 15165.3262 6077.9453 6173.9155 9981.8574 10748.7822 6743.6665 11273.4180
12499.0938 15930.2012 10246.0020 7000.3018 483.2249 14170.8740 13444.6992 16999.8223 7205.6484 18513.9258 10840.3262 9241.0742 5981.2759 9432.4424 4245.4458 10127.3535 13695.9746 12317.0410 15649.7646 6743.3740 4588.1514 12113.1299 7222.7607 12303.1201 10579.2373 6335.9971 3373.3550 3441.3186 7867.2983 5098.2798 15645.4658 9227.3418 11618.8379 6055.3691 12849.1016 10387.3906 4164.4419 13044.0049 1951.0068 5498.5972 6831.5518 10018.7607 15164.4873 6097.5327 6085.0649 9918.2441 10738.1699 6752.0718 11256.0586
12275.0352 15864.5674 10306.7578 6997.8394 489.8124 14174.4395 13441.9297 16982.5254 7285.4111 18566.0684 10826.1475 9154.7598 5916.3555 9291.5215 4144.7358 10248.5303 13694.3262 12292.3242 15590.4629 6757.4971 4668.1875 12185.0361 7194.5703 12071.7256 10561.2656 6215.9224 3342.4861 3445.2295 7881.6646 5146.0195 15630.2676 9353.2383 11700.7969 6066.5698 12776.5488 10470.4932 4247.7021 13149.2783 1930.6774 5492.6079 6875.2183 10002.3281 15132.7754 6036.5903 6170.9077 9816.6943 10754.4590 6776.6650 11240.4619
12455.0947 16044.2578 10360.6621 7029.4180 511.4623 14264.9600 13563.6670 17067.9434 7254.5957 18576.3984 10777.9414 9300.9795 5845.2041 9467.6211 4217.9297 10253.5928 13762.3174 12270.5859 15643.7451 6717.4248 4700.3916 12091.4678 7412.6553 12308.9072 10540.3965 6243.0454 3341.7944 3431.1948 7841.9502 5165.1118 15723.6133 9272.8994 11640.0479 6117.8457 12819.0576 10453.6914 4209.6562 13079.8838 1897.3654 5519.2021 6841.7612 9994.6582 15199.9590 6111.6489 6260.4517 9784.1982 10825.8838 6716.5474 11298.6123
12475.5195 15999.5332 10271.4092 6871.7612 452.5656 14208.2383 13469.6729 17002.6152 7216.7739 18499.6328 10853.5996 9261.9941 5884.9756 9413.4443 4224.0386 10224.4531 13742.9629 12240.5039 15572.7627 6714.2090 4873.5200 12018.9111 7363.1372 11932.1172 10527.4180 6034.3960 3332.6382 3430.5066 7863.5176 5138.0444 15638.1357 9273.4707 11620.3994 6089.4854 12878.5898 10484.0469 4228.7778 13133.0146 1922.2521 5473.3687 6788.3701 10055.9531 15114.3965 6111.8667 6136.5605 9719.1865 10805.7158 6750.1665 11231.1250
12440.6006 15938.1025 10399.0322 6992.8330 436.9136 14200.6777 13491.4658 17045.2539 7295.4707 18516.6680 10851.9902 9350.1709 5821.5522 9296.3857 4095.2700 10397.4297 13660.5459 12207.4150 15611.5439 6745.8867 4827.3555 12004.1777 7265.5586 12048.0654 10505.7705 6126.0596 3367.6648 3395.9082 7931.3696 5125.2739 15702.4658 9280.5146 11635.4072 6090.7451 12915.4932 10535.9824 4251.0459 13372.6582 1979.2156 5535.8789 6860.4712 10022.1553 15232.4355 6105.7192 6094.5078 9746.3174 10826.6074 6745.3599 11221.4473
12398.5684 16005.7627 10434.8623 6917.0693 511.1039 14153.6641 13496.9219 16861.4453 7182.6792 18446.7266 10767.6104 9201.5156 5831.0532 9378.8779 4170.7495 10308.5586 13703.7744 12250.1338 15569.3154 6758.7266 4491.0044 12072.7803 7268.7104 12260.6133 10574.5352 6187.1831 3349.8650 3412.4961 7947.0669 5120.4204 15631.3008 9204.0752 11665.9326 6078.2910 12809.5547 10367.8076 4175.4531 13096.6221 1846.3156 5530.3066 6971.8574 10010.6582 15146.9902 6126.8086 6026.0898 9900.1084 10756.9307 6704.2344 11222.0674
12449.7676 16045.6475 10395.7227 7062.9663 474.9857 14144.1924 13529.9102 17029.1348 7239.0156 18548.2324 10853.2812 9298.2695 5862.5195 9385.6006 4196.7456 10230.9482 13690.2676 12243.0537 15622.1367 6718.0737 4621.9219 12093.0361 7282.2764 11894.9277 10626.5156 6022.4897 3347.5642 3423.0046 7911.6860 5084.6484 15670.5508 9264.3223 11679.8145 6082.9585 12760.4297 10418.3799 4191.2007 13076.8633 1986.6360 5480.1602 6836.6504 10029.0273 15153.8340 6105.4565 6046.8398 9840.4199 10777.9209 6685.2441 11277.2646
12349.4551 15949.7539 10326.2979 6983.7661 470.0161 14223.7129 13527.9756 17077.5566 7260.2681 18578.8379 10736.8672 9209.4893 5868.8276 9299.3643 4234.9658 10206.6250 13577.7354 12188.3662 15664.4004 6659.9360 4850.0801 12232.8779 7294.9033 12137.0137 10537.7646 6261.6860 3322.0452 3448.4294 7865.4165 5164.2778 15633.6650 9277.4424 11715.3838 6099.4390 12794.5186 10477.8945 4196.1636 12902.2520 1900.0210 5471.1929 6837.4004 10074.4717 15136.7998 6120.6816 6072.8950 9865.2285 10787.7158 6719.8374 11208.4541
12219.2500 15974.5205 10465.5195 6973.9150 427.1649 14184.9014 13499.1670 17071.0762 7147.5396 18561.9453 10817.8438 9385.5039 5735.7788 9373.2451 4212.5547 10336.9414 13728.6367 12338.2012 15629.5742 6748.6377 4681.5674 12178.4404 7274.4556 12115.1396 10502.8135 6161.9224 3329.2715 3438.8596 7904.7158 5180.6997 15626.3867 9321.3271 11664.8291 6080.2256 12830.2822 10394.8281 4124.8413 12992.5996 1940.5131 5488.2847 6848.1152 10020.7070 15151.1318 6141.8325 6064.9829 9794.3086 10784.5234 6750.5078 11282.9990
12470.1621 16053.5088 10367.6904 6991.9639 490.5749 14164.1152 13416.0635 17045.0449 7267.3179 18532.2305 10816.2002 9267.0879 5872.7183 9529.8838 4250.0806 10189.7471 13607.8672 12308.3838 15627.3359 6772.5796 4732.7178 12196.2744 7281.9702 12029.1240 10486.3115 6111.0151 3339.4321 3414.2102 7957.4272 5263.5220 15678.8418 9238.8330 11626.6582 6060.2139 12834.5879 10480.0957 4229.6689 12871.8828 1920.5975 5526.3833 6810.3486 10008.1982 15178.9170 6114.5503 6208.9155 9777.1055 10787.3740 6773.6084 11239.5645
12291.3936 15851.4580 10277.1592 7028.2354 489.2147 14279.2588 13234.7314 17034.2148 7255.0435 18574.5508 10809.3047 9110.8213 5830.5981 9338.0332 4189.6304 10232.1797 13626.6924 12315.8096 15536.5977 6757.1294 4892.3989 12117.9092 7255.9136 11987.4707 10365.5732 6305.3584 3345.4805 3421.5845 7830.4390 5187.1958 15599.1387 9326.0469 11603.2686 6034.0352 12829.7773 10499.7695 4218.7202 13231.3721 1898.5918 5569.5498 6886.5747 10035.0156 15147.8691 6104.5654 6227.9922 9847.4199 10812.7930 6723.5815 11165.3164
12161.3496 15744.5566 10432.0391 7037.6758 452.9323 14188.9209 13369.6387 17021.4062 7206.6543 18518.9941 10725.9619 9279.7598 5894.8911 9445.8203 4151.9409 10228.2070 13673.1455 12301.7539 15624.5977 6721.2944 4650.9102 12118.5586 7268.9941 12223.2842 10391.9385 6226.2998 3355.8940 3405.3669 7841.4331 5122.0430 15614.3301 9283.5576 11667.1074 6060.9336 12840.1084 10477.7207 4237.1177 13089.0332 1894.2878 5503.5703 6794.4771 9959.9512 15154.9434 6031.6025 6122.6602 9818.4580 10784.7354 6712.6660 11253.4424
12457.9795 15896.4033 10348.0088 6975.3618 481.0147 14245.4561 13413.9531 17063.1641 7298.4805 18481.0000 10760.1855 9171.5762 5938.1519 9342.3477 4232.7314 10186.7949 13546.6123 12332.4268 15635.8027 6722.4839 4619.7817 12125.0127 7313.6929 12259.5615 10498.9746 6193.0942 3346.9924 3466.9509 7926.7510 5110.1680 15697.0059 9248.3408 11686.7988 6101.3291 12862.5137 10460.9004 4300.1548 13112.4912 1928.3314 5505.3501 6817.2754 10016.6904 15138.9521 6068.1982 6095.2627 9750.2637 10815.2744 6762.5186 11226.0146
12332.7900 15856.5830 10288.8574 6999.9634 512.8709 14197.0361 13282.6807 17104.1758 7376.4663 18587.4258 10835.6875 9306.9092 5791.8882 9411.0352 4200.2891 10162.2354 13672.1875 12094.0430 15663.5576 6733.5137 5005.3198 12020.4600 7208.3149 12194.7383 10417.0889 6219.7817 3346.8970 3452.2009 7913.8765 5120.5757 15618.6963 9211.1025 11718.7549 6064.0454 12749.5557 10428.9375 4157.6841 13023.8408 1873.2260 5547.6318 6858.0137 9998.1465 15183.1953 6054.7002 6126.0405 9663.7363 10803.9199 6762.6338 11239.5693
12278.0664 15906.4189 10463.6123 6981.8945 503.7136 14172.5693 13374.6465 17053.9453 7356.8813 18547.6855 10744.9756 9038.3672 5899.6528 9393.4531 4245.5107 10147.6738 13677.0859 12221.6494 15601.5996 6721.8145 4996.0845 12066.8545 7389.9941 11975.3281 10470.9492 6143.5688 3359.3293 3416.4595 7938.6670 5153.8022 15639.3301 9299.4062 11664.5732 6087.1289 12775.8271 10389.1094 4224.0586 13123.4863 2024.4049 5524.6494 6944.9263 10018.6465 15157.5410 6083.2788 6197.5107 9873.1973 10761.1064 6718.6201 11209.6855
12344.8047 15781.2471 10334.2988 6895.8115 454.1094 14150.5957 13420.2900 17012.9492 7202.8296 18559.0020 10751.5654 9233.0830 5885.1030 9319.6865 4230.4248 10172.3975 13608.8906 12186.5869 15573.6240 6681.5161 4767.8003 12163.3555 7300.9785 12057.7393 10472.7070 6046.2896 3349.8601 3471.8020 7933.0190 5164.3193 15654.7090 9249.9473 11611.2979 6087.5396 12825.0400 10499.5742 4206.0557 12993.7754 1860.2703 5505.9443 6918.6284 10052.7900 15122.7646 6104.1235 6273.9136 9678.3184 10814.8779 6741.4673 11225.9248
12164.9443 15903.0088 10314.1143 6901.9019 504.1669 14116.4551 13376.2402 17036.4688 7123.3896 18487.5488 10765.4082 9268.5205 5939.6519 9233.0840 4081.4548 10334.0430 13589.4395 12292.1953 15656.7568 6731.4263 4969.1011 12045.3506 7248.3599 12029.2090 10464.8750 6202.9355 3348.6697 3445.1064 7957.4214 5080.7886 15661.0889 9324.6016 11694.2744 6044.8560 12807.8027 10427.6875 4191.0254 13272.3633 1904.6752 5476.0957 6785.3506 10007.0381 15161.6104 6061.3037 6056.8257 9968.4580 10741.3223 6670.9507 11321.8252
12323.7246 15867.9824 10270.2852 6918.9297 539.8484 14133.7334 13415.0176 16904.8164 7208.4912 18475.5254 10790.6074 9229.4072 5885.1313 9355.7012 4142.8916 10269.2090 13610.7676 12274.5078 15576.3154 6667.5957 4670.7319 12114.1475 7252.0908 11899.4150 10425.6992 6098.4531 3345.5718 3427.7681 7866.4795 5169.2222 15630.9697 9252.3232 11610.6904 6057.6265 12834.5791 10406.9131 4149.4233 13154.7158 1885.9674 5473.9521 6826.1250 9967.2754 15094.9170 6083.0190 6172.7002 9809.5068 10736.6279 6692.5776 11124.3428
12425.2822 15843.4082 10363.6650 6936.4766 479.9332 14193.8457 13439.6963 16941.4434 7229.0767 18521.5488 10820.0820 9146.7930 5879.3164 9265.0469 4127.2720 10134.4561 13695.6348 12411.0107 15603.4746 6705.4209 4558.6948 12270.8730 7338.7954 12253.5400 10509.8066 6181.2759 3340.1938 3430.7639 7973.0820 5150.3340 15673.7549 9275.4443 11602.5400 6075.3564 12888.5762 10484.2090 4254.0049 13017.5508 1983.5435 5504.4829 6862.2188 9990.4473 15177.5625 6083.3242 6146.0068 9782.9893 10797.9521 6714.8589 11125.2109
12395.7988 15963.8545 10355.9785 6952.8872 491.0434 14093.1562 13391.6230 16959.0996 7288.9619 18612.5430 10847.8721 9338.4629 5789.8926 9328.1660 4218.8623 10154.4307 13664.1445 12255.1201 15583.8916 6747.6133 4834.8335 12127.8594 7270.7070 12034.8760 10474.2871 6212.7061 3360.3311 3440.4973 7838.3877 5129.5962 15647.7939 9215.8408 11667.0449 6090.9663 12809.5205 10468.4980 4293.3042 13172.0654 1871.4281 5474.2910 6863.2412 10021.3301 15150.8779 6101.0933 6161.9131 9777.7051 10795.2617 6723.2451 11089.7451
12400.2168 15887.5537 10446.3350 6949.2451 469.6606 14178.1309 13372.1953 17029.5938 7317.3564 18544.7832 10798.4902 9245.2441 5846.9106 9374.8486 4280.3130 10174.3428 13798.6543 12220.3262 15608.6631 6773.3594 4557.9966 12068.6504 7282.9736 12129.9658 10520.7295 6417.1582 3363.1587 3446.7532 7917.5151 5194.9722 15618.7129 9232.8369 11597.8926 6061.9370 12819.7568 10432.1943 4150.7910 13177.2354 1892.4611 5466.3999 6967.5000 10123.7070 15082.6533 6103.7124 6031.5215 9859.7168 10788.5010 6728.8428 11393.9219
12492.2549 15888.7383 10453.5459 7105.0420 444.1180 14184.2793 13486.9072 16966.5645 7341.3008 18550.7578 10767.4561 9289.0039 5965.4502 9356.4473 4241.5791 10047.1133 13672.4854 12304.5928 15655.3018 6733.5708 4669.6558 12088.5996 7305.5825 12305.6904 10534.9834 6316.7969 3342.7107 3458.7307 7872.8794 5211.1245 15647.8525 9256.4424 11652.6426 6095.5571 12844.6045 10487.4160 4162.3076 13141.4346 1867.2882 5510.5601 6933.4653 10037.0459 15116.9639 6102.2002 6180.5254 9900.6006 10767.3320 6744.5088 11177.1680
12375.1650 15846.7217 10232.9375 6941.9463 412.0665 14136.1689 13557.7627 17023.0410 7262.4819 18556.4492 10858.2871 9052.8389 5822.5425 9373.1719 4138.2173 10391.3115 13567.5391 12259.7725 15574.6104 6690.9150 4776.2139 12011.8086 7280.9077 12218.3281 10482.6133 6352.4087 3382.7483 3432.6362 7886.9106 5141.8701 15677.6943 9218.1885 11711.3545 6117.9097 12804.0000 10479.8076 4102.9878 13138.0078 1850.2020 5504.9907 6787.7788 9953.5254 15173.6641 6082.7295 6148.6118 9787.0928 10817.7773 6708.6694 11267.7969
12393.0410 15928.9980 10298.6045 6928.4443 485.8599 14192.3906 13477.0420 16900.8242 7248.0205 18561.5820 10813.1973 9165.7021 5765.6807 9416.9424 4195.7480 10122.3359 13775.4307 12223.4570 15562.4434 6727.5391 4691.4644 12110.8496 7334.3804 12060.5381 10539.5840 6096.7563 3364.8477 3415.7505 7923.9702 5158.1172 15604.0391 9299.1289 11656.9336 6084.9761 12785.1025 10449.3301 4265.4678 13023.4922 1967.6296 5523.6138 6992.3115 10019.2080 15123.1865 6125.7598 6193.4160 9718.0391 10788.3447 6719.3877 11331.9678
12408.4199 15962.7090 10465.8545 6988.4116 469.3678 14213.0625 13453.4268 17042.1016 7261.7422 18563.7871 10835.2646 9366.6914 5895.5918 9415.4736 4180.8271 10320.1152 13632.4707 12288.2412 15667.3506 6709.5859 4986.7852 12036.8135 7250.0479 12211.0869 10579.4160 6166.4785 3324.3364 3439.6230 7975.1074 5051.9414 15674.8418 9197.8701 11651.0586 6090.5513 12768.0137 10342.3613 4247.3516 13124.8779 1898.4199 5502.7603 6914.2432 10048.6738 15162.4805 6126.8687 6111.6191 9844.8125 10741.8867 6728.9321 11291.1182
12569.8994 15937.5723 10335.7256 6927.7627 439.9949 14150.5566 13495.1855 17171.5645 7219.0049 18579.6719 10911.3301 9248.4014 5925.8008 9431.2285 4224.3960 10217.8486 13782.0234 12295.5088 15676.4004 6696.7466 4965.4722 11978.8252 7251.4209 12062.4385 10540.4512 6248.3457 3341.4517 3446.6987 7878.5107 5112.5776 15708.6055 9252.9805 11675.5293 6105.2690 12815.2500 10481.9346 4169.8091 13054.6104 1890.2694 5500.8472 6737.3613 10059.1416 15218.8232 6179.9800 6075.9355 9783.8828 10808.3457 6735.6841 11196.3662
12338.2461 15909.2422 10395.3350 6921.2505 466.6068 14311.5859 13504.3438 17039.7148 7069.8706 18558.1855 10846.0264 9192.4492 5893.4761 9272.8379 4313.5659 10269.0859 13853.1348 12306.5039 15613.8105 6786.1899 4859.6895 12134.1035 7370.1553 11913.5264 10491.9053 6235.7305 3345.0173 3464.9390 7866.5483 5137.4600 15655.4209 9277.7480 11644.2646 6086.5825 12833.2100 10447.2139 4153.1987 13145.6074 1882.5953 5516.0469 6869.8467 10010.1416 15160.1309 6076.4849 6359.3384 9724.3877 10784.7578 6688.3213 11360.7637
12425.5430 15867.3447 10297.4785 6940.9014 511.4202 14144.1230 13366.5752 17091.2207 7346.6421 18554.8027 10768.5674 9152.9580 5870.7290 9343.7207 4171.3135 10159.3086 13731.2969 12186.9307 15621.5986 6775.7900 4668.2969 12163.7393 7276.6025 12036.4521 10525.2188 6316.4526 3366.2896 3449.6265 7905.6558 5147.4429 15685.0312 9291.0986 11683.7178 6076.5825 12819.5020 10481.6904 4153.3179 13172.9893 1896.9031 5515.7417 7052.0073 10012.6621 15189.6523 6076.6206 6179.7334 9778.5059 10784.4268 6748.4658 11263.8525
12373.5127 15951.2217 10277.8330 7038.8481 477.9669 14216.4766 13435.3584 17061.1133 7301.3042 18506.0742 10852.4590 9111.5352 5818.8848 9280.1494 4017.7852 10049.7627 13608.7549 12256.4980 15630.0723 6776.2729 4719.1802 12020.7412 7300.7822 12140.8857 10502.5156 6273.1963 3357.2407 3448.6125 7924.6182 5023.2246 15646.7197 9219.1299 11639.3652 6076.6602 12848.2002 10443.7412 4253.2461 13194.8242 1998.8473 5503.6514 6855.1572 9970.7773 15168.0967 6067.8096 6046.8921 9805.5527 10735.3301 6758.2729 11275.3965
12308.0537 15925.5674 10422.9873 6924.7163 457.1019 14236.2158 13457.8145 16991.5859 7266.7749 18488.5430 10787.7373 9342.1025 5870.7749 9330.7148 4151.4536 10250.3975 13646.0898 12271.0928 15590.7988 6701.2983 4709.5659 12135.5869 7343.5439 12102.6543 10523.4072 5958.7656 3335.9724 3406.9900 7838.2734 5069.8921 15617.9824 9277.3936 11636.7793 6072.9370 12813.2832 10348.0459 4260.5352 13119.6895 1911.2937 5500.8184 6795.0000 10007.9961 15149.5400 6072.4004 6140.2212 9757.0762 10738.8467 6674.3809 11226.3633
12239.1465 15856.3301 10345.4404 6875.7007 469.3890 14128.3389 13396.3945 16942.9629 7239.7285 18493.6602 10750.3223 9112.4775 5896.6777 9443.9062 4172.7949 10133.3691 13608.1406 12272.8691 15576.7305 6705.5000 4646.2905 12130.7256 7195.1304 11985.1865 10450.3633 6176.1880 3312.1667 3406.1304 7866.1704 5159.7456 15604.7871 9247.0156 11622.1797 6111.4653 12734.3691 10432.3086 4122.6719 12958.9951 1870.1899 5504.2290 6862.2422 10011.3721 15142.7920 6079.3818 6189.4248 9805.0352 10740.7500 6727.0088 11219.6250
12409.5322 15901.0713 10281.1055 6969.1509 500.0181 14272.6729 13487.5000 17065.7246 7372.1475 18598.8730 10787.7051 9234.1416 5936.9336 9464.6943 4212.1089 10216.3232 13653.0742 12299.0537 15643.8076 6752.3110 4808.9077 12204.1426 7291.2749 12060.7725 10519.7383 6313.9634 3325.5493 3449.9841 7886.7080 5238.7915 15641.8848 9201.7002 11640.7393 6072.4917 12786.8711 10426.7764 4195.1743 13029.6641 1951.3729 5528.2793 6890.2129 10025.2695 15158.1602 6115.8628 6179.1543 9734.5420 10793.8818 6729.7729 11341.4863
12292.1816 15948.2246 10397.4043 6978.2847 473.0886 14239.7100 13427.7617 17117.9414 7281.4028 18557.0996 10809.4805 9147.1582 5851.6968 9465.3311 4224.6367 10373.8428 13736.2266 12267.3496 15647.6025 6774.7202 4750.5381 12175.6943 7448.2490 12134.4785 10503.6455 6128.4512 3353.2795 3433.2419 7870.7354 5181.1377 15671.2930 9300.2744 11676.6836 6091.3691 12876.3613 10520.6455 4271.5908 13297.6045 1905.6013 5518.0342 6858.0576 10044.2607 15206.9727 6135.4727 6075.4355 9791.4395 10818.7100 6755.7212 11305.7129
12430.0527 15979.4795 10521.1074 6866.8359 470.2059 14218.3027 13497.2842 17045.3242 7267.3438 18516.0645 10867.5547 9308.0078 5822.7974 9356.4043 4298.5288 10264.5234 13710.9785 12206.7520 15596.0166 6759.8374 4760.8784 12105.9209 7343.7593 12147.4014 10460.4551 6029.2681 3347.8103 3444.3618 7943.8623 5266.6035 15671.5283 9259.3037 11690.6387 6077.4683 12850.2080 10446.1104 4247.4175 13035.0684 1958.1621 5526.5605 6920.9639 10056.1592 15136.9922 6135.6938 6253.8257 9806.2578 10765.3701 6765.9375 11273.9219
12406.8652 16017.6211 10534.0635 7039.0718 445.7765 14251.9277 13494.3154 17000.6230 7223.7422 18522.3398 10916.2207 9260.8838 5909.1162 9369.6943 4149.7686 10364.7432 13756.1094 12343.8359 15691.4551 6742.1489 4713.8003 11951.5586 7237.9521 12010.2021 10506.2832 6402.7505 3376.4495 3452.0652 7970.3916 5181.8613 15722.5596 9316.5840 11744.2871 6072.2236 12928.2275 10531.3770 4276.9966 13147.3809 1904.6257 5513.0371 7000.3887 10037.8750 15207.6592 6127.2930 6212.3486 9864.9648 10840.0264 6769.6680 11289.8418
12405.1826 15894.7285 10209.5059 6958.5366 519.0108 14152.0830 13363.2295 16982.0918 7074.5957 18485.9023 10805.6318 9281.5684 5893.3306 9331.0391 4140.7998 10151.4092 13641.7490 12238.2803 15578.9707 6740.3569 4777.8979 12017.8184 7272.2393 11986.0039 10461.6768 6126.5278 3321.5759 3397.8608 7962.8745 5077.7124 15644.0166 9266.8975 11645.1455 6050.0928 12789.5107 10416.1953 4168.8667 13142.2246 1925.7468 5475.7466 6791.1440 10041.8398 15094.3770 6012.0518 6107.6787 9795.0479 10752.6357 6702.8257 11248.3193
12360.5859 15958.9307 10332.7705 7080.7246 526.7327 14149.7432 13390.3438 17034.5254 7181.6299 18501.9453 10778.0244 9288.1816 5944.8193 9299.1367 4229.6348 10128.8779 13673.8418 12303.0840 15672.2598 6678.2354 4839.7349 12223.7168 7232.4351 12192.3389 10476.6611 6252.7593 3324.1194 3408.5259 7911.0962 5123.8027 15666.0566 9247.3271 11587.9814 6063.9312 12798.0840 10438.6455 4175.0972 13020.3984 1936.1616 5481.3916 6782.8857 10062.2471 15125.2881 6123.6494 6169.5952 9901.4404 10784.3877 6702.9893 11196.8994
12343.8154 15859.4570 10369.6885 6950.5732 493.6846 14126.0752 13371.1289 17007.8008 7255.3638 18514.6152 10773.7656 9245.9443 5834.2261 9395.3301 4166.5918 10199.3262 13712.5957 12227.8428 15608.1152 6691.8408 4702.8716 12156.7471 7261.4800 12064.0469 10454.4053 6141.0728 3344.1201 3404.5693 7871.9624 5156.4038 15577.6777 9271.5908 11653.7490 6057.2837 12818.3584 10416.0605 4201.9165 13087.3750 1891.6844 5517.7129 6835.0859 10006.2832 15147.9160 6083.0576 6144.6216 9961.4805 10760.7227 6739.2163 11189.8750
