13539.5518 21068.8262 10054.5107 5766.1772 0.0000 15681.4678 7442.0122 15958.0273 6275.5181 16295.9990 9663.3799 10076.2939 5548.4263 5972.6841 6.8931 11102.8564 10118.5322 6045.1577 13184.9727 5748.9854 0.0000 186.8949 9174.8340 11085.4766 7525.0898 3994.1792 1752.1366 2702.5525 5013.3589 1365.9944 15254.9795 12366.7344 11178.5264 7437.4331 15353.2275 14263.6289 8060.1348 15246.0928 2243.4988 4189.6733 6263.9409 9639.3750 15297.5850 9533.2949 4784.9287 8649.8506 16393.1914 8260.9502 11894.6680
13516.1113 21286.4023 10162.7070 5918.9541 0.0000 15802.8760 7470.2510 15993.5420 6302.3062 16236.0449 9674.7236 10180.6045 5545.8555 5922.2085 3.5625 11306.9844 10174.1045 6025.8994 13240.5059 5821.2803 0.0000 184.4482 9074.3809 11064.6865 7440.3481 4001.5198 1751.4185 2732.0537 5064.4614 1304.8611 15285.0762 12491.9756 11235.2656 7362.7002 15522.3691 14403.3115 7896.9536 15480.2295 2210.9155 4079.1824 6342.6362 9678.3984 15264.3535 9640.1748 4782.9692 8711.9238 16497.7656 8239.9053 11988.1172
13574.8340 21156.6133 10084.0742 5855.7280 0.0000 15719.9893 7389.0762 16023.2246 6266.6060 15501.4365 9596.8574 10100.7490 5580.8101 5912.5161 5.4076 11171.2793 10111.5352 6003.4512 13192.9648 5798.6929 0.0000 187.1176 9139.9424 11104.6152 7374.9844 4035.0051 1747.7424 2700.3647 5070.9126 942.5787 15212.0840 12419.5234 11250.0654 7115.3193 15374.2100 14366.8672 7888.9561 15356.5166 2105.0713 3850.9729 6358.8813 9692.4824 15299.8242 9560.7988 4739.6191 8573.1377 16323.8262 8180.7690 11799.9814
13459.6318 20934.8457 9931.1465 5817.7759 0.0000 15535.2451 7392.5889 15920.9531 6356.9717 15960.3828 9573.2793 10039.7334 5464.8423 5875.8516 5.0994 11045.4873 10060.1992 6019.6665 13140.6445 5685.7153 0.0000 174.1120 9170.7471 10959.6475 7399.8477 4000.8811 1712.8448 2681.7231 4993.7368 1233.3459 15133.2197 12394.7764 11128.9883 7267.1099 15197.6670 14236.4980 7853.6479 15488.5234 2253.2463 4018.5317 6282.4302 9589.6855 15213.0400 9536.3965 4689.9102 8477.2178 16316.6055 8157.2744 11758.7119
13453.3350 20982.7520 9953.2686 5835.7422 0.0000 15654.8779 7445.2998 15960.7383 6292.0454 16136.7939 9598.2432 10151.6875 5571.4678 5958.4751 2.9875 11125.7891 10084.6455 6011.1753 13221.1777 5734.5361 0.0000 173.5262 9024.0830 11084.5928 7539.8804 3934.8867 1739.9386 2748.2158 4980.5283 1602.5669 15197.2539 12493.3896 11297.3760 7303.2227 15378.4844 14250.0703 7902.2031 15381.6514 2210.7822 4161.9370 6285.1997 9571.5938 15241.3721 9442.3350 4665.0327 8750.4629 16343.4971 8237.8428 11949.7734
13428.9062 21121.2324 10124.0742 5921.4570 0.0000 15788.2256 7511.3193 15967.7334 6338.9434 15933.2705 9614.4316 10154.2871 5555.9131 6073.6006 5.7264 11289.0195 10104.6348 6090.0713 13219.3711 5731.5439 0.0000 149.8142 9198.2256 11040.3574 7478.6328 3929.3035 1733.3324 2728.3906 5007.8887 1041.7799 15326.7012 12444.7510 11263.5205 7271.4678 15431.9609 14372.2285 7907.1753 15470.0586 2264.1528 3885.0110 6212.2402 9677.5703 15341.0166 9557.4082 4806.4814 8745.8926 16412.5781 8244.0605 11735.2891
13391.3438 20964.2422 10084.0850 5825.1772 0.0000 15657.7539 7422.3037 15970.4277 6269.9834 15908.1592 9584.8252 10074.5684 5542.9424 5877.2007 6.3381 11085.7539 10028.9678 5967.7622 13183.7002 5716.0674 0.0000 150.1027 9101.3916 11018.4961 7495.4165 3896.7803 1728.6345 2712.9626 5003.8525 1118.2382 15186.2881 12448.8301 11186.2705 7247.7949 15279.7900 14237.6777 7838.5771 15507.4639 2148.1948 3904.9109 6236.5986 9674.3496 15266.8555 9543.1250 4831.4673 8688.2432 16339.1318 8178.9937 11876.0928
13628.0537 20987.3750 10068.3398 5843.2383 0.0000 15641.6182 7395.0728 15961.9795 6279.6426 15820.9307 9697.5479 10049.9941 5557.5020 5846.5312 7.3104 11100.3887 10038.2178 6053.0928 13209.2129 5713.5576 0.0000 149.5104 9086.9736 11038.9541 7528.7056 4044.1025 1723.5656 2679.4243 5012.3145 750.8809 15262.6963 12445.0713 11190.6152 7660.1084 15425.5977 14312.9531 8045.5166 15530.6943 2273.5786 3809.0686 6246.2949 9609.6465 15247.7744 9547.5742 4682.3574 8657.4092 16374.6719 8203.5605 11884.4922
13594.5020 21180.0312 10253.4951 5856.8276 0.0000 15817.5459 7577.8120 16028.7705 6511.5010 15965.0840 9768.6416 10184.8438 5646.1758 6019.1831 5.8246 11161.8857 10181.0557 6129.8887 13290.1807 5756.7627 0.0000 141.4178 9105.3672 11070.8125 7593.9600 4036.9883 1744.1060 2725.1814 5026.8198 762.0406 15347.3623 12414.4062 11279.4629 7764.2856 15532.8018 14423.9844 8025.3555 15297.7695 2242.4270 3840.8040 6292.6904 9726.3389 15413.8271 9650.9590 4777.3721 8649.7314 16493.8379 8275.7432 12164.3975
13552.8730 21301.6328 10258.0771 5884.2002 0.0000 15875.4473 7481.3721 15941.8691 6407.0415 15660.4014 9688.9922 10032.5908 5593.2378 5947.9097 5.2933 11151.7998 10192.0527 6040.6753 13195.3975 5792.4731 0.0000 133.7281 9116.6074 11045.5479 7600.3398 4121.4556 1767.7681 2769.8528 5033.6660 633.1418 15271.2939 12562.7344 11279.6553 7213.8301 15535.7021 14422.9785 8065.9502 15686.9912 2255.9910 3761.4841 6270.1909 9681.5020 15362.2773 9657.5000 4815.2812 8865.9346 16487.7461 8337.2441 11893.9209
13590.3613 21028.9180 10249.4688 5876.3477 0.0000 15762.2236 7467.3740 16018.2549 6428.1689 15824.0596 9631.8496 10056.3047 5577.0732 5913.4248 7.6982 11063.6816 10155.4463 6085.4634 13223.6260 5698.3115 0.0000 152.3122 9027.8066 11032.2363 7541.5176 4056.8936 1754.7694 2722.7039 4985.8677 858.5615 15339.5439 12576.8965 11317.9863 7318.2988 15430.8330 14346.8418 7820.5254 15301.0674 2228.7654 3870.4380 6192.5640 9688.4443 15448.7158 9544.4209 4706.2095 8662.1924 16419.0762 8307.1074 11838.1709
13506.9209 21108.1406 10199.6934 5879.0508 0.0000 15739.6016 7469.1514 16089.6631 6409.0469 15792.0449 9557.7900 10150.1162 5579.6230 5963.4829 7.1339 11197.4824 10070.2900 6092.7607 13187.5791 5709.8594 0.0000 145.4322 9084.7861 11040.0303 7506.5850 4070.6648 1729.9476 2704.3398 5037.6421 830.5013 15265.6475 12372.8369 11268.1279 7243.8340 15392.7217 14254.5840 7936.3101 15314.9912 2258.9453 3825.5574 6169.7939 9654.1973 15377.4746 9588.1709 4759.5942 8580.2959 16382.2881 8245.5244 11828.7881
13569.3896 21084.6699 10097.4561 5903.0010 0.0000 15822.3047 7449.9624 15944.3271 6313.9922 15924.0352 9594.3945 9962.6973 5552.3110 5914.7998 5.4888 11069.5371 10076.8398 6047.0527 13244.9326 5762.6841 0.0000 154.9225 9166.5791 11010.3408 7457.7021 4059.3000 1747.7085 2705.9263 5086.6777 940.5999 15300.9355 12421.2549 11280.4883 7287.9609 15362.0557 14289.8721 7926.3047 15246.8516 2295.0662 3909.4785 6400.8140 9601.8076 15329.4248 9553.2871 4730.4272 8701.4141 16366.6602 8242.0439 11832.4365
13394.0469 21089.0352 9968.6104 5841.4385 0.0000 15699.3701 7415.5020 15957.1357 6389.6387 16165.2070 9665.8828 10044.2539 5539.4644 6038.6997 6.2689 11197.9180 10024.9287 6005.9321 13253.5859 5738.6738 0.0000 165.9314 9193.2070 11075.8887 7436.9683 4002.6389 1721.7174 2728.8096 5083.6318 1232.4811 15218.9248 12604.4756 11315.5205 7348.0547 15375.7666 14269.4746 8032.6069 15580.9932 2292.5132 4046.4636 6415.0703 9587.3574 15257.8135 9579.2783 4734.8423 8706.2598 16306.4717 8253.3086 11787.3223
13604.3477 21174.8496 10069.1455 5849.4585 0.0000 15717.5684 7508.2080 15993.2803 6490.8315 15693.9141 9760.9893 10243.9121 5543.3994 5988.7715 7.8495 11341.8701 10119.2227 6090.5029 13243.4951 5769.3604 0.0000 133.5757 9232.4932 11045.2129 7542.8818 4054.3765 1731.8092 2680.7781 5021.5908 620.9023 15284.2139 12493.3203 11344.3320 7273.7197 15474.6094 14440.6211 7965.8599 15366.3369 2187.0027 3760.0208 6296.7578 9649.7910 15236.1748 9557.1348 4754.9458 8681.4023 16429.8496 8383.5605 11981.1172
13571.7168 21184.4492 10127.5938 5864.7925 0.0000 15739.1416 7526.4980 15936.4307 6574.6328 15905.8867 9678.6807 10099.6748 5672.3462 5940.0659 6.6117 11264.6055 10125.0117 6022.1543 13244.4238 5822.0229 0.0000 140.7726 9150.0439 11178.6836 7464.4302 3957.0637 1757.4344 2779.9822 5013.0757 726.6042 15283.3945 12515.8418 11269.3779 7350.6748 15507.9043 14435.8906 7999.6514 15372.8818 2246.8198 3841.9402 6217.8926 9671.5469 15369.7178 9529.8643 4726.8853 8654.6533 16438.8066 8300.0869 11958.4414
13372.7490 21128.1973 10288.9658 5839.8345 0.0000 15592.8086 7441.1704 15951.2520 6318.1895 15513.0527 9603.2510 10128.5498 5515.8784 5975.2422 3.8757 10960.7900 10132.0527 6033.0132 13198.1055 5771.1016 0.0000 147.4095 9188.5947 11083.1406 7392.4019 4071.6626 1747.6799 2740.9512 5025.8320 625.7092 15177.3525 12508.0703 11225.9609 7140.7314 15421.1094 14243.8291 7822.6108 15250.8525 2174.5095 3704.0420 6308.9497 9646.9492 15210.5762 9581.8652 4623.9619 8671.5469 16280.1914 8256.6934 11822.3027
13332.2549 20858.0723 10084.8936 5868.6123 0.0000 15510.3340 7318.1030 15897.7109 6331.0894 15711.9932 9538.2930 10010.6504 5397.3013 5805.3545 6.3914 10992.0879 10060.6221 5919.3462 13113.7695 5702.3716 0.0000 175.9005 9133.5898 11061.5879 7402.5015 3851.5867 1721.5369 2674.6692 5010.5962 1093.5310 15105.5752 12405.8027 11101.0195 7204.2388 15168.8848 14159.6260 7890.3745 15299.4600 2184.9451 3959.9553 6344.4517 9603.3027 15213.4072 9544.5322 4776.7202 8571.1240 16233.4043 8153.3247 11809.0020
13467.8770 20948.7812 9930.3945 5825.4941 0.0000 15797.4961 7465.7598 15888.8613 6467.7393 16451.0547 9666.4443 10012.7891 5508.7700 5971.3438 6.0452 11218.6934 10111.6504 6054.0801 13179.9609 5691.0010 0.0000 186.4298 9150.3848 11042.6582 7551.3267 4103.5103 1742.9315 2726.6265 5071.5630 2005.2302 15240.9551 12380.6416 11169.4229 7531.4131 15472.7783 14407.8203 8046.0439 15467.9443 2257.5210 4335.9429 6161.6187 9633.6406 15238.8525 9554.9326 4967.8018 8578.8760 16428.5234 8211.0996 11939.7578
13498.8223 21188.1484 10205.2686 5910.4639 0.0000 15774.5684 7485.1445 15950.7529 6269.7983 15669.6807 9630.9170 10149.9941 5568.7100 5948.2900 4.9367 11178.7705 10167.6797 6044.0913 13275.7002 5714.4399 0.0000 128.1060 9064.9102 11189.1396 7522.2114 4076.0176 1737.1967 2727.2932 5020.9419 1767.5671 15266.8359 12480.0371 11276.3594 7538.9751 15478.6699 14502.5605 8133.8711 15558.7490 2256.7812 3898.1553 6249.1528 9714.4307 15332.8525 9600.9463 4934.3140 8721.5830 16470.7891 8322.6904 11894.7842
13468.6445 21130.2754 10191.4033 5869.3291 0.0000 15658.7949 7335.8340 15950.9824 6255.0786 15845.0684 9593.6074 10071.8008 5505.9624 5933.7202 7.5326 10991.6924 10106.1816 5986.5107 13162.3213 5795.8965 0.0000 162.1990 9044.8135 11175.9961 7470.7441 3998.9248 1733.5551 2700.2627 5032.0713 1600.4373 15199.3711 12388.9053 11166.3770 7580.0737 15267.1846 14279.4111 7679.5742 15164.3564 2195.8979 4019.8381 6269.6719 9656.7441 15249.1025 9585.8789 4847.6782 8573.2002 16360.0146 8216.1846 11795.3516
13439.6162 21192.4766 10283.9062 5883.9116 0.0000 15760.9697 7479.3101 15929.5898 6370.9648 16213.7861 9645.8438 10262.2217 5580.3491 5995.0366 3.5415 11245.0518 10163.2412 6050.1875 13212.0391 5832.6299 0.0000 184.4966 9015.6543 11108.8076 7480.4336 3953.2505 1740.9808 2743.7930 5079.2227 1212.7180 15302.2402 12492.5762 11223.1152 7384.2490 15501.9648 14448.2500 7885.0981 15503.7080 2223.5276 4104.8501 6343.3486 9692.9922 15287.9316 9665.3984 4834.1309 8821.5879 16517.4805 8266.4600 12077.6201
13478.0127 21184.7441 10057.2441 5935.4941 0.0000 15796.7236 7485.8076 15905.3906 6274.2920 15658.5117 9702.7070 10041.8740 5556.7358 5965.5874 2.8418 11229.9434 10170.3438 6055.3491 13245.6074 5837.2139 0.0000 141.6187 9095.8115 11192.3037 7423.4780 4054.7542 1743.8409 2737.0491 5036.6382 888.2328 15263.6826 12520.4131 11251.6729 7302.7080 15489.4707 14390.8887 7940.6787 15604.6631 2282.7087 3824.0117 6258.0620 9643.9922 15221.7422 9562.8555 4724.1245 8801.2969 16490.3730 8218.0586 11897.0342
13544.7832 21061.9043 10237.2832 5788.5220 0.0000 15636.3936 7426.0444 15975.3389 6155.2832 16276.6357 9591.0850 10045.5088 5547.2754 5890.7344 2.2006 11080.7012 10109.2119 6002.5044 13181.5400 5765.8589 0.0000 173.7041 9187.0303 10999.6289 7500.2388 3892.8079 1750.0028 2653.9968 5037.1206 1846.0455 15189.1484 12514.5674 11184.8379 7502.8433 15230.4062 14304.6699 7880.0117 15539.1406 2241.8792 4337.5781 6279.3623 9639.9229 15305.0713 9569.8145 4835.2139 8593.8818 16285.7373 8142.6050 11877.7725
13450.4658 20771.4883 10185.9365 5852.1445 0.0000 15497.8877 7341.0679 15855.2354 6127.2393 15587.7979 9541.7549 9926.4092 5465.9849 5827.8022 3.9405 11086.3936 9980.0508 6011.3135 13082.1953 5712.1011 0.0000 135.9400 8969.8545 11054.4658 7359.8008 3976.3296 1741.7457 2681.7041 5021.6172 950.0956 15114.7363 12341.5088 11152.3838 7259.2651 15174.3350 14149.9248 7901.2651 15339.0596 2249.5288 3865.1929 6242.8877 9565.8848 15193.1494 9474.7178 4737.7290 8701.0723 16283.7139 8177.4668 11811.0088
13384.7822 20888.4414 9976.7812 5780.3242 0.0000 15611.9004 7338.9590 15907.2256 6312.0259 15460.2168 9538.2354 10059.7705 5599.8511 5824.9507 6.5359 11036.9277 10044.5449 5992.5571 13122.8428 5725.8740 0.0000 131.6646 9038.2236 10991.9707 7374.0591 4008.1592 1729.8030 2693.1741 5007.8413 902.6215 15145.3516 12427.4160 11171.8008 7181.6489 15134.2461 14045.6396 7837.7485 15184.1631 2217.7571 3829.6711 6133.2314 9545.9346 15158.5049 9538.3555 4838.8125 8696.1211 16217.6133 8161.0913 11840.1943
13486.8672 20853.2812 9885.1504 5755.0762 0.0000 15645.0801 7384.8809 15889.0693 6275.7764 16454.6309 9564.3311 9993.5586 5493.8447 5898.2490 6.8926 10836.6377 10062.5635 6032.7832 13110.0967 5744.8892 0.0000 174.1386 9089.5615 10870.4990 7476.4878 3941.1716 1725.0972 2675.4822 4960.9282 1490.1067 15157.6211 12396.8262 11171.2568 7405.7397 15225.5977 14178.6963 7956.4253 15154.5273 2211.4722 4153.2847 6255.7627 9587.1602 15291.1025 9486.6895 4822.4639 8521.2236 16274.4863 8100.8081 11697.9082
13652.2734 21247.8379 10242.6562 5850.2612 0.0000 15809.4199 7590.9912 16027.6631 6341.3730 16449.9902 9677.3730 10202.6348 5551.1079 6008.3945 5.5010 11231.7627 10226.3867 6100.7148 13223.8799 5787.3433 0.0000 155.9002 9257.0000 11077.0146 7632.3813 4027.2947 1748.1577 2715.5332 5045.0288 403.9106 15323.1377 12309.1230 11227.8828 7234.2515 15524.4062 14433.7217 7975.0156 15333.6143 2251.4531 3723.2212 6277.6934 9717.3486 15283.8691 9713.8174 4816.6465 8724.4727 16445.8555 8256.9326 12020.5674
13522.2637 21194.8945 10271.6582 5847.6245 0.0000 15722.8857 7403.9141 15968.2451 6214.2534 15849.1641 9651.9365 10229.8340 5579.3511 5938.4019 7.8364 11099.8848 10083.5508 5995.2700 13240.9131 5747.9082 0.0000 224.9889 9196.7998 10884.0137 7453.0444 4001.5430 1745.7281 2726.6230 5062.3696 1121.4032 15263.0996 12449.4414 11191.6504 7404.6841 15399.8809 14307.7588 8028.4648 15282.4873 2226.4465 3942.0542 6446.1191 9727.0000 15354.1973 9627.0879 4702.7451 8620.4873 16345.5303 8225.9463 11810.3262
13597.2002 21121.0020 10066.4160 5887.3086 0.0000 15771.8994 7471.2847 15993.4580 6417.3589 16207.1484 9592.2490 10147.6631 5612.6270 5921.9868 5.4875 11211.2451 10083.3779 6054.6016 13233.2373 5734.6943 0.0000 139.8848 9098.6084 11173.2393 7462.9717 4118.4033 1732.1750 2690.6851 5059.4556 1400.3867 15267.8359 12401.2344 11216.8916 7548.5186 15367.9023 14338.5410 7899.3086 15506.7383 2201.6814 4070.2092 6370.2236 9707.6523 15290.5234 9542.2871 4704.5361 8716.9629 16421.3555 8143.0303 11818.1260
13373.4326 21180.3125 10057.6104 5818.6353 0.0000 15694.0244 7379.5571 15989.5859 6387.0527 15634.3369 9569.7432 10107.4131 5503.7808 5948.5547 4.5494 11175.6719 10138.4873 5999.1016 13196.4092 5733.8071 0.0000 142.4011 9283.6699 11212.3496 7437.2261 3974.0242 1728.4471 2682.6624 5007.4937 853.8682 15283.8857 12464.1904 11178.7656 7122.9575 15380.0928 14331.3877 7906.5952 15401.0830 2204.5930 3805.2378 6282.7563 9668.3574 15292.0312 9580.9502 4740.2251 8761.2422 16344.0430 8242.7881 11802.6475
13353.7188 21062.4297 10033.5361 5790.5542 0.0000 15541.7363 7342.2646 16008.0547 6131.1802 16368.8906 9571.6953 10071.1836 5580.6807 5848.1318 5.3442 11040.3691 10034.0801 5928.9238 13161.9209 5723.6226 0.0000 233.1915 9039.7412 10976.7881 7394.2471 3933.4304 1752.0055 2667.8408 4953.9077 1920.2810 15067.0449 12365.9473 11183.6309 7433.7529 15269.8027 14209.7773 7914.3833 15399.6455 2220.6011 4306.3848 6341.0674 9660.6768 15274.0830 9603.8916 4845.4556 8659.9043 16266.9395 8199.4854 11769.0693
13180.8281 20863.3730 10027.0918 5787.8667 0.0000 15608.7012 7330.4536 16043.2432 6205.2202 15874.1025 9500.8418 10000.2871 5578.8721 5874.5610 5.3283 10982.1279 10018.4922 5945.3457 13164.7549 5659.5078 0.0000 149.7008 8992.1338 10839.3418 7421.3525 3961.4846 1735.8821 2692.3647 5004.9731 1234.0138 15150.2656 12377.3252 11197.0635 7276.9673 15218.5449 14169.0176 7939.6133 15369.6846 2239.7136 3940.2971 6260.0591 9544.5674 15274.3057 9482.3564 4820.2954 8521.4004 16286.7344 8174.4766 11646.3213
13441.8223 21195.7578 10005.3721 5878.7109 0.0000 15735.6729 7467.2700 15980.4951 6240.1045 15571.2529 9669.0234 10224.5635 5553.9976 6065.7803 7.1773 11226.7891 10123.6221 6070.3496 13244.0762 5724.6113 0.0000 169.0799 9189.6816 10993.0957 7455.7690 3980.8528 1742.2676 2682.3713 5004.1226 850.7376 15300.0391 12524.3018 11242.0332 7287.0659 15433.7129 14400.9141 7954.0176 15196.8408 2166.1592 3806.3972 6224.2935 9603.9297 15269.2656 9530.9336 4632.9639 8649.3369 16370.8203 8231.6963 11938.1064
13636.3350 21106.9004 10058.7354 5928.9712 0.0000 15628.3467 7403.1646 15975.4336 6274.6348 16316.5439 9583.5801 10029.4688 5558.5698 5812.3130 2.4000 11029.0029 10091.1387 6017.3228 13162.3311 5713.4990 0.0000 153.7193 9045.1455 11054.0586 7467.3276 4049.0667 1743.6570 2706.2397 5072.2700 1451.5031 15216.3877 12464.4395 11237.9609 7327.6489 15359.8027 14315.3799 7994.3887 15494.9639 2309.6489 4180.0615 6162.5078 9601.5547 15220.4697 9513.6484 4677.6709 8701.3438 16284.9014 8220.6621 11859.7686
13447.5693 20955.7656 10026.6035 5793.4316 0.0000 15617.0752 7399.5381 16009.3389 6272.3755 16014.6338 9576.5684 9944.9033 5479.5815 5873.6865 4.3507 11103.3359 10067.6748 5964.9165 13122.0986 5744.6113 0.0000 140.6351 8988.1484 10988.3232 7447.3779 3966.1277 1733.8258 2741.1445 4998.7993 727.5184 15186.3896 12299.0938 11301.3037 7231.0259 15274.2422 14226.1426 7868.3628 15380.5752 2188.6287 3855.3262 6233.5078 9586.9766 15282.7529 9481.7178 4583.8320 8657.4189 16357.5215 8255.1035 11922.7217
13665.8174 21071.6465 10090.4053 5884.0854 0.0000 15741.0137 7493.0332 15938.3037 6375.6704 15510.4268 9644.6064 10030.7881 5543.7461 5979.3374 5.0403 11192.5430 10092.8818 6007.6260 13214.7041 5753.5615 0.0000 131.9654 9049.9277 11085.8164 7626.8125 4013.1467 1732.3094 2716.2737 5031.1763 744.8194 15284.3789 12407.5205 11289.5908 7370.6182 15533.1572 14451.9629 8015.7065 15479.9414 2271.9460 3759.1792 6322.0215 9613.9980 15306.8174 9543.5449 4758.8374 8491.4434 16499.8613 8277.4736 11969.9346
13702.2666 21185.6055 10093.4863 5826.5938 0.0000 15837.3457 7570.3110 15967.1084 6422.7183 16288.1738 9701.6025 10142.2715 5619.7466 5928.8887 5.8223 11235.5547 10151.3779 6108.7856 13249.0215 5754.3652 0.0000 120.1484 9213.8848 11211.8447 7607.4619 3954.7534 1747.6337 2732.7119 5029.5718 1206.0947 15256.6670 12620.0205 11303.1494 7421.7222 15556.6016 14545.6318 8041.1060 15485.6553 2253.4897 4017.5222 6262.8550 9671.9463 15323.8838 9623.7949 4871.9023 8692.0068 16509.2480 8302.5498 11881.0781
13356.9258 21190.9727 10267.5352 5808.0664 0.0000 15723.6797 7455.8711 15982.4404 6458.3115 16456.1523 9703.5957 10193.2676 5505.1377 6022.2168 5.6539 11192.3369 10122.5410 6071.5713 13260.5361 5758.9277 0.0000 185.0994 9037.4971 11039.9023 7448.6255 4079.2903 1757.9780 2766.0344 5067.5996 1567.8063 15285.2852 12387.2695 11257.8906 7391.9707 15415.3789 14253.3291 7842.3408 15433.3086 2176.8218 4217.1772 6251.7925 9699.8691 15214.0479 9642.9336 4805.6089 8654.0664 16433.6543 8255.5508 11779.6025
13400.5176 20988.0117 10060.7441 5867.1675 0.0000 15555.7549 7406.1714 15968.9629 6312.8086 15336.5264 9638.9854 10023.1328 5439.7124 6003.6157 5.0382 11027.6162 10019.5674 6057.4673 13163.2666 5769.4561 0.0000 167.8901 9123.4873 11007.8730 7443.6699 4032.2698 1720.8409 2724.9995 5057.7988 718.3604 15136.0391 12526.3086 11200.6689 7196.2466 15242.1387 14160.6338 7806.6602 15319.2861 2187.1829 3747.1631 6305.0186 9605.6514 15205.2197 9532.8955 4858.4678 8602.1982 16355.8545 8202.4355 11775.2773
13355.3359 20980.4316 10022.8057 5879.6821 0.0000 15697.2129 7411.4062 15891.9482 6331.6929 15673.6904 9575.0840 10072.4688 5555.8408 5880.2041 8.2404 11135.8955 10044.3916 5927.3252 13156.4365 5718.3394 0.0000 139.9134 9082.8213 11051.9521 7361.5234 3897.1965 1732.4370 2696.2087 5063.6187 957.7887 15227.4307 12431.6582 11184.6230 7350.0352 15309.0938 14252.3564 7876.7300 15486.0303 2232.9993 3834.9858 6356.3325 9636.3535 15223.4414 9488.8525 4645.7275 8643.9795 16421.9238 8175.4448 11851.8906
13454.4658 21080.4922 10037.7393 5929.5029 0.0000 15708.3857 7433.7432 15889.4102 6332.6250 15804.9902 9664.0176 10264.5088 5608.5996 5965.9082 6.9492 11130.6787 10239.2090 6096.1362 13261.2363 5739.6167 0.0000 155.0557 9089.7920 11119.4121 7533.3311 4008.9958 1740.1228 2747.5015 5000.8374 975.2231 15299.2979 12490.7656 11285.6143 7307.6738 15504.2158 14363.7607 8105.0239 15461.1611 2279.3853 3884.1646 6289.2739 9680.7246 15212.7422 9554.1621 4882.7383 8654.2354 16467.2891 8278.5947 11970.7979
13380.7510 21098.1348 10145.6240 5917.4629 0.0000 15684.8232 7382.0229 15948.0859 6450.4536 15686.4082 9619.7842 10050.2246 5567.3374 5865.5015 6.0772 11106.4912 10045.7324 6015.8257 13193.5547 5758.5186 0.0000 155.0799 9158.5732 11284.1318 7467.5288 3989.5837 1728.0629 2710.8486 5009.8765 865.5341 15247.8262 12439.8252 11276.1885 7283.1465 15314.2773 14231.1660 7844.6450 15208.4561 2180.0938 3827.6196 6238.6611 9642.0469 15280.6328 9567.4150 4791.6323 8621.4619 16404.3828 8262.8662 11851.3623
13533.3730 21174.4102 10123.5752 5870.1616 0.0000 15735.8652 7511.6963 16036.7480 6364.2705 15823.8799 9621.2334 10023.9385 5546.7202 5850.7744 5.4709 11270.9824 10136.2402 6046.9277 13254.3975 5713.4048 0.0000 173.5807 9178.3076 10858.2520 7508.3438 4156.7666 1739.0164 2749.4749 5038.8838 890.3750 15280.8682 12543.0039 11216.9307 7315.1099 15432.2988 14351.0527 7807.2251 15510.8047 2287.1802 3841.4604 6383.3828 9620.0166 15330.1797 9520.8828 4717.0308 8813.3076 16457.8008 8209.4307 11888.2217
13593.0625 21197.1309 9998.7188 5793.7207 0.0000 15707.5684 7479.4653 15943.1787 6288.2334 15877.0215 9705.9736 10088.5908 5502.0952 5978.7695 6.1072 11218.1738 10076.1709 6003.0098 13193.0107 5733.8667 0.0000 154.5581 9097.5869 11046.4902 7438.2012 4004.8845 1722.2054 2707.0068 5036.9058 860.6862 15253.7393 12459.2949 11160.1504 7267.3599 15426.0195 14275.5117 7937.8496 15341.3984 2211.2512 3842.4014 6299.6816 9595.5205 15292.2490 9568.7617 4848.1611 8777.2959 16340.8408 8245.4805 11852.9111
13405.2949 21007.3926 10003.1787 5805.0376 0.0000 15649.7051 7459.1792 15978.4160 6397.3188 15589.5596 9555.4375 10002.3496 5537.2954 5925.1147 5.2471 11013.5371 9942.6211 5994.6475 13163.7578 5715.3872 0.0000 134.7340 9123.8164 11097.3291 7568.3369 4036.8784 1740.4701 2716.0081 5074.3491 775.6582 15190.1377 12387.5127 11188.7285 7230.5391 15305.5811 14284.5098 7846.0322 15393.2393 2214.9534 3780.3806 6189.4033 9625.6035 15326.3555 9568.7031 4689.2349 8631.7461 16303.9766 8204.2559 11779.3691
13560.1982 20991.0586 10149.8154 5866.0249 0.0000 15738.6123 7418.1772 15986.2705 6421.4644 15909.5225 9706.2354 10122.9990 5508.7358 5917.7749 6.4234 11322.5586 10066.3662 6050.1455 13187.3291 5762.4512 0.0000 189.2426 9079.0830 11031.8154 7471.0171 3982.2024 1744.7560 2727.2231 5065.0527 1279.7837 15209.0244 12575.6113 11340.1328 7310.7397 15366.3281 14272.2881 7857.9629 15527.0361 2181.3352 4036.0735 6294.2856 9589.4902 15322.2227 9460.6514 4862.6675 8606.6797 16326.9395 8255.0059 11824.4844
13662.9717 20878.8145 10148.7783 5891.5869 0.0000 15736.4268 7395.8647 16066.5078 6250.4858 16178.1455 9589.1836 10141.1592 5581.5054 5999.7593 6.0845 11061.6572 10201.6172 6104.9146 13200.5449 5799.2749 0.0000 204.5608 9075.8486 10910.2539 7433.3071 3914.0759 1732.2709 2721.4546 4992.2031 1636.1609 15212.5996 12393.1064 11230.8584 7345.8101 15289.9893 14248.9707 7856.6113 15268.1904 2166.7705 4167.5449 6287.2544 9665.5566 15300.5469 9495.2529 4802.1631 8751.0234 16298.4629 8275.0850 11920.8086
13600.3135 20965.4316 10193.1602 5840.4116 0.0000 15647.6455 7457.9927 16130.4277 6327.2202 16040.0625 9604.1475 9998.4316 5599.6577 6030.5352 6.2289 11150.0928 10091.3262 6038.1284 13197.0420 5716.1426 0.0000 185.7477 9130.9902 11186.2461 7474.8281 3998.3215 1737.2516 2701.3289 5007.2607 1224.8638 15202.0879 12530.7314 11205.1172 7319.7666 15357.6152 14288.6592 7951.9985 15318.6133 2182.6211 4013.1169 6235.4824 9678.0283 15253.3672 9521.9551 4812.3789 8640.6797 16384.0273 8203.8486 11917.6543
13431.8154 21136.6152 10109.7715 5892.3296 0.0000 15752.7139 7531.7734 15977.3535 6349.6729 16536.0059 9648.2852 10017.2188 5608.9233 5938.1099 7.0247 11058.5371 10214.2744 6078.8374 13253.6006 5747.3262 0.0000 213.0802 9107.8398 10970.1338 7594.7178 4013.4375 1737.1302 2706.1372 4965.1943 1679.0364 15256.1016 12492.6279 11268.3115 7479.0884 15557.8232 14432.0420 7820.5269 15602.0693 2210.1724 4297.0483 6195.0781 9640.4619 15257.1973 9520.0283 4780.3867 8649.4570 16428.9785 8264.1602 11863.5664
13477.2441 21068.2734 10135.2646 5828.1089 0.0000 15611.6338 7471.7124 15908.6953 6291.4380 15587.2461 9674.1621 10084.2422 5576.5469 5911.2485 7.9534 11209.0762 10069.5840 6064.4688 13212.5693 5804.6665 0.0000 166.3139 9087.7256 10987.1543 7608.0112 4082.9724 1751.3593 2693.4746 5006.2422 738.0392 15294.0566 12491.6104 11215.6533 7243.6763 15384.2871 14371.3037 7956.6484 15294.4570 2247.0989 3723.9795 6295.6323 9671.7568 15311.8770 9551.9639 4583.7495 8638.6191 16400.7227 8205.3037 11927.3848
13543.8643 21119.6543 10038.1738 5873.2163 0.0000 15718.8047 7431.0454 16076.4756 6356.2485 15810.8701 9685.7314 10036.7344 5570.7891 5974.7310 6.8656 11110.7178 10167.7471 6025.6885 13231.0225 5779.8091 0.0000 164.2598 9186.9277 11099.0547 7484.1162 4000.6772 1750.6680 2756.6001 4987.8428 984.4147 15275.9482 12352.3105 11269.2334 7238.8643 15370.8848 14350.1475 7940.4355 15271.6846 2262.5498 3849.0483 6302.6777 9666.9473 15214.6426 9609.0977 4695.5977 8606.3037 16378.2432 8190.4277 12052.9619
13584.2637 21014.6855 10088.1152 5866.8882 0.0000 15706.4023 7456.5029 15925.3711 6253.6421 16239.4766 9616.5137 10097.6592 5547.4097 5950.7119 7.7795 11272.3516 10111.8838 6017.7700 13162.6953 5739.7119 0.0000 178.8716 9181.4043 11148.6826 7521.9805 3957.8704 1742.0706 2739.9756 4997.4385 1517.7990 15216.0781 12437.2461 11201.7744 7439.9185 15341.5479 14270.3486 7933.9702 15453.6260 2239.1804 4155.7720 6320.9517 9655.8457 15237.0879 9541.1523 4728.0103 8700.1934 16396.7676 8240.3457 11921.9541
13534.3965 20976.7070 10139.6152 5834.5654 0.0000 15654.0996 7465.9756 16018.1514 6461.9390 16776.1660 9624.6504 10057.0791 5511.7363 5939.6758 5.7432 11201.5703 10056.8662 6040.9556 13175.8506 5808.3179 0.0000 181.9226 9110.1074 11001.8252 7506.9932 3934.8621 1745.0291 2719.3723 5023.5913 1922.7595 15282.9688 12347.2646 11240.5596 7592.6768 15405.1348 14315.1348 7827.8428 15285.3125 2255.9944 4419.1309 6244.6099 9626.4541 15258.2158 9500.8438 4749.7134 8666.7285 16422.5742 8240.6240 11757.5957
13809.1055 21337.7949 10218.4561 5758.5049 0.0000 15873.4971 7502.2832 15854.8398 6347.0635 16329.8457 9718.7910 10323.5713 5597.2915 6062.3823 5.5784 11278.5322 10128.6904 6105.6655 13275.8320 5777.3701 0.0000 161.7733 9275.6084 11074.9229 7479.9170 3999.8755 1712.6445 2695.7791 5089.9937 1223.4462 15357.5703 12507.0410 11272.5264 7479.1831 15532.4082 14402.4414 8095.2012 15540.8135 2258.6494 4072.4644 6309.3027 9707.3184 15369.2773 9632.4766 4735.8477 8772.9727 16524.5293 8264.8018 11973.7520
13663.8555 21314.5801 10165.4219 5856.3174 0.0000 15856.9453 7466.0522 15931.1660 6429.5542 15997.9443 9716.1992 10129.3740 5596.2148 6012.4229 4.8200 11115.6240 10253.9678 6055.8799 13289.9600 5770.3633 0.0000 141.0413 9196.9375 11071.4600 7387.8706 4021.4790 1745.9442 2738.0083 5025.6567 951.4578 15337.8789 12557.1279 11273.7959 7339.9302 15573.7969 14448.9873 8048.3687 15395.7959 2226.5710 3938.4983 6204.4863 9723.6865 15417.9170 9623.6094 4789.3892 8616.9434 16486.7246 8266.5078 12024.5430
13544.2354 21211.5918 10115.3496 5844.3979 0.0000 15854.5713 7398.6172 16041.0693 6421.1846 16214.9473 9655.7949 10226.4688 5526.5327 5910.3657 4.5558 11201.6865 10130.1797 6085.0303 13215.2949 5748.5396 0.0000 131.2316 9220.4971 11245.7803 7429.4277 4027.9841 1734.8748 2705.9968 5017.2715 1145.3333 15303.8564 12505.8779 11159.3516 7358.2812 15450.9863 14421.5303 8018.5332 15566.6768 2179.0459 4165.8296 6262.7983 9734.6260 15354.9307 9601.3867 4673.1343 8495.8975 16391.9082 8251.2275 11875.9541
13649.5938 21188.5781 10159.3428 5873.6880 0.0000 15732.0576 7455.0728 15995.0840 6383.3008 15764.0361 9694.4678 10073.5752 5625.0513 5974.2012 6.2237 11248.2900 10112.5840 6054.7300 13220.7871 5691.2607 0.0000 173.4206 9053.0840 11127.6289 7447.0874 3961.4517 1738.5280 2694.9033 5022.3467 960.0331 15272.2656 12426.8457 11185.8086 7338.0312 15447.5742 14359.4346 8083.7012 15567.5391 2190.5337 3825.8994 6460.6738 9683.1689 15239.6914 9602.3428 4785.2422 8649.4971 16354.1338 8261.7393 11888.3135
13526.5312 21031.2324 10062.2070 5894.7861 0.0000 15785.9287 7453.3413 15915.7871 6422.9746 16668.9336 9611.8291 10057.6104 5517.5957 5920.3242 8.2774 11314.2197 10106.8906 6046.6392 13204.9551 5775.7202 0.0000 194.6861 9113.4365 11120.8984 7511.1367 4018.0886 1745.6752 2721.2759 5030.5669 1733.7791 15299.6123 12483.1387 11259.6572 7499.4351 15431.7314 14340.7871 7922.6826 15361.6943 2226.3264 4235.4297 6346.7954 9646.4434 15361.1543 9599.9248 4899.2104 8667.7412 16388.5430 8226.2334 11851.8086
13278.3535 21199.5918 10056.0908 5911.8188 0.0000 15729.3799 7427.1025 15988.2227 6353.6172 16358.7764 9615.6826 10168.2002 5535.7437 5929.6865 8.0082 11101.9863 10110.7646 6060.2979 13254.3477 5775.9189 0.0000 175.1457 9046.1924 11017.7383 7541.6929 3935.9629 1762.9393 2721.2332 5052.2734 1398.8007 15322.9639 12428.8291 11258.3848 7425.8467 15432.3994 14312.1348 7994.3555 15513.4541 2257.5654 4152.8296 6234.2812 9633.1729 15377.0645 9524.9688 4785.5771 8752.3057 16442.3906 8267.1748 11899.2695
13680.1592 21131.0859 10129.0195 5810.8232 0.0000 15834.3555 7510.4141 15895.5098 6284.1553 15761.2021 9727.0234 10076.0781 5529.6396 5965.3940 6.1857 11129.0146 10138.1328 6016.7378 13212.8369 5810.7808 0.0000 171.6500 9187.9316 11241.8506 7493.7358 4002.0466 1758.1836 2731.4392 4986.5117 831.7067 15217.3193 12451.4336 11213.3643 7387.8892 15460.2207 14365.3428 8042.6118 15431.2812 2180.4446 3785.6499 6240.9766 9607.5898 15298.2773 9547.1367 4655.2017 8712.0078 16399.5762 8237.7949 11928.4873
13469.1211 21264.0898 10082.2861 5857.3931 0.0000 15847.0176 7483.3735 15989.9512 6412.1816 16109.6221 9666.0195 10211.3643 5556.8608 5897.0981 5.3668 11173.6396 10245.6934 6088.4199 13299.8809 5745.6694 0.0000 176.7102 9216.3877 11249.4922 7519.6826 4182.0337 1753.6677 2733.7041 4976.7012 1078.3771 15343.0947 12572.0635 11299.3154 7508.0137 15545.1650 14474.1396 7939.9204 15550.1885 2242.0530 3955.7610 6260.4395 9700.3604 15399.2129 9621.9199 4872.1416 8709.3408 16482.0312 8403.5586 12039.4893
13634.0850 21154.1016 10114.1963 5884.5356 0.0000 15795.4375 7473.9023 16059.3613 6334.2271 15587.8301 9719.3965 10214.9307 5622.4443 5854.8970 3.3787 11241.5254 10107.7168 6050.8203 13238.1758 5735.4194 0.0000 143.4041 9057.5576 11053.3096 7411.4175 3958.2009 1749.0179 2710.4067 5107.2212 806.1708 15294.6123 12426.2969 11266.1162 7243.8335 15429.3555 14448.2705 7919.6313 15595.4688 2218.9011 3814.2493 6252.9917 9741.7471 15393.6826 9669.0928 4781.4390 8675.2285 16467.0977 8301.8359 11883.7002
13594.2227 20971.2988 10273.4053 5869.5161 0.0000 15687.4287 7512.8809 16069.1533 6349.6660 16132.5010 9582.3574 9985.1201 5559.1323 5860.2852 1.1105 11069.2900 10039.4814 6039.4795 13184.2832 5718.4863 0.0000 151.7182 9059.9160 10972.8096 7499.9956 4032.6628 1741.3571 2691.0269 5038.6802 1169.6144 15244.1836 12416.8340 11273.0361 7406.8677 15350.9297 14381.1279 7900.5366 15490.9541 2221.3416 3972.1240 6317.6465 9653.8086 15338.4072 9619.7568 4621.9380 8656.1230 16382.9873 8297.9004 11861.5791
13550.4424 20908.9531 10130.0322 5843.7720 0.0000 15787.8154 7471.4629 16021.3271 6327.4458 16256.1416 9674.4141 10069.1719 5479.3286 5878.4546 2.7971 11059.2598 10105.4170 5999.7441 13169.4219 5745.4355 0.0000 169.7203 9030.4219 10942.3193 7512.5474 4020.3154 1728.9198 2680.9912 5036.0830 1227.6432 15247.4307 12411.1953 11193.5713 7559.7593 15449.0615 14362.9971 7957.1943 15338.5361 2251.2383 3967.1289 6292.8984 9611.3643 15301.5312 9510.0488 4798.5361 8707.7656 16450.4336 8260.6494 11936.7441
13376.4297 21022.8418 10163.2090 5894.7651 0.0000 15765.0830 7441.7920 16007.0938 6336.4009 15810.9854 9589.0518 10182.6709 5596.1680 5912.4585 3.5998 11104.3311 10074.1875 6056.6680 13166.4355 5824.1133 0.0000 159.6659 9170.5889 11070.5596 7543.3618 4181.1221 1751.1349 2718.6003 5035.2202 915.1693 15296.4443 12513.2617 11265.9229 7485.3613 15392.8027 14352.3379 7911.8604 15305.8438 2256.3325 3930.4644 6244.8120 9535.2969 15225.2559 9552.1191 4729.2354 8646.6406 16391.9453 8195.0244 11940.8730
13493.1006 21031.3496 10137.9639 5818.9917 0.0000 15682.4678 7457.8345 15971.2842 6294.5679 16385.8242 9635.2764 10201.2920 5534.5732 6021.6055 4.8348 11251.2637 10090.3340 6050.1089 13198.9326 5783.9385 0.0000 174.1321 9164.0166 10897.8721 7515.5791 3933.7947 1753.4912 2733.4485 5001.0142 1474.0430 15263.2422 12430.9883 11242.9141 7467.4922 15391.5479 14279.3350 7957.3638 15373.5557 2304.6204 4169.4121 6262.5503 9616.6836 15304.0811 9607.8477 4716.9688 8544.8916 16354.1699 8260.0635 11898.4580
13555.4395 21157.3926 10109.9580 5826.2998 0.0000 15714.7119 7464.5464 15898.2773 6355.4819 16313.5771 9655.0439 9982.7070 5621.4146 5961.7080 3.3728 11132.3477 10085.3057 6047.6494 13205.5527 5767.4399 0.0000 160.8248 9252.1426 10801.5625 7471.8838 4083.3765 1739.3779 2709.6318 5047.6548 1404.0846 15225.3838 12479.7930 11259.2881 7291.8154 15398.9424 14289.8105 7971.3613 15536.7588 2206.2046 4030.7957 6378.4526 9676.9297 15306.2939 9611.0879 4780.8716 8640.2568 16417.6270 8319.1465 11869.4697
13464.5576 21079.5879 10173.6152 5898.9043 0.0000 15758.0391 7399.3589 15993.3936 6363.7441 15635.0264 9599.1484 10048.0020 5584.3848 5987.0034 3.3176 11016.7344 10049.5410 6014.5132 13166.7471 5818.7207 0.0000 193.5289 9124.1797 11083.6270 7528.9614 3995.0684 1739.5386 2778.6016 5119.9927 896.5580 15220.6982 12437.6025 11203.2236 7300.6777 15350.1641 14220.6230 7906.8267 15182.6953 2213.0122 3843.7517 6291.5640 9575.8467 15283.2773 9588.8213 4767.0283 8651.8623 16403.6855 8238.7822 11727.1211
13430.4326 21080.4316 10128.5889 5838.2876 0.0000 15659.5176 7457.0220 15917.2373 6347.2866 15855.7490 9617.5898 10252.8496 5551.0264 6023.7583 4.8774 11267.8506 10259.6104 6078.8545 13218.4727 5750.2988 0.0000 231.4828 9074.9502 11233.8086 7448.1401 4090.6399 1744.4270 2755.2761 5076.4272 1102.9371 15295.0771 12504.2021 11223.7568 7291.3184 15363.5918 14300.0693 7766.7148 15573.7803 2221.2126 3890.2722 6303.5015 9657.0068 15281.6348 9636.3770 4833.3516 8590.2676 16393.7246 8199.2031 11940.4346
13464.5186 21091.6230 10094.7627 5816.1895 0.0000 15701.4707 7505.2578 16017.2246 6338.5405 16031.4570 9626.0498 10026.3301 5501.7471 5945.3320 5.0957 11239.9297 10070.2031 6027.3315 13250.9648 5723.5894 0.0000 148.0318 9134.4443 11161.4365 7368.8916 3940.9353 1721.9296 2697.5059 5038.5229 1019.7692 15279.9707 12451.6426 11219.7695 7351.8345 15358.7441 14348.4209 7937.7817 15252.0859 2181.4744 3892.1665 6186.6724 9688.5928 15378.1025 9591.9951 4683.8208 8619.0117 16445.6953 8232.9775 11822.0186
13541.2461 21362.1855 10133.2100 5885.0449 0.0000 15828.6445 7537.9355 15949.3809 6322.2812 16092.6768 9674.9561 10202.2070 5582.2061 6010.9595 4.0765 11172.8945 10156.1318 6048.8857 13301.3096 5722.3784 0.0000 166.0869 9154.7266 11070.6611 7549.2295 3922.9797 1744.8339 2669.1260 5029.2603 1118.3094 15325.3545 12538.2305 11335.8896 7293.7363 15456.3779 14355.8418 7850.2354 15251.9990 2209.9834 4006.6001 6248.5879 9737.0762 15315.0967 9599.5547 4821.5449 8737.4189 16402.0117 8298.1719 11830.6650
13472.7910 21084.7051 10092.7979 5892.8154 0.0000 15697.2148 7370.4980 15986.9434 6387.2876 15835.2402 9665.9229 10209.4111 5557.6851 5878.9878 6.9446 10987.4102 10113.2930 6042.8843 13187.7256 5784.8237 0.0000 183.8381 9149.4346 10794.5645 7507.0513 4001.7778 1743.6329 2709.3560 5047.6812 988.9362 15289.3877 12356.9277 11181.3379 7298.9009 15374.6533 14244.4775 7964.7158 15404.5078 2271.4019 3886.0142 6345.0283 9654.4756 15318.4570 9602.0723 4868.5234 8805.1152 16391.2305 8234.0273 11846.3271
13469.4443 21010.2441 10083.3496 5853.2881 0.0000 15697.9590 7413.0298 15968.3066 6326.8491 15886.2480 9543.4512 10189.8301 5515.9209 5956.6655 6.4319 11304.2031 10047.7549 5990.4375 13180.3145 5741.2339 0.0000 167.3070 9096.5166 11054.9746 7448.4985 3986.6721 1710.0615 2710.3440 5010.0908 999.0142 15169.5781 12406.4570 11199.1924 7446.1450 15388.9814 14283.8516 7934.8604 15458.1885 2261.2148 3883.4832 6264.9829 9643.7852 15297.2627 9586.9160 4908.0845 8745.4062 16388.3770 8138.6831 11776.6074
13348.8154 21140.0918 10028.5049 5861.8706 0.0000 15667.9619 7420.2202 16039.7178 6173.9829 15805.0117 9522.3125 9928.3359 5556.0796 5874.4429 6.1768 11027.6592 10079.5137 6015.0283 13199.3154 5806.1699 0.0000 182.0507 9064.0029 10992.2754 7430.0469 3969.0059 1751.8309 2671.8765 5035.9463 1018.7286 15136.9502 12448.3135 11218.8770 7331.8770 15342.4805 14244.0107 7883.1299 15177.6250 2206.3662 3881.0945 6247.9966 9596.4346 15265.1973 9524.1592 4760.2852 8682.1973 16321.5732 8158.1167 11737.2363
13411.8682 21034.4082 10094.3760 5837.3970 0.0000 15611.7793 7422.3354 15942.1035 6335.2559 15820.3232 9603.2861 9982.6484 5556.2925 5886.7998 6.3186 11014.0156 10087.4902 6060.6924 13191.9199 5692.2905 0.0000 165.0817 9180.4434 11252.9736 7401.0444 3896.8401 1741.9669 2699.5779 4954.8193 1038.0612 15172.7383 12435.1123 11239.4766 7250.9038 15300.1709 14256.3604 8042.0156 15283.5205 2203.7673 3908.1448 6342.8848 9646.8496 15257.1758 9514.1641 4769.2817 8700.2725 16349.0654 8225.9258 11785.0000
13407.1025 20977.2031 10122.6846 5877.1841 0.0000 15532.9697 7394.1221 15823.5391 6242.8623 15711.4932 9570.7344 9989.5283 5500.8701 5935.8594 5.2986 11218.8154 10076.4404 5962.7881 13125.4092 5724.7476 0.0000 144.9285 9076.1191 11088.3662 7432.3970 4065.6338 1733.2205 2697.5818 5014.0615 1007.2010 15164.9609 12343.2900 11127.4297 7254.0400 15315.7314 14246.6855 7843.8223 15352.8701 2203.1736 3860.4954 6242.1592 9641.0977 15127.8271 9519.1807 4857.8037 8666.7461 16324.3721 8122.4619 11785.1689
13303.2207 21140.3887 10014.5498 5828.0186 0.0000 15581.2236 7473.0122 15870.7969 6317.2778 15697.3242 9581.3545 9909.8037 5495.6440 5888.0430 5.0254 11049.5469 10047.8535 5979.1436 13129.5566 5745.6040 0.0000 151.6896 9189.6543 10999.2383 7484.0078 3963.1978 1752.4845 2692.8450 4953.4404 1036.8103 15186.5869 12444.3955 11218.4707 7314.3730 15233.9912 14277.1279 7979.0786 15415.4814 2266.7122 3881.3811 6212.4233 9579.4189 15241.6641 9493.5586 4721.4204 8609.6650 16334.8896 8228.4043 11726.6582
13441.0781 20974.4609 10045.6201 5854.7944 0.0000 15639.1064 7395.2388 15915.6963 6321.2085 15830.5547 9545.7100 9990.5420 5501.3164 5888.2529 7.2786 10882.2422 10099.7627 5973.2012 13190.9609 5772.0322 0.0000 155.7684 8979.2109 10943.2383 7495.6611 4119.8257 1743.4081 2727.8423 4997.0791 1180.8827 15195.5254 12502.8008 11257.5625 7391.0234 15351.5801 14346.7822 7933.4878 15353.2656 2250.6431 3931.8975 6199.0542 9625.0400 15225.3008 9559.7852 4561.0684 8653.6729 16288.7051 8225.5508 11886.8711
13418.8291 21013.9023 10212.3955 5797.2920 0.0000 15689.8594 7453.2080 16010.1924 6393.1147 15837.7383 9616.8662 10073.8379 5529.0552 5899.6484 6.8821 11149.9795 10123.6973 5978.0347 13130.5059 5723.2178 0.0000 160.6440 9177.1523 11123.1895 7508.5845 3978.8320 1726.9137 2716.8787 5013.1343 1091.6007 15132.2393 12428.0830 11210.5566 7248.4907 15392.3896 14352.1504 8027.1484 15624.6611 2258.3923 3941.3298 6292.5122 9630.0762 15215.0693 9453.2695 4763.7017 8623.7119 16344.4033 8224.5898 11862.2734
13443.6406 21010.6777 10076.6045 5870.1313 0.0000 15640.4150 7359.9121 15857.2080 6357.3252 15625.2490 9599.8115 10177.5244 5486.9106 5896.8379 4.9515 11062.4072 10124.4609 5970.0493 13166.6738 5747.0972 0.0000 135.3343 9134.5498 11139.6113 7421.3096 3921.7742 1743.9187 2688.7012 5070.7852 1033.1898 15197.1865 12442.8965 11231.1064 7396.4785 15334.6396 14302.1396 7984.1021 15430.5537 2276.8118 3926.8721 6167.7778 9601.8916 15231.4688 9514.3477 4654.6328 8623.9473 16339.8955 8173.4839 11953.2617
13479.1602 21002.9648 10023.5186 5785.4365 0.0000 15633.7705 7424.0957 15918.3867 6305.7266 15759.2852 9652.1084 10185.6621 5497.7002 5891.6211 5.8463 11071.2773 9973.2129 5968.9570 13192.4307 5731.4937 0.0000 130.4862 9091.9570 10963.1631 7542.8950 3949.1904 1719.2366 2709.0249 4974.2212 1102.2693 15184.0078 12564.3066 11229.7256 7311.8613 15271.9717 14200.8936 7988.6138 15342.8369 2246.3713 3884.6482 6143.7065 9617.3057 15250.7412 9478.3340 4915.8730 8531.6748 16319.4854 8214.6152 11818.6494
13338.7793 20901.4004 9976.0898 5781.9023 0.0000 15611.5479 7370.7593 15929.0967 6397.5493 15801.8525 9551.1211 9957.0654 5550.9673 5920.8115 7.3926 11063.0186 10054.0098 5984.6396 13154.7910 5688.9248 0.0000 131.4297 8973.4375 10889.3955 7477.8213 4023.5613 1728.3365 2779.0459 5006.5381 1108.9276 15118.7822 12465.7109 11082.6758 7217.7056 15255.1973 14195.3379 7882.1807 15230.9482 2212.7319 3941.5515 6370.2827 9589.3564 15179.4082 9584.2988 4886.2388 8692.6143 16292.4385 8164.3110 11816.8447
13445.0420 21001.6953 10068.3652 5790.0059 0.0000 15619.6660 7416.8271 15862.4326 6323.2949 15843.4824 9611.4014 10142.8877 5516.4995 5937.8926 6.7717 11167.5547 10085.1064 6035.2900 13131.4355 5624.3345 0.0000 121.8282 8989.6875 11053.7646 7409.2754 3972.8989 1710.6310 2682.4487 5004.5117 1257.6704 15206.1592 12429.0996 11142.4922 7213.0059 15260.0947 14273.0107 7881.4766 15341.4766 2209.2607 3952.0947 6356.1543 9637.5820 15224.3789 9664.8330 4629.0088 8659.7031 16298.5479 8216.3096 11948.4551
13652.2607 21194.9121 10192.0449 5920.5854 0.0000 15789.6416 7389.5391 15958.2051 6435.2637 16219.3994 9719.6689 9993.7080 5577.8779 5922.7534 6.5636 11008.8447 10135.9414 6077.7026 13222.6914 5745.2314 0.0000 166.4259 9121.6611 11175.2988 7490.6030 4076.1196 1733.7786 2744.8594 5039.8755 1613.2841 15269.9971 12434.3760 11276.4609 7356.6050 15504.0752 14454.7070 7866.3501 15516.7227 2246.8274 4114.5225 6325.4922 9657.9355 15291.6133 9620.2334 4895.5986 8747.0596 16465.1953 8283.2471 11958.5850
13417.5850 21017.9160 10096.3887 5867.0454 0.0000 15621.7998 7380.2744 15964.6582 6242.0581 15804.3115 9540.4980 10006.7773 5615.4863 5981.6807 6.4534 11244.0449 10066.6875 5980.1763 13178.2139 5684.8745 0.0000 266.0638 9076.0303 11004.5146 7407.4722 4038.3442 1744.3767 2710.1465 5071.1729 1201.5128 15158.6631 12457.0557 11283.8682 7265.2202 15375.2627 14345.3662 7898.2139 15324.7109 2254.9319 3955.6677 6447.4536 9686.6201 15304.3125 9593.5889 4947.8125 8675.8115 16313.4141 8220.3320 11785.0420
13419.0840 20929.2422 10116.0723 5833.0366 0.0000 15497.0723 7376.8447 15932.9580 6219.8496 15395.1934 9557.3809 10010.7217 5561.4565 5924.9033 5.4759 11083.0039 10064.9160 6011.2637 13140.0205 5733.4131 0.0000 171.3163 9062.8926 10994.9072 7421.8818 3985.8521 1745.0554 2650.3848 5046.1509 731.4635 15172.6338 12251.9160 11124.0293 7230.9414 15210.7725 14080.1064 7914.0532 15194.8818 2294.4612 3721.7212 6271.2012 9583.8535 15178.1924 9483.6328 4708.5586 8566.6807 16251.9160 8138.0981 11773.5615
13418.1299 20916.5273 10100.9912 5814.6421 0.0000 15590.4570 7410.9297 15989.0938 6317.3999 15920.4287 9605.2656 10018.8457 5470.4692 6041.3384 6.1842 10939.7393 9988.8447 5976.3301 13151.2041 5713.8931 0.0000 117.1604 9061.6943 10976.3076 7444.7725 3890.4714 1736.4404 2693.3359 5076.1982 1236.6490 15221.9707 12403.1074 11222.5625 7383.5259 15257.7471 14246.5527 7940.3057 15176.0039 2239.0354 4071.7246 6233.0161 9626.7793 15196.3193 9504.9561 4787.3408 8552.0293 16264.2051 8190.0288 11816.5078
13565.6035 21106.6992 10119.4180 5915.8604 0.0000 15717.8193 7462.2070 15975.5205 6349.7969 16251.1250 9700.6475 10065.7314 5569.9712 5950.9985 7.1031 11178.8428 10118.5625 6075.7690 13237.1602 5751.8452 0.0000 127.3591 9107.7695 11071.5361 7600.1797 4127.9463 1743.6442 2703.3174 5036.4111 1207.2896 15242.0439 12303.9131 11220.5361 7463.8848 15433.1455 14326.5381 7930.7983 15468.7617 2186.3389 4146.8477 6271.7612 9681.1357 15271.7207 9527.6699 4756.6572 8741.2070 16371.1797 8210.5244 11977.5703
13457.1689 21198.4160 10254.2988 5867.1523 0.0000 15709.1084 7442.1963 15937.8516 6200.9111 15787.7754 9601.0605 10164.3584 5624.0786 5838.7705 6.7217 11047.6289 10086.0918 6015.9346 13236.4258 5821.8457 0.0000 141.2160 9111.4229 11054.0820 7441.6997 4002.4622 1750.0085 2723.7527 5039.1377 1006.4584 15311.1270 12467.0117 11217.9414 7393.2954 15340.1641 14292.7842 7832.7158 15467.3701 2183.4189 3846.7253 6205.2871 9687.2969 15316.8418 9535.4736 4934.1802 8771.1758 16405.0098 8259.5938 11834.5928
13655.1475 21047.0820 10171.3301 5814.1372 0.0000 15784.7305 7525.3389 16034.7998 6406.1191 16639.5137 9667.2510 10128.5068 5579.9370 5957.9624 6.0271 11321.9990 10142.8564 6139.0210 13215.3828 5710.4595 0.0000 129.5723 9120.8721 10971.7090 7525.8325 3982.5486 1755.1967 2708.7871 5042.0000 1579.3723 15272.1904 12587.7490 11261.7646 7479.3115 15433.0166 14332.1455 7859.0659 15407.2607 2248.5696 4213.8555 6263.6987 9719.0439 15368.5752 9645.8643 4870.0522 8662.5801 16521.3242 8260.7217 11920.2109
13647.2441 21344.9004 10104.9463 5919.9526 0.0000 15878.8047 7594.0869 16044.5518 6351.1196 15850.2793 9749.8682 10264.2783 5555.2217 5961.0669 4.8281 11259.1865 10239.8145 6127.7759 13323.4043 5743.3296 0.0000 140.1140 9121.4717 11177.8594 7673.9497 4086.1135 1741.1329 2752.5032 5048.7607 889.5753 15375.0312 12528.1475 11328.9639 7318.7275 15570.0264 14521.0625 7950.4756 15737.2822 2203.9678 3915.5129 6385.6846 9711.1982 15389.9639 9571.5762 4627.9717 8759.6152 16461.7598 8346.0850 11981.9473
13501.9531 21334.4023 10109.9385 5967.7896 0.0000 15803.1709 7367.5444 16059.0625 6427.0054 15789.5303 9715.5820 10130.6963 5598.5220 6030.4805 4.7288 11281.1777 10191.8193 6051.4526 13309.4346 5770.3931 0.0000 152.2173 9269.0352 11230.2432 7386.4121 4015.1099 1742.4003 2743.6833 5094.4863 852.4601 15216.7275 12468.4443 11325.1299 7330.4097 15504.8838 14410.4414 7932.8203 15581.1953 2250.5461 3817.3267 6303.2700 9740.5518 15271.6582 9685.9375 4668.1396 8842.6719 16394.1113 8287.2891 12020.5039
13485.4229 20840.2559 9945.3799 5811.4375 0.0000 15647.5820 7383.2871 15945.2891 6428.6377 15456.3486 9556.7734 10165.5498 5516.8398 5991.7949 4.0921 11072.4600 10108.1973 6020.1152 13236.2148 5706.5298 0.0000 133.1108 9032.8877 11102.1143 7397.8262 3999.6792 1720.5809 2669.7881 4996.8032 666.2894 15213.3506 12405.9590 11290.2754 7307.7773 15316.4502 14198.8604 7761.2041 15219.8135 2134.5486 3769.3159 6192.5654 9604.0098 15314.1699 9504.3691 4554.2314 8532.4531 16293.8994 8217.6992 11907.0322
13728.9678 21164.7559 10103.2432 5890.7798 0.0000 15776.6953 7452.3286 15914.3818 6338.3135 15649.4326 9726.1875 10016.7676 5607.8159 6022.8208 5.4934 11211.3701 10179.1689 6078.6216 13228.6973 5799.3188 0.0000 188.5576 9182.4619 11224.0898 7571.0181 4126.5322 1722.3458 2731.2502 4983.9370 667.0615 15320.3818 12520.6943 11233.4355 7282.7930 15531.0527 14412.0830 7974.2393 15541.5303 2187.0388 3790.0117 6264.9424 9634.7539 15294.9746 9494.0049 4812.5264 8660.2285 16500.8535 8257.3105 11966.9512
13541.8096 21178.3203 10059.1465 5855.2378 0.0000 15746.7529 7507.0093 15973.2227 6254.3687 15554.7500 9702.9844 10115.1436 5624.1592 5903.9697 6.8558 11253.2061 10130.4482 6111.8613 13173.9941 5753.9521 0.0000 201.9005 9081.4502 10984.5840 7453.7178 4024.3940 1748.8606 2720.3098 4947.9985 778.6594 15212.2588 12447.2949 11191.0459 7225.1221 15410.4971 14341.1396 8036.6631 15305.3711 2249.8372 3830.2036 6367.7046 9613.6602 15268.2305 9549.6484 4688.6191 8724.9736 16353.8516 8185.9639 11854.3613
13478.5576 21107.2988 10236.4775 5834.3413 0.0000 15749.3965 7422.5908 16084.3145 6220.4771 15949.2285 9607.9053 10273.1240 5551.4502 5891.3335 6.3720 11013.2061 10064.0898 6017.3169 13192.1758 5806.4116 0.0000 152.2504 9124.4482 11067.6328 7417.8120 3965.8459 1752.9915 2740.0242 5056.0371 1179.2864 15239.5576 12422.9102 11215.0498 7253.6621 15380.0645 14297.6211 7961.2920 15508.0205 2236.8450 3931.0493 6265.5347 9651.2510 15304.3916 9569.1514 4786.7231 8645.8281 16421.0918 8238.8994 11764.3789
13563.6758 21133.9434 10065.1338 5862.4224 0.0000 15710.3418 7459.7495 16013.7402 6334.5708 16011.3779 9597.5537 10038.6621 5521.1763 5857.0894 6.0474 11277.0996 10158.7471 5987.8755 13180.2920 5746.6548 0.0000 166.8051 9182.1475 11037.0273 7482.4395 4015.8323 1750.5477 2694.5986 5055.6250 1269.6454 15255.9199 12559.8359 11189.3340 7269.1416 15408.6514 14411.9941 7993.9546 15260.2539 2141.7881 3962.3167 6261.0669 9610.7324 15299.8408 9591.0225 4777.6724 8635.1553 16388.6191 8195.6064 11976.4551
13385.0586 20989.9883 10192.4736 5797.0742 0.0000 15821.1914 7487.9194 15903.7227 6355.7969 16207.6709 9588.2461 10053.8066 5505.3213 5936.7593 4.4354 11196.1504 10059.3398 6031.5615 13194.2578 5775.2827 0.0000 164.2083 9247.5781 11026.2100 7539.8804 3997.9841 1745.0471 2717.7666 5013.6733 1368.7228 15284.3633 12476.8574 11250.8242 7453.9688 15399.0361 14270.1191 8036.8828 15316.8799 2296.7253 4089.3999 6215.5312 9604.0352 15392.3809 9580.1182 4741.8115 8648.8076 16409.9180 8251.6045 11789.3135
13509.0029 21078.8984 10070.0371 5867.7461 0.0000 15658.1963 7481.8901 15974.0342 6435.6221 16612.1191 9651.9443 10088.8994 5552.0903 5929.0298 3.9767 11059.3896 10036.7041 6038.1128 13222.5498 5772.8687 0.0000 150.7467 9074.4648 11045.8750 7525.8428 3876.7070 1729.7677 2732.6135 5019.0815 1335.5380 15295.3789 12416.1377 11294.2979 7592.4956 15402.9404 14353.3848 7934.6592 15534.9600 2239.1418 4172.7285 6316.8145 9660.0947 15324.2256 9575.1670 4772.2607 8603.5127 16448.0723 8338.0742 11867.4961
