12031.6338 21033.9258 12969.5928 5924.2812 3678.1025 4736.6099 17201.2070 18451.9551 4602.9897 19421.0000 7831.6235 9942.5518 4647.2832 4880.2734 1312.2252 14820.3525 8760.0020 7988.0679 13624.0029 7425.8281 4497.2686 2963.1145 2948.3379 13665.0771 9925.1523 9097.5371 3084.3020 3108.6760 8681.0576 5242.2930 13340.5791 9813.2900 11782.0674 4921.0361 14886.6797 13673.8223 1700.8035 14368.9277 1253.4579 5263.9653 11192.1328 11022.9443 13781.4346 10216.8496 8216.7109 8192.2783 10895.8848 8629.2354 8430.8311
11944.0215 21036.6816 12912.2109 5925.0054 3776.6938 4744.9478 17113.3926 18042.9883 4488.9839 18699.7969 7921.7485 9846.2949 4655.8975 4876.9404 1151.6144 14882.6543 8831.2363 8087.7993 13526.4277 7133.8511 2985.6245 3168.4612 3008.0210 13611.6279 10010.7061 9022.7666 3083.9080 3052.7932 8491.1904 4460.0938 13320.9385 9951.8799 11588.1670 4934.1069 14819.5586 13675.3564 1675.2030 14507.8779 1055.7170 5050.6968 10739.7354 11060.9248 13844.4893 10232.7627 8212.8828 8178.9326 10909.9443 8586.6504 8511.7773
11885.8027 20442.5879 12518.9600 5779.0034 3569.7056 4642.7021 16820.5488 17629.8145 4500.7979 20282.5566 7558.5239 9701.0723 4584.2349 4837.7954 909.4012 14483.2764 8546.7051 7773.7671 13143.0664 6894.3169 1990.3184 2921.3301 2902.6340 13154.8926 9964.0996 8757.6328 3177.4700 2910.5989 8299.3105 6531.3496 13060.0264 9666.7861 11248.0752 4991.5273 14548.6416 13443.2773 1716.5049 14067.0840 1174.2457 6162.4307 10698.8457 10852.4814 13691.3555 10080.6035 8778.2188 8023.0996 10787.7412 8538.6084 8119.6787
12119.6318 20949.8887 12872.3389 5804.0039 3443.7839 4728.1816 17269.3535 18301.9492 4704.8804 20173.7578 7755.0737 9937.8779 4633.1270 4853.1743 1050.6422 15032.1875 8746.1270 7979.5063 13471.7686 7317.8965 4133.3179 2994.9912 2957.7463 13522.7490 9975.0615 8989.3467 3057.3628 3096.8113 8515.2324 6095.7891 13209.1338 9740.6465 11772.0410 5104.9717 14820.5234 13616.3223 1791.9600 14289.2832 1187.1393 6000.0557 10975.7520 10997.6074 13735.7061 10164.6104 8267.3857 8194.6406 10905.4297 8639.0322 8400.5303
12463.2441 21141.2793 12879.8291 5908.7974 3506.2830 4715.3208 17252.3965 18048.0312 4571.6245 20345.7656 7895.9038 9995.4014 4640.3999 4909.6636 1177.9091 15305.0811 8857.5459 8146.3657 13529.7598 7133.0137 3806.5530 2604.2368 2840.7563 13452.7500 10006.3359 9079.3789 3090.4417 3038.1885 8496.7188 6359.6343 13360.5850 9779.3438 11658.7568 4958.0552 14915.6855 13589.5078 1729.5728 14241.6533 1167.4741 5683.3652 10761.9219 11082.9395 13911.6367 10219.3271 8386.0166 8239.9951 11015.6445 8445.6377 8439.8301
12295.5273 20910.1289 12738.9141 5933.5659 3576.4941 4710.5894 17148.8184 17801.0020 4609.8916 19362.6348 7909.9966 9848.8057 4605.0884 4849.7559 1123.5051 15170.8057 8701.7266 7963.6519 13457.5205 6965.0327 3494.0862 2099.6738 3028.0515 13663.9990 9985.5488 9041.4961 3150.7808 3037.0728 8462.2373 5408.4814 13263.2285 9892.9131 11506.3506 4732.2378 15017.4385 13836.8545 1753.0291 14642.0957 1217.9657 5081.4644 10606.7607 10908.6631 13822.7021 10153.4404 8795.6182 8205.8828 11012.0967 8685.5596 8407.5635
11951.7305 20691.5859 12814.0449 5880.4873 3636.1609 4701.0806 16872.9863 17919.0039 4482.0024 17952.4102 7771.6938 9866.4873 4592.9243 4862.8760 1135.2948 15083.8252 8711.2646 7873.6167 13351.4365 7130.7256 5232.8623 2480.6636 2951.9927 13312.5342 9772.4385 8902.4717 3171.0137 3050.3494 8651.6250 5017.4927 13111.7090 9631.7852 11502.8877 4674.0933 14784.8193 13554.1855 1674.2478 14120.3408 1143.1628 4848.6284 10910.6572 10932.7666 13699.9141 10140.6367 8222.9629 8010.1885 10867.6191 8598.0859 8352.5068
12108.7744 20978.7422 12981.6904 5921.0405 3647.3655 4714.5659 16905.2715 17934.5566 4619.0513 19233.5117 7827.8018 9952.7607 4649.6421 4865.5190 1003.6939 15209.7266 8707.9893 7980.1689 13507.4668 7095.3994 3792.8621 2182.1150 3043.0642 13497.5488 9614.4854 9092.2080 3185.5403 3018.5190 8524.3955 6544.2358 13204.6621 9773.0811 11442.4932 4593.5908 14950.8623 13780.5625 1625.4192 14567.3936 1090.3817 5129.3071 10805.1133 11031.4170 13804.2090 10237.6494 8640.2656 8157.0684 10851.4717 8658.1846 8431.0811
11928.1064 19943.5723 12504.6514 5707.3550 3449.8975 4597.5381 16363.5156 17559.4883 4341.3521 19619.5234 7638.5181 9623.2402 4448.9888 4742.4473 1404.0892 14788.1113 8468.4258 7729.8696 13025.6777 6830.7964 5815.5146 2688.0710 2935.8264 12979.6357 9802.4023 8642.6748 3091.4819 2908.0000 8340.9492 6227.1699 12924.6650 9456.3672 11042.0479 4594.1860 14349.3066 13411.9609 1701.6927 13661.4199 1103.3397 5438.8848 10624.0264 10618.1514 13495.2930 9821.1475 8600.2891 7859.0576 10695.2559 8415.3496 8158.8848
11994.2266 20626.7363 12802.3701 5854.9365 3654.2676 4660.2793 16961.4629 18219.9512 4612.2627 18697.4375 7795.2129 9915.2744 4542.3286 4843.2876 1184.7906 14887.9307 8631.6982 7940.2993 13470.3828 7349.0894 4374.7920 2541.2776 2911.3691 13488.9551 9941.0654 8981.2441 3170.0183 3075.6421 8528.5469 5207.4497 13116.3213 9691.4180 11639.8232 4723.6689 14699.9014 13551.6035 1676.2687 14164.5264 1153.4562 5345.3867 10562.0850 10848.4453 13768.7021 9998.2910 8832.7949 8103.1812 10842.2354 8621.3408 8306.7656
12097.9434 21025.7402 12926.6562 5930.1504 3506.9109 4780.6011 16978.9141 18066.2480 4551.8638 17512.1465 7781.1758 9863.1895 4689.3247 4908.2100 1161.4686 14735.0947 8822.0273 8102.2974 13482.2402 7132.6045 1474.1426 1868.8779 2963.2786 13560.8613 9753.0107 9127.5088 3158.1892 3043.8477 8488.6289 4793.2642 13209.5967 9873.2783 11595.4160 4966.5518 14860.1680 13659.4199 1726.3665 14304.2910 1162.3502 5025.9805 10550.5518 10985.4219 13809.2607 10188.7100 8722.7061 8300.8799 10893.4248 8658.6104 8516.9424
11878.8936 20234.7676 12565.3574 5789.1694 3638.5515 4671.7310 16668.7188 17466.8262 4514.0781 19251.3203 7661.0581 9788.2520 4427.0913 4732.6636 1245.4353 14753.5586 8602.0771 7797.0391 13171.1094 6964.8198 2565.1855 2269.0398 2931.0908 13269.7842 9826.0869 8582.2305 3077.2188 2984.2363 8435.9404 6678.7993 13096.5527 9555.0576 11137.1592 5059.4351 14609.9990 13434.3711 1726.9529 13758.5957 1046.9875 5811.0835 10767.2129 10803.0596 13644.0352 9967.2119 8868.9727 7841.5664 10813.9873 8497.6455 8113.0894
12198.2686 20595.5234 12857.6465 5811.0454 3631.3982 4713.5942 17272.7090 17837.2305 4736.4785 20102.2324 7857.0464 9979.1973 4581.4956 4893.8823 1262.7606 14961.3652 8772.4941 8033.8032 13409.6865 7054.0430 4753.8965 3169.2222 2844.8037 13286.6396 10150.7695 8966.2217 3140.7632 3025.8552 8563.1709 6114.5288 13228.2666 9791.2227 11370.2002 4990.3516 14998.9941 13768.1279 1636.3580 14206.5801 1024.5482 5742.6484 10788.8887 10958.0498 13895.7402 10142.2529 8854.0303 8035.6147 10986.6709 8631.2773 8321.8008
12009.8721 21226.7910 12952.9307 5906.0630 3680.3049 4726.1211 17073.7344 17867.1094 4664.2656 19636.3457 7888.7656 10180.9990 4588.2095 5009.0410 1100.6243 14965.5420 8812.6582 8110.9189 13530.3438 7038.8008 4562.7563 3000.3657 2809.8608 13413.9990 9860.5596 9082.5205 3152.1816 3091.8447 8563.0146 5237.8818 13276.4883 9727.4023 11316.6621 4768.4224 14596.5947 13214.8281 1789.0325 14200.9980 1105.7941 5254.7612 10759.7305 11106.8594 13781.4570 10360.6191 8352.3848 8160.7017 10800.3516 7869.5972 8554.1562
11899.8350 20591.8691 12602.4316 5854.8018 3454.3604 4715.0088 16746.6895 17630.6934 4478.4609 19147.9336 7681.9526 9719.7529 4555.8438 4787.5327 1130.2231 14968.9102 8587.3047 7956.0186 13276.7402 6958.3198 1315.4044 2155.7588 2928.5286 13327.5674 9590.8076 9078.9219 3041.2031 2955.9451 8365.4707 4957.7700 13097.8115 9769.8486 11296.1084 4520.0806 14705.8750 13619.2129 1591.3920 14169.8779 1092.4081 4727.1680 10661.5635 10792.8848 13664.8672 9999.2666 8793.3945 8094.6533 10822.7461 8549.1162 8297.2236
12002.6045 20234.1309 12578.1572 5713.6187 3625.6382 4726.5415 16719.5078 17537.4512 4517.9907 18065.6992 7632.7422 9669.2656 4403.9844 4754.0742 1279.1669 14857.8135 8609.0244 7826.5166 13116.4365 6877.7461 936.5767 2119.3357 3012.6963 13376.6553 9733.4385 8810.6455 3063.2041 2938.6655 8387.9355 6524.2192 13016.4365 9691.4189 11179.6025 4647.4678 14599.8057 13580.1660 1688.3008 14107.2939 1073.1246 5129.6455 10577.2178 10735.6865 13590.8809 10025.8174 8750.4844 7733.6045 10820.2646 8417.4219 8279.1025
12129.4082 20570.3320 12631.3525 5841.2583 3655.7075 4809.2573 17210.9980 17688.4609 4632.8462 19913.0625 7673.3174 9878.1514 4557.3848 4790.8877 1289.9312 14871.8818 8632.3799 7917.0234 13246.6699 6951.6362 5116.7783 2963.4082 2959.0129 13249.6670 10106.4238 8883.8438 3087.9360 3007.8057 8420.7158 6399.2388 13185.1152 9766.2354 11288.4668 4887.8452 14955.8145 13772.5205 1644.4924 14204.2988 1130.4801 5551.7676 10741.9541 10893.1758 13834.5352 10170.1611 8614.4971 7976.5830 11003.2871 8679.6895 8285.8193
11773.9600 20836.0352 12804.1221 5958.9214 3570.9504 4707.0796 16769.9766 18103.4590 4623.3018 19075.9473 7723.8398 9811.1807 4655.7764 4762.8730 626.7675 14839.7041 8762.5791 7993.5156 13543.6738 7224.4414 1085.5153 2480.9431 3015.9211 13763.3994 9813.5225 9215.3799 3134.1555 3041.8381 8502.7861 5877.2822 13183.5576 9822.1172 11856.0869 4822.2622 14663.2949 13374.1963 1728.9521 14135.9043 1118.0193 5522.2563 10747.0811 11047.5156 13655.7061 10185.9150 8610.3535 8354.3789 10757.2969 8623.8926 8338.6514
11976.0811 20945.5527 12913.5771 5921.9482 3563.5667 4769.5669 17024.6016 17825.1680 4600.4756 18682.9629 7802.0234 10006.6699 4619.2778 4884.9888 616.7748 14884.3467 8646.9688 8020.0474 13472.7930 7003.7134 1099.0258 2402.6082 2955.1599 13797.9053 9852.3965 9115.7793 3115.5510 3062.1450 8358.7822 5748.6948 13233.3975 9802.1357 11482.8955 4781.6602 14929.1914 13790.5332 1662.7809 14247.8027 1117.8120 5207.1333 10669.3174 10952.6680 13851.6738 10201.5215 8949.1240 8121.0869 10934.3457 8673.8662 8505.3301
11887.2344 20296.1133 12569.2549 5708.5664 3682.5198 4657.1460 16527.7988 17653.1641 4310.6118 18472.3359 7703.6626 9654.8633 4572.5498 4783.1914 1096.8984 14702.4609 8477.6289 7667.2827 13127.3174 6894.7246 4773.6826 2654.2351 2921.1077 13177.6377 9808.4160 8793.1924 3077.8118 2932.6453 8332.3896 4929.4585 12941.8887 9411.3193 11059.4707 4519.3589 14413.9746 13292.3340 1620.8937 13636.9062 1128.7408 4815.9785 10736.5498 10686.1133 13570.3809 10010.2520 8200.2529 7884.5635 10787.9580 8393.1045 8079.7686
11934.6543 20986.2305 12684.2275 5843.4673 3766.9792 4728.7329 16957.3027 18065.9199 4627.0117 19368.2852 7750.2261 9976.6426 4730.4785 4978.8193 1056.1833 14944.1855 8800.3838 7987.3472 13530.2070 7128.7725 3025.4878 2781.8997 2917.8269 13358.9678 9836.6377 9166.5010 3081.7773 3018.1882 8416.6260 6266.0659 13193.6875 9718.3008 11670.4570 4693.0854 14622.7500 13428.7842 1673.8687 14090.5059 1193.7964 5271.0298 10591.0312 11082.9795 13829.3779 10129.6182 8449.4482 8176.8789 10801.8672 8564.8750 8318.0498
11982.9688 20765.1738 12662.8994 5803.7529 3394.2688 4685.3408 17259.1504 17928.0195 4646.6016 19719.6895 7877.9585 9951.5449 4634.7944 5018.9512 1108.5125 15320.0039 8742.9854 8040.2959 13464.1572 7017.5669 4234.4380 2916.2178 2833.1929 13310.0371 10035.0264 8991.7939 3086.9158 3068.5186 8383.5371 6062.9932 13225.1895 9713.3760 11550.4736 4782.8394 14697.7998 13413.1309 1691.0408 14283.2705 1198.3636 5275.6362 10477.9316 10960.3350 13772.7344 10127.1123 8405.1445 8036.3740 10914.8926 8332.4717 8399.4658
12107.0332 20690.7324 12797.4199 5826.9829 3340.5190 4781.4834 17284.1602 17796.3750 4533.1504 19620.7637 7833.6250 9908.0410 4632.2324 4927.2617 1074.6455 15130.2402 8674.8438 8046.3804 13381.7520 6892.4697 3879.8621 2561.2910 2951.6323 13374.0488 10041.4346 8981.4141 3085.8455 3018.5234 8362.8896 5208.1104 13237.6934 9807.6172 11355.2422 4620.7549 14933.6494 13722.6279 1721.5397 14268.9951 1211.4414 4664.8940 10447.3750 10968.9355 13816.4912 10135.9141 8922.6016 8124.6040 10954.1279 8555.9355 8290.7012
11849.9316 20617.3594 12939.4775 5933.2876 3487.3037 4680.7808 16602.6270 18176.1152 4407.7773 18980.3438 7629.1895 9724.9873 4607.3823 4695.3374 1164.4326 14580.6816 8566.9102 7795.7446 13293.3896 7157.1133 4037.4358 2696.6250 2975.6746 13354.6455 9894.6289 8911.3682 3150.1111 3045.6245 8664.2461 5810.9805 13020.8799 9683.0254 11342.5264 4743.5356 14474.2891 13364.8857 1725.1371 14276.5918 1109.7306 5177.3511 10934.2812 10969.9570 13629.8691 10141.0957 8725.5596 8172.5547 10648.0098 8526.1836 8315.0010
12016.0918 20832.2441 13148.6455 5924.5967 3785.1101 4712.6270 17264.8379 18061.7148 4573.2104 19817.0176 7830.6392 10016.9648 4554.6421 4906.1802 1049.0388 15046.1064 8709.7119 7947.4077 13499.2939 7199.2793 3044.5569 2967.8274 3020.8169 13583.1016 10012.8066 9075.8174 3184.5110 3075.8000 8663.1514 6195.1362 13276.1338 9815.6143 11493.3154 5002.5039 14900.9766 13712.1855 1666.8168 14422.7832 1066.1780 5915.2075 10868.1484 10937.7588 13869.7412 10169.2441 8698.6855 8177.5552 10947.4990 8543.7588 8440.6904
12206.5146 20981.8711 12964.5088 5974.5664 3579.3472 4745.9902 17124.1777 18305.1387 4694.7202 19161.0957 7915.9824 10027.0684 4729.8560 4896.4614 1077.6217 15113.8994 8828.3496 8199.9678 13645.1855 7421.2148 3699.8506 2906.1594 2953.8127 13848.4512 9988.9541 9174.4395 3093.8650 3059.0405 8580.8887 6087.1758 13352.3828 9852.0576 12056.8721 4866.5615 14892.9189 13581.9902 1676.4143 14127.3311 1075.4125 5348.5649 10866.8301 11094.1123 13854.6729 10303.5801 8634.1309 8349.7695 10848.8789 8661.7637 8542.2842
12126.7422 21399.5664 13074.3730 5926.2915 3399.0010 4708.0107 17333.5391 18518.7051 4764.1846 19422.5195 7880.2007 10141.2715 4789.6611 4939.3413 828.6918 15154.7949 8859.1738 8100.8545 13848.9521 7384.2188 1055.0892 2245.1006 2927.6289 13724.1162 9990.1035 9102.4844 3140.9187 3087.2361 8570.8438 5750.2026 13455.2764 9933.3506 12155.4932 4821.1689 14971.3027 13658.5488 1689.7382 14518.2344 1081.6902 5259.5498 10952.1963 11185.9785 14046.7021 10333.5293 8768.1445 8331.8555 10936.4463 8763.3154 8534.1182
12261.0264 21286.4707 12983.3252 5867.5107 3601.3240 4705.9634 17387.0469 18175.3223 4471.4561 19477.2012 7850.5972 9898.9189 4722.8921 5007.3472 464.2605 15217.9102 8927.3105 8082.2324 13649.1514 7024.5308 -1859.6488 1707.8378 2981.5974 13603.0830 9975.2178 9115.0947 3016.8064 3031.5591 8430.8271 5519.1289 13331.1553 9971.6113 11505.9883 4777.1646 15130.5801 13882.6582 1680.8448 14535.1875 1130.4423 4925.2725 10762.8691 11188.1670 14003.5693 10419.0312 9128.3291 8304.0498 11029.3906 8678.1104 8519.9512
11883.7725 20453.0156 12633.8223 5820.2881 3714.1372 4606.8525 16489.4863 17853.9336 4405.6333 18373.1348 7585.5249 9632.1104 4519.4487 4716.9385 870.3148 14583.5000 8488.2959 7761.4321 13139.9463 7032.4282 2800.4473 2599.7788 2907.9636 13178.8135 9691.2656 8757.1191 3013.6226 2997.3354 8616.0742 5245.4761 13004.4141 9650.7402 11149.5234 4672.5767 14476.4629 13330.7773 1644.5048 13975.3906 1182.0696 4918.4609 10848.9463 10832.3320 13599.4297 10140.7480 8240.8779 7980.1680 10754.4424 8486.0186 8176.3770
12091.9932 21133.0840 12716.7559 5846.2900 3533.6777 4652.8228 16847.8184 18160.9590 4658.9053 18147.1191 7803.6113 9891.9814 4670.8042 4928.6147 855.9078 14982.3633 8666.0361 8060.8926 13537.9014 7177.3745 2164.3604 2467.9092 2912.2744 13419.1914 9637.1309 9045.0527 3171.3965 3022.8589 8495.6758 4575.6265 13205.5195 9660.3711 11742.7061 4683.4517 14698.0527 13631.7598 1612.3876 14327.7559 1019.1040 4841.8306 10672.4062 11090.4561 13736.2822 10282.6084 8622.1084 8189.1450 10861.9180 8575.1855 8391.9570
12072.7930 20886.7695 12889.0635 5845.5449 3520.2612 4720.6074 17009.6211 17843.8066 4550.7168 19548.6328 7827.2354 9883.6006 4628.4199 4911.4346 903.1474 14846.2676 8796.8730 7964.3042 13441.1875 7033.5825 2110.2610 2684.4424 2948.0452 13459.0303 9803.5127 8941.9883 3164.3555 3040.3623 8443.6992 5668.7715 13166.6748 9801.0752 11455.8809 4938.5249 14886.8975 13700.5049 1703.3314 14316.8955 1135.5007 5519.4316 10476.0469 11002.5215 13742.5293 10136.0391 8912.3311 8218.5283 10910.9551 8602.3506 8391.4287
11809.3447 20268.8125 12555.1465 5726.6592 3776.2476 4678.8413 16620.3203 17621.8828 4501.5376 19397.9141 7622.5884 9684.5352 4490.0889 4710.6113 1266.0519 14636.1992 8515.9414 7795.4185 13190.6943 6890.9736 3788.2976 2913.2446 2928.3398 13165.6328 9926.7520 8716.5400 3102.6477 2956.9189 8426.2090 6225.9648 13052.2900 9655.6094 11093.1396 4900.9663 14499.1895 13486.3604 1688.7118 14127.4639 1113.0037 5509.7583 10472.3838 10774.7666 13619.3418 9981.5176 8826.1553 7833.7402 10728.8018 8468.4189 8077.5083
11961.8916 20765.2559 12967.7803 5894.5161 3589.6448 4687.6699 16902.2695 18192.1562 4708.2969 18650.4141 7785.7109 9858.4375 4580.6108 4916.4492 1139.4008 14969.5928 8653.6855 7915.9077 13489.0332 7315.6787 4297.5747 2742.7144 2993.2209 13589.3740 9854.7061 8971.6416 3153.4475 3125.2017 8600.2646 5785.0664 13243.6211 9704.3115 11599.3418 4730.8506 14737.1055 13546.0029 1839.0944 14300.2217 1178.4998 5199.9121 10751.9463 10884.7471 13745.6465 10149.4590 8362.0273 8076.4854 10860.0527 8532.6523 8302.4014
11977.0791 21040.3359 12921.6143 5907.9136 3488.4272 4686.1968 16970.2891 18302.3027 4746.6157 19352.7129 7762.6963 9878.7451 4715.3770 4877.8486 1116.5071 14898.0449 8776.4492 7979.4541 13605.3125 7417.8662 4257.8604 2501.3901 2937.9553 13717.5518 9986.6875 8949.3945 3139.4221 3098.3813 8512.7949 4991.6973 13260.8008 9812.7578 11886.3262 4771.1260 14702.3037 13560.1279 1699.8743 14393.9004 1064.8198 5368.2222 10875.8311 11014.9697 13768.4600 10201.3232 8397.2197 8306.0020 10871.4004 8639.4473 8540.7041
12265.0000 21105.1426 12760.8730 5899.2759 3599.6755 4740.9038 17234.4199 17887.7422 4576.8452 20012.9023 7910.8901 9884.0967 4690.0801 4905.9214 1111.7894 15413.3594 8680.9512 7973.7368 13450.3828 7088.8438 4195.8643 2573.6216 3003.0532 13479.5859 10208.2842 9136.8281 3151.2141 3044.9697 8456.1885 5188.9390 13245.4395 9726.3184 11579.2334 4993.6836 14744.1826 13581.0889 1704.9711 14036.7998 1036.7819 5509.8950 10783.4893 11025.0293 13740.9688 10241.9717 8290.4873 8251.6279 10896.8369 8517.3613 8405.9121
11925.0938 20691.7012 12495.7744 5855.5386 3339.3179 4672.7920 16920.9727 17518.7383 4502.6382 19923.2520 7780.4805 9904.9561 4439.1274 4866.5464 1120.0103 14798.9863 8742.7236 7982.8369 13276.3887 6817.3066 4105.1436 2617.4768 2924.9187 13257.9609 10109.4004 9048.6123 3115.9922 2992.5249 8402.3828 5815.3052 13219.9180 9637.0605 11216.2627 4903.6846 14840.4404 13740.6680 1768.6294 14197.9922 1209.6364 5937.8140 10757.7930 10870.6270 13801.7539 10049.1074 8679.8828 8031.0894 10918.7744 8588.7139 8386.1094
11974.0820 20451.4277 12863.5566 5799.0771 3592.1763 4683.1357 16521.1484 17931.0293 4351.3032 18943.2793 7689.2842 9837.5859 4610.5532 4791.8354 1117.9226 14848.3184 8731.9180 7858.2295 13205.9180 7251.4185 4319.2476 2607.9622 2942.1440 13146.5684 9676.9072 8733.4521 3156.1243 2980.4380 8462.0615 5459.2329 13021.2793 9670.5469 11426.4951 4642.0708 14445.8516 13202.2832 1702.2677 14101.7793 1135.1606 5686.5918 10864.2520 10858.0391 13496.0088 10065.2490 8435.8330 7963.0796 10665.7129 8417.5020 8306.6064
12384.2373 20652.3008 12475.7080 5850.4487 3679.5701 4778.2871 16874.7227 17795.8633 4635.0903 19231.8086 7721.1797 9756.0195 4583.3901 4848.8184 977.1890 14959.1309 8665.2090 7910.9424 13330.1465 7090.3486 1605.0984 2349.7957 3033.4258 13403.3994 9813.9727 8813.8066 3011.2451 3017.2388 8304.7188 5289.0396 13122.0146 9678.9385 11500.2588 4938.1807 14589.4424 13412.4053 1734.9738 14153.2686 1092.8888 5279.6118 10789.3555 10827.0918 13582.3252 10049.8145 8303.5840 8026.0596 10854.0703 8336.6221 8286.0576
12079.1328 20393.8457 12565.9111 5843.6436 3559.8550 4668.5288 16827.5195 17668.2344 4518.0908 19786.6875 7740.9985 9742.3545 4471.4531 4801.2803 1005.9387 14796.9434 8634.5078 7947.7266 13257.2910 6885.3853 1616.7709 2391.6182 2923.5889 13280.9570 9854.4268 8900.8184 3006.5393 2953.0684 8297.3633 5251.3286 13177.6934 9820.9238 11349.3467 5164.0444 14815.3320 13790.3867 1744.8389 14388.7949 1156.5431 5527.1548 10535.4395 10736.9082 13694.8447 9926.8877 8538.4346 8008.0254 10897.0664 8614.2129 8220.7754
12048.2900 20389.7070 12464.9297 5770.2822 3601.2725 4686.7373 16984.3828 17573.7891 4467.1260 19718.5020 7685.7720 9791.0068 4510.3843 4715.5864 1288.5498 14722.4414 8459.1465 7819.1147 13135.5430 6912.7256 4489.5210 3019.6814 2897.4700 13225.8213 9874.3535 8728.4199 3073.8479 2963.4644 8463.4580 6146.7578 13040.8545 9679.7012 11173.1875 4891.1606 14699.4531 13567.8291 1661.9105 14244.0127 1130.8535 5579.1787 10461.4570 10751.8574 13663.3828 10004.6250 8615.5693 7905.1631 10869.4395 8500.5156 8115.3828
12079.6816 20764.1719 12989.1475 5905.7793 3625.4365 4686.7637 16974.6523 18327.8086 4643.6729 19431.2891 7848.2681 9817.4023 4668.7759 4845.1104 1183.7991 15010.7559 8711.3203 7882.7437 13558.3135 7352.6680 4231.6665 2885.6355 2918.9568 13583.1621 9931.8662 9067.2236 3174.0498 3064.9541 8711.0635 6100.6919 13256.7188 9751.2227 11688.7490 4852.8335 14859.6670 13593.2139 1762.5422 14340.4014 1151.7610 5593.3223 10841.6768 11007.3096 13792.0459 10159.0820 8424.8828 7996.4961 10855.5635 8680.7617 8322.0547
11997.4404 21074.9219 13179.6660 5951.8491 3485.4219 4742.7339 17245.5000 18173.0410 4734.8867 19794.7715 7812.5098 9973.4434 4562.1094 4950.1558 1183.3225 14916.0850 8905.4922 7956.1099 13558.0879 7174.5269 4578.2148 2983.4924 2927.1118 13651.2422 9979.6123 8906.7100 3061.2622 3086.9541 8530.0176 6201.8179 13328.9053 9815.8047 11581.2178 4967.4771 14817.1104 13497.1602 1733.3679 14022.4355 1248.7712 5509.7778 10911.0420 11077.7500 13921.7646 10201.3359 8622.8613 8248.2461 10934.2754 8426.0566 8528.1387
12087.9707 21104.0938 12769.6719 5851.3667 3560.7031 4727.5923 17390.6484 17932.7832 4690.7539 20383.1758 7852.8345 10068.6973 4658.7681 4971.4614 1172.5518 15002.7441 8923.9619 8045.6475 13502.5723 6997.0132 4751.2109 2986.8784 3010.8303 13610.2891 10078.0420 8899.8496 3085.1624 3070.0842 8396.5576 6302.9487 13322.9951 9883.2402 11464.3711 5047.4736 14896.8135 13610.6230 1765.5135 14389.4404 1209.5568 5807.4263 10807.6650 11137.4473 14000.1289 10256.3438 8591.8848 8179.2222 11024.7676 8240.1445 8470.6250
12372.9463 21117.5625 12906.3672 5923.1543 3650.2759 4761.4575 17313.6016 18212.4336 4552.2144 19078.8770 7896.0034 10032.6982 4692.5332 5008.0542 1203.2246 15005.8633 8767.0928 8066.0166 13595.2363 7111.5679 5355.0605 2994.4412 2991.7368 13610.9375 9975.4160 9111.3594 3177.2263 3044.5347 8515.5684 6114.1909 13395.0215 9962.4980 11668.4609 5007.7866 14991.6904 13625.2051 1792.1987 14461.2891 1190.1233 5307.2622 10787.5244 11079.1064 13855.9570 10284.8779 8089.8667 8158.2437 10962.2197 8533.5029 8449.2217
12112.4805 20948.9785 12900.8359 5849.5415 3841.7849 4721.5903 17143.7812 17987.2676 4576.9380 18164.3066 7775.7246 9912.2061 4649.9048 4868.0132 1122.9121 15063.1230 8757.5986 8136.3359 13476.9668 7070.1938 1763.3497 2337.5867 3008.2451 13527.5186 9771.4629 9071.3066 3150.5312 3075.3103 8530.1104 5348.9941 13274.1016 9825.3877 11380.5791 5016.7573 15031.9326 13961.6680 1679.5791 14558.1982 1138.5797 5057.6138 10898.2031 11052.2754 13885.1777 10246.1426 8520.9482 8202.2920 10961.9932 8635.0840 8482.0400
11981.0977 20767.6641 12804.0840 5794.5625 3751.9592 4741.9580 17069.5957 17854.5391 4521.0483 19715.0312 7735.0254 9979.9736 4599.0435 4838.6953 1120.0757 15094.7734 8684.9463 7971.0674 13364.4121 7044.4292 1497.6833 2355.0132 3034.0901 13415.3623 9925.1152 9044.2246 3129.4497 3003.0337 8427.4922 5366.3809 13242.5098 9851.6514 11343.8730 4975.3271 15063.1689 13838.0098 1625.5840 14231.4873 1135.3792 5650.7637 10897.9482 10882.4570 13896.1533 10144.8545 8964.2656 8062.3223 11000.9531 8701.0723 8354.9424
12003.1240 20922.5859 12832.1396 5852.4751 3518.9155 4750.2383 17097.2031 17818.7461 4512.3511 19729.4668 7863.2222 9925.2236 4555.7783 4821.1406 1295.6255 14999.4512 8801.8457 7938.1484 13320.7070 7110.2378 5074.2241 2748.4277 2924.2795 13430.6191 9988.5420 8984.9736 3129.3613 2994.3718 8538.6592 6144.2549 13258.4580 9749.8936 11401.6836 4820.4497 14898.5332 13748.2881 1732.5157 14407.4062 1077.4580 5495.1182 11106.1104 10977.7715 13828.9775 10162.9062 8610.8594 7952.2373 10948.1943 8550.7871 8333.1094
11928.2031 20911.6836 13059.6631 5875.3574 3724.3306 4701.6211 16991.5156 18347.3223 4708.6973 19629.4980 7736.6504 9921.3545 4694.2778 4802.3921 1267.9312 14973.8828 8769.2217 7987.9233 13604.0947 7488.3540 5328.7432 3035.0728 2843.0955 13524.2852 9864.4395 9016.7988 3164.2771 3097.6707 8586.4561 6212.8403 13201.3760 9662.6748 11942.9873 4909.9473 14673.6279 13455.7988 1665.5665 14129.9629 1207.6278 5698.1836 10981.5811 11124.3193 13740.5137 10203.1436 8378.0898 8287.0312 10832.9336 8644.6201 8350.7744
12018.7578 20868.1074 12748.2441 5899.7158 3425.5320 4745.7622 17033.1543 17987.9336 4737.0884 18919.0488 7941.0791 9950.6680 4609.7778 4950.8564 1013.9363 15256.9668 8743.9932 8000.5103 13462.7969 7114.9971 3292.8525 2847.2607 2874.3984 13443.7070 9857.9492 9169.9854 3139.1755 3020.0161 8348.6494 5959.5610 13280.7080 9690.3662 11618.1826 4891.8613 14608.0771 13371.9863 1657.2705 14388.6035 1102.4050 5206.3770 10690.1523 10977.7197 13711.6592 10108.3350 8485.1035 8147.9507 10862.2510 8387.1963 8583.8086
12016.0156 20661.1191 12630.4736 5855.3086 3582.5747 4727.0337 17026.0059 17680.4043 4428.8804 18116.2363 7726.6680 9712.0273 4591.2168 4821.8057 629.1183 14898.1426 8704.8936 7992.9058 13268.9580 6950.4790 405.0047 2371.1670 2977.0857 13238.1953 9689.8408 8883.7520 3116.4561 3031.5171 8515.7129 5846.0293 13192.2256 9756.6436 11285.0605 4738.6138 14909.5547 13705.6855 1639.6914 14322.5293 1180.5570 4822.6597 10717.3867 10834.8125 13761.2363 10086.0791 8764.4688 8208.1660 10896.1045 8636.6523 8460.4561
12127.3779 20522.1406 12610.3018 5795.2598 3695.8516 4677.0293 17093.5430 17623.6973 4355.3540 19645.0176 7712.1572 9889.8809 4563.2183 4793.2139 1054.8866 14724.2686 8553.9609 7934.0483 13176.6211 6979.0981 3290.0764 2696.7415 2933.8398 13144.6631 10290.6758 8850.1729 3071.3540 2978.8394 8428.7559 5796.8145 13144.5527 9625.9141 11293.4258 4954.7583 14781.4229 13630.3057 1767.6217 14292.7607 1129.9445 5597.0879 10985.1592 10803.9883 13714.4248 9985.4854 8587.3184 7894.5820 10913.4453 8543.5537 8313.9072
11922.3311 20820.5938 12910.5010 5910.1899 3829.2793 4723.3452 16946.4180 17843.5332 4431.2554 19095.6543 7676.6289 9875.9531 4647.6875 4852.9644 1232.2632 15113.2881 8731.8477 7866.5430 13296.9932 7109.5483 5454.8047 2508.0015 2918.0464 13401.9658 10273.3301 8844.8525 3116.6118 2994.6670 8609.2686 5208.4722 13133.8584 9605.5361 11343.3105 4682.2827 14783.7002 13608.3613 1753.7867 14105.2734 1159.0272 5151.2080 10961.1689 10941.6016 13706.4883 10195.7305 8476.7354 8051.0210 10853.9346 8597.1104 8285.7734
11957.5391 20881.6738 12931.9785 5992.2461 3718.1616 4687.2295 16932.3535 17981.7812 4594.3706 19306.2012 7826.6641 9892.7939 4606.6353 4882.6914 863.0862 15398.8018 8771.6748 7962.7031 13440.8379 7114.7974 1899.1046 2445.6846 2813.8591 13472.6836 9593.5303 9043.3076 3156.7041 3028.0469 8633.0156 6143.6587 13229.9941 9621.3750 11480.5898 4731.4424 14608.5859 13268.9678 1625.9399 14070.8848 1167.1010 5339.6191 10804.5342 11061.3711 13698.8213 10302.2090 8589.0791 8093.3442 10844.7920 8326.0244 8373.1992
12099.0742 20595.8691 12605.6787 5772.1499 3456.5591 4656.0171 17051.7207 17742.9844 4612.2573 19766.6562 7746.7197 9785.5137 4487.0420 4854.9102 994.1135 14525.7539 8532.3535 7925.7651 13341.6475 6981.4297 3852.8674 3037.8528 2973.8042 13403.4775 9900.1924 8926.2168 3090.6477 3007.9209 8363.3574 6228.0874 13137.7275 9648.6445 11402.0869 5055.4697 14764.9736 13679.8691 1701.2361 14117.5752 1137.1638 5641.7036 10584.3164 10709.3096 13682.3535 9941.0566 8351.4336 8055.9355 10838.8174 8675.1807 8263.8613
12152.4824 20497.5234 12819.4531 5745.8516 3648.0874 4728.7505 17002.8633 17780.6602 4443.5459 19897.8652 7778.9136 9813.3027 4441.1416 4830.9033 1510.1122 14950.1895 8644.5801 7952.6606 13281.6445 6941.4668 4448.3335 2880.4480 2852.6560 13405.7109 9844.8516 8889.6045 3068.8484 2987.3948 8489.2646 6530.1445 13142.5674 9784.4297 11238.3418 4974.0098 14786.8750 13778.4863 1673.3193 14386.6152 1166.0208 5722.5918 10732.7305 10890.1982 13714.6387 10089.6084 8624.4023 8098.9946 10930.5918 8565.1680 8251.1631
11926.2959 20847.2441 13004.9756 5864.7808 3723.4307 4642.8325 16844.2168 18281.5293 4567.6660 19070.7910 7688.8101 9928.3662 4707.3052 4802.9175 1697.2578 14704.7891 8711.0020 7913.7334 13545.7568 7316.4873 1795.3906 2482.2166 2900.8003 13661.4463 10036.7588 9045.1582 3109.2646 3051.0972 8603.9766 4956.8774 13120.0381 9669.2324 11873.6680 4838.7144 14613.5869 13469.1133 1724.0834 14378.4160 1201.9324 5419.8301 10951.8525 11018.3135 13680.8574 10146.8555 8212.8223 8178.1777 10718.3633 8647.7100 8213.7480
12133.2266 20810.3828 12775.7246 5781.7368 3658.5085 4750.2495 17227.7207 17914.1582 4596.8823 19241.4629 7821.8262 10021.2197 4611.8833 4941.0933 1499.1127 14959.8691 8830.4736 8020.8125 13446.9375 6963.0459 4405.7397 2629.6646 2831.0955 13523.9697 10477.0742 9079.2998 3112.0195 3034.4370 8426.9062 5115.8560 13164.6406 9763.7656 11539.7188 4891.1948 14662.1387 13470.6406 1763.6411 14067.8721 1205.4426 5403.9331 10651.7539 10936.7715 13714.9717 10091.7998 8211.3652 8071.0757 10856.9736 8376.7305 8345.6719
12316.3936 20785.6738 12694.4131 5848.0195 3693.0000 4737.8755 17250.4004 18011.9102 4579.8398 19544.5078 7859.0781 9939.0518 4614.0210 4905.9590 1301.2522 14783.2178 8752.4600 8151.2651 13398.0889 6981.1865 6535.3804 3010.6277 3031.7761 13423.5400 9986.8516 8895.4395 3124.1938 3004.3442 8494.5078 5555.7988 13257.0801 9708.0107 11399.7480 5000.5791 14839.6807 13744.2422 1688.2168 14022.4531 1113.5225 5458.7822 10645.1943 10953.7275 13885.1621 10116.4082 8050.2983 8165.2354 10901.4170 8576.3994 8439.7373
12112.8545 21044.0801 12839.2109 5962.5083 3601.5010 4708.1567 17168.6191 18093.0684 4563.8643 18830.0840 7850.5137 9856.7002 4644.4126 4902.7891 1341.2272 15059.4619 8796.6426 8064.3208 13475.4717 7052.7920 6534.7046 2628.1982 2982.2197 13669.1250 9904.8076 9125.3818 3160.0396 3062.3818 8549.1406 5200.0234 13243.4980 9752.8926 11540.9395 4844.3027 14962.9805 13686.6807 1672.6879 14077.2578 1128.6949 5042.6353 10845.4727 10969.2666 13811.1494 10241.8018 8168.3232 8285.9336 10880.7578 8648.3184 8531.1816
12039.0195 20745.0391 12873.6484 5832.5835 3588.3601 4744.3315 17040.8555 17791.5801 4455.0771 19974.3105 7829.5293 9901.6211 4551.9595 4869.9653 1333.1298 14990.6123 8677.7949 7960.5039 13330.7842 6965.8296 6687.6138 2803.1338 2965.1521 13305.7646 9737.3154 8961.5713 3111.1917 3009.4016 8534.9785 7447.6279 13185.9805 9765.2783 11306.8789 4756.7461 14962.8936 13878.5908 1672.2360 14058.2559 1110.2604 5719.6929 10763.9307 10970.2314 13808.9697 10147.0801 8786.9570 8062.5791 10976.0908 8714.9883 8393.0693
11854.8037 20516.5664 12870.5068 5902.7998 3506.6018 4696.7896 16485.1309 18189.7539 4447.5542 18211.8203 7515.5259 9659.8018 4544.5869 4751.1763 1307.0626 14720.1533 8567.8223 7842.1733 13305.1523 7289.9160 6050.3677 2933.3743 3003.4211 13377.3115 9580.2793 8929.7979 3166.3359 3051.1477 8612.3369 5809.5762 12994.1113 9560.6133 11465.9170 4631.8369 14447.0938 13330.0859 1622.1500 13935.7832 1137.2185 5235.7129 10676.3594 10877.5781 13543.8789 10078.4746 8162.0962 8196.4600 10684.0010 8490.8271 8128.4810
12136.3848 20823.7539 12780.5459 5920.3374 3363.4126 4726.4727 16937.7051 18047.1797 4542.9526 18428.9648 7758.9585 9809.9883 4661.7285 4859.1284 1296.7003 14803.8145 8731.0322 8032.5186 13448.9248 7114.0586 6230.4858 2778.8738 3010.4141 13393.3320 9785.6582 9109.2598 3159.7129 3028.3938 8467.7334 4707.8633 13210.9951 9740.1396 11456.4609 4766.1919 14845.0947 13704.8320 1735.3407 14390.6514 1117.9226 4769.9800 10671.7617 11011.7578 13703.0312 10219.3135 7789.1831 8301.5020 10803.5518 8631.5439 8369.9883
12116.2412 20584.7383 12519.5312 5724.0225 3670.2363 4651.4375 16817.2266 17611.8770 4492.1694 20139.3711 7771.1265 9703.5215 4560.3442 4844.0703 1321.5660 15034.8770 8655.1797 7952.6187 13266.9111 6881.9443 6203.2178 2910.8438 2895.5615 13256.2656 9790.7441 9076.8447 3077.9448 2967.7874 8279.4365 6434.5845 13093.6914 9766.8711 11307.2891 4720.5938 14753.2012 13616.6660 1616.2809 14092.6250 1046.0627 5557.0557 10563.4062 10834.7148 13656.1182 9997.6201 8466.5410 7985.8052 10859.0225 8585.4854 8269.6562
12000.2354 20480.4707 12510.1748 5784.4482 3763.1477 4647.1294 16931.8809 17650.0645 4475.6333 18838.8379 7704.6299 9676.5498 4461.5322 4846.0269 1409.6349 14803.0752 8508.4326 7903.5103 13163.9111 6957.1040 6324.3940 2762.5684 2960.9216 13396.2822 9781.9922 8811.6904 3093.2605 2966.8579 8465.6035 5646.1328 13096.4170 9731.9053 11251.3408 4765.9521 14822.0771 13652.1504 1691.2001 14136.4268 1099.9780 5168.1021 10783.3926 10710.2051 13754.2119 9992.9551 8315.2998 7900.5454 10867.2539 8623.0088 8190.6816
11926.1494 20761.8984 12848.0967 5820.6772 3452.7351 4679.2998 17071.6562 17670.1953 4568.5605 18405.8398 7872.9805 9930.8008 4538.4868 4759.9863 1324.2412 14977.9707 8621.6758 7952.0010 13358.8535 6974.8667 6245.3540 2812.9277 2913.6792 13162.0137 9985.7490 9041.5166 3158.0776 3034.4539 8587.8711 4720.3877 13217.1758 9826.7402 11226.9561 4798.4561 14982.5830 13872.4453 1697.0850 14335.1621 1091.8221 4877.0557 10779.4111 10887.1699 13784.9287 10121.2988 8524.5127 8070.4106 10945.5107 8650.0518 8307.8105
11981.7188 20741.7363 13118.0469 5864.0708 3384.6521 4694.8413 16469.5312 18273.4746 4510.1763 17830.8477 7650.8120 9716.1006 4594.5005 4819.7012 1222.6075 15041.2275 8609.5732 7763.7871 13531.9619 7359.7563 3659.7507 2614.5510 3013.5320 13633.3164 9577.7295 9021.8135 3052.6870 3026.6128 8458.0420 4773.4185 13148.5771 9489.7852 11757.0430 4608.3643 14549.1084 13327.6514 1776.5084 14356.8301 1137.9503 4729.7979 10742.0547 10965.4189 13604.1279 10153.6641 8448.2373 8183.0293 10740.2041 8555.0400 8280.2559
11967.9844 20824.3691 12850.0596 5875.2832 3422.2109 4771.5464 16900.3047 18366.3203 4647.1592 18769.7969 7859.6665 9763.8301 4709.1196 4860.1274 1301.0380 14876.7344 8666.1846 7967.1313 13644.9902 7463.9336 1589.6836 2319.2751 2968.3098 13653.6064 9835.3037 9051.4912 3084.9941 3043.3052 8381.6650 5130.4097 13234.9912 9910.1953 12149.7324 4750.1030 14694.7168 13498.3965 1629.8191 14079.6172 1116.7743 5011.9355 10673.2168 10952.0938 13725.2354 10072.4346 8934.4746 8192.7080 10829.5732 8722.4424 8332.8359
12110.7695 20833.1016 12663.1641 5867.3599 3502.3516 4703.2124 17074.8496 17903.2500 4566.3906 19651.5879 7758.8423 9977.9102 4624.2656 4909.4121 767.3280 14694.6152 8724.6572 7955.4834 13512.8350 7110.0776 1924.2981 2218.2734 2993.2944 13485.0146 9920.8359 9068.7881 3012.5518 3021.5835 8413.9404 5680.1353 13229.2432 9711.9824 11553.4648 4769.0649 14711.2158 13438.1357 1705.8823 14000.1895 1098.9730 5032.5073 10707.1523 11028.0498 13776.5723 10247.9141 8589.6475 8097.8716 10814.8975 8520.0518 8315.0820
11926.0244 20568.8574 12664.9697 5838.7285 3512.0112 4759.2515 16957.0703 17751.2012 4461.1221 18810.2969 7748.1997 9748.5391 4621.9746 4868.5938 1086.8534 15104.8535 8495.5527 7875.4424 13297.5283 7006.7861 1940.3307 2342.1040 3003.4741 13536.9658 9741.1631 8926.7520 3055.8596 3019.7942 8398.0059 4605.4995 13137.5059 9775.3447 11324.2188 4766.7803 14773.3457 13717.6162 1846.9720 14270.9922 1155.5618 4867.6265 10709.8652 10776.5576 13631.4326 10020.9434 8545.5557 8033.0317 10887.4824 8600.2803 8262.8721
11970.5703 20570.9453 12651.0723 5835.5371 3525.6240 4715.8662 16935.0625 17705.7695 4488.7168 19295.2305 7652.6050 9859.2197 4469.4780 4822.8477 1095.1708 15003.2607 8581.8828 7897.0781 13267.5898 6903.6333 1695.2809 2380.3862 3021.2651 13165.3936 9895.0010 8853.2920 3170.9670 3002.9360 8509.6191 5221.9722 13075.1045 9846.7227 11282.3154 4778.8848 14833.2461 13649.5703 1674.6959 13973.6738 1135.1022 5095.3877 10670.2773 10732.6885 13780.3877 9972.4150 8931.5527 7945.8418 10936.5215 8581.9375 8215.4150
11912.7871 20591.9941 12922.3623 5799.0391 3587.3640 4698.1948 16882.1133 17923.8145 4275.5854 17909.1426 7699.9160 9816.6211 4557.5312 4814.5698 848.4470 14788.1201 8580.6797 7893.1313 13321.5938 7190.2310 2006.2941 2258.0278 2950.4797 13196.9756 9960.6699 8999.1816 3168.3977 2999.8452 8597.9697 4461.2407 13169.7578 9557.9248 11374.3105 4894.5020 14666.5234 13522.0654 1594.7992 14227.2607 1065.4962 4691.4033 10652.7939 10914.2793 13790.9043 10163.8916 8764.4092 8031.7437 10859.5752 8622.3291 8249.5859
12109.8652 20614.5957 12945.8047 5923.1353 3546.2280 4723.5391 17215.5410 17687.6777 4509.2837 18413.4297 7870.1812 9755.2549 4506.0928 4921.8848 1404.0193 14889.5137 8655.6807 8045.5420 13394.3965 7103.2280 2977.6223 2652.8464 2989.6133 13463.5713 10060.5850 8837.2402 3205.0879 3063.5493 8598.0898 4327.8501 13230.0205 9697.0342 11361.8369 4880.6997 14959.7461 13722.3252 1694.9840 14147.2207 995.5345 4965.1948 10698.8857 11001.5938 13865.3096 10298.8662 8587.8477 8234.7031 11024.9219 8611.7988 8324.3496
11960.0469 21051.5762 13029.4551 6009.6177 3529.6719 4732.9253 16689.5117 18302.0215 4627.1016 18364.3301 7776.1040 9874.4873 4674.6318 4874.0776 814.0377 14863.2666 8798.7139 7970.9702 13659.7490 7266.8633 2298.7876 2247.3679 2884.8960 13603.8877 9729.0508 8935.2910 3060.8523 3045.7039 8608.3711 5252.6406 13232.4707 9793.7939 11902.9297 4612.5918 14699.8291 13490.2783 1726.5492 14378.0332 1195.1398 4880.3193 10772.4248 11194.9971 13739.1719 10309.0156 8601.3535 8194.7041 10804.2168 8710.3350 8347.5537
12043.8994 21034.6406 12813.4814 5873.4922 3518.0623 4745.3682 17090.4023 18035.7500 4886.6738 19929.8262 7754.9673 9994.4434 4681.7021 4930.1436 875.1343 14837.9834 8852.7598 8022.0259 13537.7539 7097.7017 2576.7207 2639.0632 3025.4426 13488.0957 9968.2275 8882.2334 3112.1055 3038.0911 8385.6240 6884.4116 13305.2119 9838.0352 11592.3857 4800.1777 14705.9033 13562.7656 1739.7715 14356.9717 1172.4385 5979.5342 10669.2031 11013.1963 13791.2520 10189.0869 8908.0430 8161.3555 10862.4912 8447.2773 8466.1758
12120.1357 20973.0059 12704.5879 5923.0371 3614.4143 4738.2266 17330.3789 18092.4355 4738.4395 19648.0742 7915.5273 10184.0840 4637.0552 4902.3853 902.0646 15290.1689 8935.8623 8027.9429 13526.5156 7062.9214 2566.6667 2709.7749 2833.8818 13409.2100 10058.1748 9032.7109 3186.0615 3066.1597 8369.6387 6067.7432 13268.9326 9782.0527 11542.0176 4940.6787 14819.7295 13525.7744 1681.3763 14267.9590 1117.5741 5875.0640 10606.1562 11076.4775 13853.4551 10182.6104 8554.2363 8172.9233 11012.8760 8370.2051 8561.3408
12171.9121 21082.6953 12808.4014 5910.1514 3647.1648 4664.0669 17173.4297 17961.4043 4483.7588 20483.3750 7772.6895 9909.1982 4670.9429 4893.5063 871.3590 15007.3105 8738.8027 8001.7212 13494.4404 7062.0000 2499.0767 2514.5757 2927.2266 13739.2451 10008.5166 9062.9990 3144.9021 3014.2729 8413.5010 6705.8530 13249.3447 9956.4268 11537.8037 4863.1348 15025.4580 13834.9785 1611.6876 14639.3105 1020.2377 5635.5342 10803.3633 11008.2754 13918.6270 10211.6377 9090.4736 8225.8818 11003.2871 8738.5459 8397.4434
11846.4414 20535.1348 12616.9463 5820.5498 3616.5696 4673.7632 16680.5723 17621.3027 4375.1187 20118.0742 7774.5088 9740.3916 4506.2949 4699.2236 882.3311 15021.0693 8623.2168 7800.0596 13184.8691 6903.0425 2025.1240 2661.6038 2879.2903 13126.4072 9904.2266 8661.1797 3073.7119 2988.8396 8466.2471 6435.2407 13092.0312 9723.4072 11139.6328 4898.3066 14695.6650 13619.8311 1704.3301 14031.6152 1043.3746 6039.9521 10818.4023 10812.4443 13823.2822 10053.2832 9098.7236 7893.4448 10792.0273 8527.4629 8364.5840
11927.7666 20771.5898 12853.6338 5905.4194 3665.6008 4673.6895 16730.7773 17993.2891 4621.8374 19955.7715 7695.9448 9854.3213 4562.2637 4801.9785 810.9039 14894.9277 8628.2217 7850.8076 13475.4795 7407.5698 2532.8901 2364.7478 2884.6382 13528.9814 9760.6182 8915.6230 3135.5134 3036.7517 8539.5996 5072.9180 13116.9756 9691.3721 11725.0801 4637.4785 14628.3418 13323.5654 1720.3008 14052.2158 1103.1934 5107.9731 11014.6084 10935.6484 13712.2461 10165.4199 8435.7041 8216.2666 10782.8340 8550.5088 8307.2520
12203.9551 20980.5195 12918.1074 5844.5527 3618.3223 4691.2178 16997.7832 18192.8008 4718.6973 19726.4512 7856.3403 9909.8594 4616.7866 4930.5439 1232.9609 15023.3926 8600.1592 7978.3975 13528.2900 7256.7505 2602.8027 2725.0605 2965.1313 13700.4619 9853.0166 8899.3545 3125.3015 3037.4502 8356.9717 5616.6606 13268.6279 9823.2002 11653.6484 4716.8643 14739.2246 13588.0811 1701.1893 14282.1387 1188.5122 5302.2681 10829.6572 10925.1982 13769.6875 10170.3984 8448.5039 8167.2954 10867.4219 8546.7422 8416.4951
11993.3184 20762.6074 12595.8076 5761.9507 3597.1760 4704.0903 17114.7109 17676.3672 4856.8291 20066.2520 7732.2388 10118.4932 4593.3066 4956.3696 1330.4332 14792.2236 8803.9854 7979.7651 13410.2158 6940.1562 3893.2219 2829.8853 2965.0425 13383.9561 9980.0205 8992.7441 3129.5251 3055.3547 8398.2256 7511.4326 13132.2197 9911.0898 11340.3613 4731.9282 14605.8008 13419.3867 1738.1121 14024.1064 1241.2954 5701.5547 10606.1074 10905.7314 13844.6143 10215.8516 9111.5508 8041.8418 10905.0762 8286.1533 8443.3145
12181.8936 20898.5625 12674.3936 5885.7271 3631.2571 4750.7344 17446.7539 17891.2090 4699.8452 20370.0215 7918.1470 10115.0117 4567.0747 4893.8682 931.6099 15249.2080 8946.2275 8030.5205 13482.6514 7021.8979 3741.8982 2391.5706 2962.1914 13563.1924 10014.5293 9177.8789 3024.8469 3043.0552 8520.3955 6763.9404 13298.3350 9911.1729 11436.1064 4763.5000 14855.0059 13489.1465 1733.1064 14269.8145 1103.0753 5201.7085 10841.1484 11064.3232 14045.6445 10218.2344 9072.5117 8144.0200 10992.3525 8201.9873 8553.7275
12236.9521 20930.1992 12904.7598 5958.8228 3685.3760 4722.9834 17169.6406 18005.2617 4509.3574 20127.1172 7791.4878 9883.3545 4600.4229 4845.5688 734.0842 15242.6553 8768.3418 8073.3481 13484.6426 7079.5249 2056.5166 2416.7920 3048.2100 13571.1309 10058.2656 9159.6201 3095.6362 3031.9797 8494.1699 6403.2329 13286.9414 9780.3965 11401.8398 4753.7173 14981.0664 13838.3652 1764.2692 14512.1221 1160.2494 5640.2871 10857.0254 10983.2861 13776.7217 10162.1455 9155.6621 8128.3267 10962.6709 8669.9639 8455.3340
11823.1377 20277.9453 12880.0371 5830.2080 3749.0649 4646.4736 16397.3574 17685.0566 4401.8843 19689.8770 7592.9595 9555.0547 4546.9678 4750.1191 1186.7522 14537.0635 8524.8311 7747.9814 13129.0420 7000.8315 3886.7764 2717.4321 2921.6948 13043.7217 9826.1494 8696.4160 3157.8669 2989.1858 8596.9316 5635.0625 13040.6211 9588.1973 11269.6494 4666.1191 14495.5439 13293.4707 1604.6702 13948.9785 1112.0891 5498.4014 10591.3535 10863.1387 13681.6035 10097.8154 8634.1758 7929.8809 10689.1348 8511.2480 8241.6113
11881.9697 20569.3047 12691.6709 5870.2163 3675.9382 4737.7275 16661.3594 18153.9590 4647.1865 18361.3887 7659.3706 9636.5322 4688.8066 4785.0225 1042.0127 14762.5459 8600.8340 7891.8750 13358.0576 7307.1162 2641.1199 2981.6167 2930.8730 13466.8018 9724.0986 9113.6885 3164.0549 3076.4309 8621.2891 6535.5845 13113.1035 9608.1250 11734.2188 4955.4229 14585.2500 13446.6865 1610.1481 14244.5498 1189.7225 5786.7974 10596.2363 10903.9570 13594.2598 10022.0205 8207.9365 8180.4492 10795.2861 8519.5303 8185.6401
12019.5918 20988.4805 12772.8135 5786.0200 3450.3752 4668.9287 16990.9688 17934.3223 4574.6685 18617.8848 7776.6606 9866.6514 4718.9941 4822.9014 1172.6708 14796.6348 8718.4238 7952.5830 13457.2568 7107.5972 2717.1870 2897.5999 2997.3418 13494.7051 9794.5205 8864.3203 3137.8667 3019.3750 8420.7695 6601.2236 13174.9961 9753.0752 11494.7842 4734.7080 14542.7598 13359.4307 1789.3795 14063.8848 1199.2554 5364.1138 10652.3271 10952.1709 13709.8008 10091.3643 8235.6572 8137.6650 10762.4258 8378.7754 8354.3662
11940.7686 20704.2090 12463.2061 5752.2856 3663.8335 4655.9019 16937.0859 17914.8828 4354.9175 18242.1777 7699.0352 9764.7988 4660.7334 4938.0391 776.6213 14987.7480 8585.2119 7941.1548 13279.5020 6909.2354 2463.5215 2247.2314 2929.8276 13374.4600 10042.0752 9081.5029 3083.1665 2989.7495 8262.4180 4489.9082 13160.8984 9670.4941 11351.0801 4725.4141 14863.8594 13705.1006 1651.3214 14334.2705 1074.0208 4886.9775 10579.1699 10872.3135 13736.4688 10144.7871 7929.7661 7975.5942 10794.8936 8590.3574 8229.7080
12043.7812 20566.3574 12657.5186 5820.4976 3552.2810 4712.0176 17264.0898 17797.2891 4484.8291 18734.6133 7790.2065 9913.7607 4559.1226 4868.7573 815.3195 14860.0674 8737.3076 8009.2817 13330.9873 6942.0640 2133.4155 2281.0183 2914.6011 13488.5479 10148.6357 8977.1553 3095.2039 3049.3750 8422.8750 4713.6138 13180.4492 9693.2900 11366.5938 4822.0894 14927.2744 13826.9512 1701.3552 14450.8516 1197.9500 4770.6191 10630.4922 10879.8291 13761.6826 10043.7471 9037.9922 7945.5361 11024.3223 8698.8311 8353.6562
12198.5244 20543.5566 12738.4951 5818.5566 3555.1582 4672.2676 16903.8965 17893.0293 4459.9902 19991.8086 7797.2500 9896.6572 4591.1265 4881.0645 1335.0109 14925.0449 8756.4414 7960.3667 13253.9053 7034.2686 3540.3218 2727.3806 2945.3889 13046.8037 9728.8057 8952.8428 3119.5234 3035.3367 8612.2988 6152.6069 13123.4834 9625.0479 11332.6201 4667.6519 14737.8281 13585.1758 1703.1394 14047.5547 1172.0559 5816.9277 10841.3604 10893.0322 13610.4053 10059.0811 8884.7100 7976.2803 10849.5010 8552.3672 8336.5654
12059.1162 20854.8691 12836.3564 5911.9214 3429.7422 4697.5171 16827.5059 17978.7266 4651.6958 19574.9395 7760.6587 9947.1816 4713.7188 4846.7847 1205.8818 15002.0332 8788.8652 7939.3115 13467.9443 7090.5137 2614.8093 2517.0872 2856.0413 13478.4951 9734.9043 9090.4785 3108.1597 3099.6233 8491.4521 5428.1680 13106.1885 9723.5420 11438.4795 4469.5767 14554.0576 13365.8691 1628.0146 14219.8154 1101.3430 5352.6772 10691.8633 11016.7334 13700.3447 10213.9141 8675.1738 8160.8550 10772.1992 8318.8496 8371.9893
11831.8994 20826.0234 12887.2705 5732.0874 3434.9316 4702.1357 16937.6426 18106.3984 4671.7178 19510.6816 7805.8672 9869.4551 4687.5342 4904.5693 1229.0874 14826.4385 8587.9668 7899.3647 13534.0781 7261.0498 2301.9561 2731.2017 2982.3872 13579.3418 9918.9385 8870.2871 3066.2356 3010.3657 8267.8369 5164.3652 13264.3125 9740.0098 11869.4619 4721.7544 14755.2500 13627.9863 1747.2544 14230.9580 1207.5924 5255.2114 10636.5273 10901.5029 13746.9639 10051.2236 8674.0684 8166.3848 10840.2119 8712.1875 8506.3740
11989.3379 21215.5430 12836.3340 5929.3164 3597.1453 4771.8604 17070.6445 17914.0742 4894.2529 18289.5234 7893.7725 10142.1104 4640.8501 4903.4351 1446.9288 15000.6699 8893.9268 8174.4189 13479.7861 7054.1455 5587.8057 3085.2393 2801.0708 13479.5674 9901.2236 9055.2842 3115.0989 3046.5972 8414.4561 6065.0186 13255.3535 9822.0566 11488.0195 5075.9741 14823.5566 13497.6025 1660.9460 14262.6123 1085.2870 5565.0122 10862.1191 11091.7256 13799.9238 10232.1660 8256.1406 8166.9365 10857.9561 8233.8984 8612.1357
12085.2217 20807.9199 12753.6738 5814.8809 3653.2849 4743.5312 17080.4863 17955.7559 4717.5757 19927.6602 7847.9897 10023.9219 4607.4761 4871.4307 984.3500 15109.8545 8846.6611 8062.1504 13401.9453 6939.5669 5292.9976 2511.4297 2829.4819 13551.0762 9944.9854 9084.6133 3117.1719 2998.2622 8557.6035 6192.4116 13230.3701 9725.4922 11350.2539 4774.3438 14599.1562 13434.6025 1670.8763 14305.5527 1116.2417 5833.3501 10586.9014 11020.4824 13790.8428 10200.4248 8559.8965 8057.1675 10919.3047 8277.6504 8472.1045
12070.4912 20912.3652 12798.1084 5845.4561 3556.6155 4758.2007 17169.7344 17924.3848 4508.9316 19332.9023 7875.9312 9885.6270 4603.2300 4935.8384 922.6133 15028.2900 8770.3691 7998.3955 13338.8174 7012.7104 2001.5453 2223.2698 2943.2578 13599.8223 9922.1201 9025.1318 3101.9424 3011.0464 8457.8398 5684.4351 13200.7256 9870.2676 11410.6709 5167.8589 14968.7725 13776.4326 1692.2421 14541.2783 1145.9918 5431.3262 10727.6650 11045.5225 13836.6777 10251.7432 8923.4453 8207.9111 10957.5195 8678.6650 8356.1318
11983.1602 20217.9082 12820.1885 5834.3501 3675.3210 4644.1743 16611.4238 17698.1523 4408.5024 17894.5234 7677.1792 9720.2031 4498.5708 4643.3325 1383.3463 14664.9727 8548.5557 7768.2822 13183.5850 7000.6138 4000.1145 2942.7991 2990.5303 13272.4199 9756.9561 8699.8301 3078.1543 2951.6567 8454.3525 6065.2183 12982.4277 9601.8398 11158.4531 5794.5898 14419.0449 13344.7910 1650.9529 13982.0156 1050.5830 5153.7300 10731.4639 10842.3271 13487.6221 10106.5947 8497.2090 7966.7544 10716.8223 8443.0723 8166.7866
12199.9082 20731.6289 12872.4678 5903.8013 3609.0327 4683.6704 16981.7109 17723.4961 4538.6655 19240.8613 7754.5742 9978.4531 4533.2012 4788.4985 1199.6212 14758.6387 8656.3652 7948.5269 13314.7051 7093.0786 2117.8745 2841.8596 2960.5859 13254.2920 9744.5059 8951.7891 3130.1702 3001.7776 8523.3799 6240.4341 13163.3418 9749.3408 11379.7236 5061.3486 14764.7139 13617.4092 1730.7799 14038.4971 1098.4982 5566.9927 10841.9102 10924.9502 13707.4824 10121.2109 8869.2490 8055.3555 10902.2930 8540.2715 8258.3955
12064.2803 20706.9102 12950.4434 5912.2476 3588.0271 4714.4946 16865.5137 18108.2383 4416.7090 18577.3047 7645.7329 9716.2080 4591.7881 4854.5732 763.2813 14961.6211 8647.9521 7816.3696 13432.6504 7336.0371 1665.4067 2353.0212 2967.0037 13373.7393 9821.2334 8952.5205 3190.7722 3027.6172 8582.5215 6286.1187 13194.7051 9787.9688 11571.4365 4862.8696 14711.2432 13524.2480 1754.3284 14073.7441 1134.9893 5468.9385 10815.5771 10918.0234 13697.3105 10184.8193 8777.1318 8147.5977 10820.5166 8619.1406 8277.8525
12033.5654 20742.6641 13012.3916 5995.4097 3704.1570 4717.1455 17116.1035 18371.9375 4533.8984 19169.2871 7787.4336 9832.6113 4670.9458 4924.9780 686.8910 14872.9590 8719.8105 8011.9141 13550.8721 7364.7695 2175.0281 2470.9773 2946.3135 13350.1240 9975.4150 8947.7109 3154.1252 3073.3242 8672.4883 5233.1304 13257.4336 9748.5312 11671.8154 5288.1709 14941.7920 13706.6143 1697.5024 14201.8643 1146.0836 5533.3735 10955.3125 10958.7529 13869.3848 10139.2422 8304.2734 8275.8887 10964.1240 8671.2383 8289.1162
11960.3857 21212.5684 12787.2432 5887.5718 3410.7361 4704.8169 17061.8066 18276.6250 4720.6470 19612.8320 7846.8652 10069.4961 4679.7007 4940.3115 1105.0494 15159.7061 8873.7100 8129.7109 13719.1924 7219.0845 1933.5347 2363.1890 2985.5454 13779.0908 9938.1416 9182.9316 3163.4531 3069.7317 8538.5059 4734.6909 13347.7139 9878.9395 11971.1025 4630.1362 14907.2646 13669.2656 1748.5686 14466.3408 1167.2483 5238.7856 10958.0645 11109.8301 13912.9570 10129.9639 8559.8027 8259.9053 10875.1523 8748.9199 8443.1650
12156.8613 21305.1191 12963.2275 5883.4624 3581.2268 4781.9272 17190.9570 18043.9180 4545.7900 19631.3652 7870.0781 9902.4150 4578.1929 4940.3330 1147.2020 15189.5732 8762.9756 8055.5923 13542.1611 7018.9482 5252.3604 2567.5645 2947.0996 13710.9844 9914.1699 9090.6172 3062.4587 3044.5630 8462.2344 4717.9932 13339.6533 9787.8350 11527.0293 4397.7559 15093.7520 13800.3955 1726.1875 14490.0566 1152.1116 4728.1797 10795.3438 11037.7979 13856.3789 10356.2334 7782.2876 8208.6875 10968.3350 8679.8525 8420.5283
12122.5469 20148.2109 12476.1533 5770.5396 3749.2517 4703.9434 17027.7715 17403.1445 4475.2041 19824.3438 7767.2944 9674.7090 4434.7783 4774.0557 1373.3306 14835.5674 8445.3682 7844.2754 13119.1328 6848.4590 7605.6772 3234.4429 2995.5784 13126.2578 10060.7871 8785.7197 3032.0195 2979.2576 8421.2529 6004.7515 13097.2393 9596.4297 11163.7598 4420.1333 14721.0576 13672.2305 1670.8658 14009.1035 1148.5309 5215.6265 10645.4883 10686.4023 13718.1758 9936.8232 8310.4160 7921.7617 10894.9365 8545.1895 8295.7979
