19138.4863 13872.2500 12752.7559 3778.1658 3547.0151 11593.3672 9773.8838 16490.7324 7754.2759 16079.8564 11148.7930 11825.3096 6270.5820 3390.9785 198.6694 14920.6797 8465.8232 6267.9663 12935.7295 4790.9243 930.8906 4989.7368 5092.5635 10914.6660 8417.7061 4762.3408 2539.2651 3818.6011 7877.4453 749.0223 14644.1992 10707.1240 11130.6289 6753.8242 15814.3828 11875.9033 3564.7703 13966.0967 2186.1775 4137.7930 11639.5293 7771.0635 15195.7539 10216.7070 1234.6178 6328.0444 15717.3818 6699.0371 7598.0933
18986.1055 13790.1543 12902.3447 3883.8906 2386.6965 11542.7656 9863.3857 16422.3809 7811.9531 16103.6680 11051.7373 12012.7949 6225.2695 3428.2844 199.0932 14910.0635 8476.5918 6381.2271 13001.3770 4808.6128 922.0294 4926.8662 5084.9062 10994.4209 8414.3828 4772.6519 2489.8157 3881.4910 7997.8643 793.9648 14558.8027 10626.4727 11136.2646 6717.8145 15725.3623 11797.2803 3608.2539 13869.4053 2252.7578 4149.2861 11781.5215 7720.7090 14948.3770 10102.3945 1304.6511 6407.0708 15661.6992 6672.2524 7710.6289
18906.4453 13796.0947 12764.1367 3501.0178 1305.4807 11560.2383 9685.2305 16325.4014 7816.2803 16093.3125 11123.0859 11903.7656 6266.9258 3301.6506 185.6936 14955.6875 8398.1348 5981.9868 12681.3838 4814.9199 934.8152 5040.2378 5024.5845 10509.6016 8419.3262 4421.4370 2426.5002 3743.3721 7959.0894 767.4827 14393.1738 10581.0332 10970.4053 6627.1372 15790.0107 11861.2881 3588.7119 14184.6592 2226.4553 4105.2202 11848.4648 7683.2603 15143.4092 10211.9932 1353.8903 6136.5708 15667.8867 6668.8628 7684.6602
19136.4102 13825.9795 12595.8672 3788.2310 1888.3090 11489.7480 9765.7158 16394.8418 7818.0249 15913.7988 11166.2607 11882.0420 6192.6348 3385.9775 193.1572 14967.5117 8407.6680 6197.7783 12956.3672 4740.6230 953.7381 4950.6138 5130.1094 11123.2773 8401.1084 4590.2368 2506.8760 3857.1057 7860.7671 702.8129 14548.3994 10633.8662 10991.7617 6689.9771 15810.7061 11777.4561 3638.6304 13967.1475 2204.8118 4081.9766 11886.9600 7714.1328 15005.1221 10206.3340 1328.3978 6259.3062 15632.1816 6638.5005 7698.0391
19036.7402 13731.8223 12652.5732 3844.8877 1617.6128 11516.2549 9735.1494 16476.9629 7828.4224 16062.4844 11113.6895 11815.6553 6274.1948 3385.4734 190.4395 14811.2266 8472.9404 6235.6587 13031.0566 4824.0054 931.0787 4931.7886 5037.5215 10975.6436 8428.7324 4599.6572 2486.1729 3881.3809 7789.5044 726.0010 14498.3857 10683.7939 11118.5557 6746.3921 15830.9258 11801.3975 3584.6567 14082.4854 2227.6804 4175.8135 11818.9316 7723.3091 14981.5039 10106.4854 1226.1285 6278.1226 15685.2539 6666.7637 7662.3477
19076.1016 13837.1953 12777.2773 3465.5493 2074.9788 11532.8545 9786.0029 16594.8770 7718.4023 16130.0010 10992.2031 11902.9492 6228.4741 3285.5583 176.5585 14830.5547 8567.2412 5951.5151 12526.4180 4888.4170 905.8494 5097.1318 5099.8501 10753.7002 8455.3936 4481.9360 2476.0383 3840.6274 7795.4927 723.4782 14465.7803 10538.9727 10867.5166 6658.2227 15798.1719 11873.2715 3660.2229 14056.6152 2201.0640 4234.8564 11896.3008 7718.2686 15525.1006 10125.5381 1300.9104 6266.7520 15634.4775 6571.8262 7823.9014
18870.2207 13824.2705 12781.6885 3649.8086 1921.4344 11618.7373 9766.5996 16471.5020 7797.4922 16090.8828 11066.8945 11871.4824 6252.5581 3218.4761 192.9311 14867.7920 8412.6611 6127.4326 12885.8721 4777.9971 939.8508 5082.0391 5039.8564 10940.4951 8508.5947 4581.7373 2501.1294 3798.9958 7855.6343 719.6288 14427.1875 10526.4336 11012.8486 6602.8281 15829.8174 11829.6582 3686.0273 14266.5713 2217.6509 4200.8579 11904.8633 7706.2842 15011.0615 10198.6689 1309.5947 6187.8667 15631.7959 6639.2676 7614.8481
19044.9023 13791.1953 12756.8955 3798.7695 2005.6249 11533.9473 9778.1846 16419.1797 7627.3735 16086.9131 11169.3711 11777.4551 6282.4971 3398.3125 192.0066 14995.8691 8461.2529 6265.7876 12834.5713 4809.4814 1011.0127 4975.4341 5141.7627 10910.7910 8376.6064 4655.5396 2455.4641 3844.0825 7888.0278 727.7294 14570.4443 10556.4736 11137.0791 6672.3799 15782.1846 11825.5156 3691.6958 13782.8184 2182.7249 4191.7197 11835.4268 7686.9419 15110.4678 10136.9922 1364.1276 6281.2334 15622.8486 6670.0688 7611.1528
18997.7285 13824.2734 12670.1914 3826.3623 1763.1132 11584.0195 9801.0566 16445.5547 7794.6709 16011.3516 11171.7041 11854.1631 6242.5942 3300.0093 184.5028 14860.5576 8416.5977 6238.1562 12971.6162 4800.5083 951.3344 4951.6094 5100.9106 10892.5049 8378.9365 4639.0220 2489.6292 3840.4141 7944.1680 724.7960 14481.2920 10579.1182 11117.3701 6643.4629 15801.3818 11804.5361 3606.3650 13832.0820 2190.9204 4154.1294 11818.7539 7680.0635 15020.8643 10071.3789 1236.8271 6181.0630 15729.5322 6679.3481 7828.7417
19170.3242 13812.0977 12667.0664 3815.3425 1807.1313 11546.3730 9655.8486 16403.6191 7697.4678 15998.4717 11170.0166 11894.2939 6242.4805 3364.9919 205.8051 15002.7979 8443.3584 6251.0898 12985.7559 4812.2173 817.7236 4976.3154 5068.8608 10981.9053 8299.7129 4598.7710 2505.5759 3866.6589 7909.0332 732.2587 14458.8105 10618.9707 11093.2363 6679.2949 15843.9121 11818.4053 3654.7947 13815.9756 2197.3784 4072.8501 11729.8086 7707.9028 15022.4219 10119.6670 1244.9924 6257.8481 15683.6631 6645.9185 7698.9609
19132.9141 13733.3604 12996.6719 3703.7278 1955.2499 11529.6934 9735.2031 16342.3242 7703.4404 16049.0791 11135.7861 12006.7627 6256.8286 3250.4556 209.9664 14972.1689 8327.7568 6090.7129 12922.0645 4787.6655 879.0708 4923.1582 5180.8506 10799.6035 8365.8818 4632.3989 2477.4277 3876.4160 7948.2778 746.6230 14447.2490 10592.9434 11064.3359 6808.4302 15764.1396 11817.6641 3687.8225 14058.4346 2193.5632 4028.4255 11974.1406 7715.1104 15051.0801 10218.6641 1272.1837 6228.8765 15639.4229 6616.4614 7698.4609
19318.5664 13898.8896 12751.3379 3668.5127 2440.5454 11574.2285 9817.3896 16419.1738 7745.7749 16077.5439 11239.0928 11816.4258 6207.3130 3402.1978 200.9209 15099.7207 8431.7646 6177.4019 12916.8340 4803.1943 888.1111 4915.1821 5071.0117 10847.7549 8437.9980 4599.8506 2510.5811 3862.3674 7924.7114 723.3554 14525.0186 10523.3301 11091.6826 6776.8428 15766.8887 11814.8730 3645.8738 13760.7432 2213.5183 4171.7271 11901.9082 7672.8154 15028.6465 10204.6777 1377.1722 6231.4937 15678.4570 6677.2705 7791.9839
19065.5645 13785.5771 12695.1123 3685.6150 1843.7090 11547.8223 9724.5273 16540.4961 7812.6821 16161.4141 11162.6162 11905.0127 6269.4429 3294.1909 196.4668 14885.3232 8415.3057 6169.6938 12934.4160 4834.0049 805.9285 4955.1001 5179.8594 10918.6016 8509.0938 4642.0034 2496.0989 3861.1462 7858.1733 725.4520 14619.6494 10643.7588 11117.1592 6711.2778 15870.5215 11873.1016 3684.6794 14080.8154 2259.6311 4195.3179 11864.5254 7699.8145 15125.9248 10153.2930 1293.9119 6223.0049 15679.4648 6647.1704 7695.4814
18997.7871 13848.5342 12766.1201 3728.1270 1977.7435 11502.2930 9790.8770 16527.6895 7835.4551 16146.8457 11176.6865 11881.4268 6335.9980 3450.5090 194.5657 14860.3301 8459.5205 6249.5967 12935.7764 4782.2231 971.3639 4973.8862 5033.8096 11117.1660 8514.7559 4646.1123 2467.1790 3867.4641 7918.7305 690.8915 14524.2510 10672.0762 11161.3760 6612.1182 15846.0215 11891.3564 3640.0388 14246.0088 2268.4968 4217.3750 11799.6182 7730.0635 15111.4092 10117.3037 1168.5322 6301.2280 15649.2832 6696.5859 7691.1543
19037.6836 13828.1289 12839.8555 3759.5422 1915.7191 11528.1201 9633.3672 16470.1504 7751.0474 16150.7734 11164.8867 11838.3672 6285.4053 3401.3926 179.9295 14850.0693 8434.9355 6270.4536 12998.8779 4809.2686 1058.3402 4943.8101 5087.3086 10853.3350 8343.6758 4617.1787 2472.6492 3864.9258 7962.8662 730.1606 14523.1328 10593.0508 11098.9268 6648.6118 15842.7510 11902.5391 3618.4246 14151.1709 2260.6519 4118.1631 11845.6064 7734.2139 15104.2197 10136.1299 1246.1813 6251.8242 15716.3711 6599.7222 7812.0981
18968.2012 13810.6602 12868.6875 3718.6565 1897.5690 11557.4795 9797.4883 16376.1670 7738.8887 16092.5088 11094.8975 11916.1348 6181.7812 3399.3801 186.8279 14945.0186 8500.9746 6205.0913 12954.6279 4789.6260 943.2674 5002.1899 5106.9780 11017.4492 8354.9668 4606.8662 2435.5103 3821.0376 7841.4360 761.7194 14552.8457 10640.3936 11057.0947 6689.5654 15829.8730 11779.9570 3590.3105 13823.0615 2236.4041 4102.7612 11885.4932 7699.7715 15130.5010 10148.0410 1331.0277 6221.6792 15666.3623 6647.3081 7701.4561
18898.4004 13767.9922 12672.7939 3710.9758 1641.6434 11539.4717 9789.1904 16415.0840 7816.9253 16030.5928 11114.8701 11937.9873 6225.8926 3362.3667 196.4463 14830.2012 8507.3506 6194.8442 12959.5986 4774.0522 987.5302 4938.8105 5054.1328 11131.5566 8280.4561 4648.9453 2441.9417 3868.6550 7829.0415 821.1268 14550.2188 10609.1758 11033.9229 7052.2383 15824.8633 11821.5820 3650.5815 14013.7803 2224.5859 3955.3042 11862.5068 7706.2495 15037.1660 10192.4775 1258.6111 6202.7314 15642.3496 6625.8628 7730.6826
18961.9883 13773.1494 12832.5254 3754.1750 2025.9094 11594.6025 9799.6396 16456.8242 7828.0840 16046.2803 11254.5781 11878.4746 6199.0742 3402.3381 192.9609 14788.9463 8434.5771 6236.6689 12956.1377 4799.3760 1077.7485 4920.0063 5137.5493 11140.9355 8436.8574 4641.0078 2487.7229 3856.0388 7922.2231 866.2475 14537.7246 10615.9492 11067.0420 6957.5605 15803.2490 11831.5361 3680.7190 14225.2510 2225.0747 4017.3774 11909.4043 7700.7812 15071.5059 10120.9639 1228.4779 6306.4932 15647.0029 6623.8774 7700.8716
19038.6406 13903.4873 12810.5010 3749.6753 1823.0552 11521.8047 9753.1055 16501.9121 7756.7051 15995.2324 11200.5176 11941.5127 6302.0039 3368.9819 189.2887 15190.7002 8462.4883 6229.2529 13008.3389 4837.4951 929.6356 4979.8110 5112.3818 11113.2266 8389.0342 4738.5645 2482.8186 3896.5222 7896.0151 923.1705 14589.1504 10733.4727 11106.3848 6899.7646 15813.3994 11820.3789 3591.6860 14259.6846 2275.9651 3875.4854 11852.2012 7720.9141 15063.1357 10168.2246 1236.2827 6206.4795 15724.3691 6686.7109 7662.4214
19023.5898 13886.4980 12769.4727 3741.0288 3081.5862 11651.9648 9710.8516 16432.5742 7821.1509 15968.4990 11188.9688 11720.3447 6313.0444 3362.6479 198.7439 15005.8125 8402.3643 6242.3335 12913.8203 4858.8516 935.1389 5032.1455 5174.3823 10954.2861 8256.0439 4618.2012 2595.0852 3868.2383 7925.8218 790.7893 14501.3252 10623.2451 11098.3535 6997.5142 15847.5625 11881.1436 3701.1621 14148.3467 2246.3872 3885.5195 11727.6289 7685.4355 15126.0586 10179.2812 1196.5223 6179.3994 15730.2461 6697.9932 7654.1265
19023.4004 13957.3379 12871.9473 3793.5376 2974.3936 11496.7354 9818.2383 16410.2578 7677.0098 16015.6279 11170.4434 11811.9990 6218.7397 3390.6133 193.7803 14960.2686 8404.9268 6188.5532 12983.4307 4831.9380 975.7448 5023.9165 5095.3228 10907.2520 8292.6934 4643.0684 2551.9272 3882.6191 7937.0229 797.7065 14475.8926 10628.6914 11059.5352 6840.8579 15857.5391 11821.6484 3676.7058 14051.4775 2167.5483 3934.1707 12093.1904 7634.2471 15041.0381 10090.2383 1204.0067 6269.3838 15684.8564 6682.3892 7703.7676
19203.0625 13876.8770 12895.1035 3782.2053 1465.9884 11575.6221 9717.5977 16561.3184 7752.1479 15885.8906 11204.8555 11928.3584 6331.5723 3384.2043 183.6651 15083.6621 8405.8730 6287.0684 12970.6172 4833.1724 935.7678 4969.4390 5024.9834 10811.5547 8203.7549 4602.6621 2456.0840 3880.8271 7822.3096 852.5406 14532.2207 10584.7578 11062.0195 6810.5122 15778.9688 11850.7070 3608.0522 14067.7021 2215.8145 3712.2378 11887.8018 7732.6084 15106.7920 10214.5195 1282.5035 6253.2075 15631.3818 6611.5308 7696.2798
18843.4336 13783.6055 12576.1025 3717.7566 1979.3148 11418.1807 9794.5752 16516.9746 7760.6704 15913.5605 11054.1113 11916.0625 6221.9150 3289.4924 193.0640 14793.7900 8365.1943 6201.6021 12959.5039 4823.5039 956.4498 5035.4473 5070.3716 10856.8809 8170.9341 4651.5020 2470.7444 3862.2166 7840.6943 829.3420 14539.6631 10638.2217 11091.7744 6913.8062 15770.0967 11799.4561 3563.3225 13638.2715 2158.7119 3767.9983 11979.0635 7758.9492 15095.4609 10228.1611 1307.0175 6354.2637 15597.2559 6645.2539 7808.6895
19139.4336 13870.7402 12716.8926 3741.0598 1967.0012 11591.2334 9754.8096 16503.0840 7796.7261 15871.3730 11081.6182 11815.0596 6262.5649 3340.3459 200.1191 14891.4570 8390.4004 6145.0981 12940.5986 4815.9717 914.5320 4997.3027 5058.8843 10980.4561 8292.7520 4698.4209 2489.9397 3878.0300 7971.6235 811.2657 14563.7178 10619.6641 11067.7197 6740.1689 15844.6484 11893.0820 3572.8005 14130.9492 2232.3313 3803.1311 12010.1318 7699.1133 15130.6016 10161.1738 1378.7885 6122.2329 15659.3867 6676.1016 7616.3608
18951.1836 13816.0801 12780.3076 3696.0723 2037.4243 11643.0000 9786.7490 16508.3340 7811.0400 15672.7705 11167.3467 11775.2012 6247.5249 3351.3506 192.2666 14790.9678 8375.3740 6199.2866 12896.0674 4817.3721 870.2679 4966.6797 5107.7490 10933.7295 8391.5400 4671.4287 2464.4814 3837.1812 7852.5298 626.8920 14501.3477 10535.7441 11092.1553 6338.5571 15787.4160 11739.2510 3696.8601 13727.9375 2243.8931 3745.6621 12118.1211 7712.0942 15037.9785 10178.2070 1308.8810 6194.1196 15685.1553 6648.6499 7589.9072
19016.3828 13880.0391 12825.2939 3709.1587 2343.0737 11596.8516 9710.4473 16469.2090 7647.9229 15402.6426 11162.7725 11973.9814 6176.8296 3388.7048 184.0142 14980.2861 8527.8799 6209.8853 12939.0732 4801.1587 982.0514 4935.4150 5064.8267 10813.8682 8466.9893 4636.0630 2448.5667 3841.1318 7922.9971 651.6065 14531.6143 10616.3457 11030.4492 6125.6450 15841.1865 11800.7568 3560.6599 13840.9590 2239.8096 3523.1050 11813.0498 7739.0610 15167.5576 10214.5830 1175.1736 6324.7471 15640.3359 6617.6914 7595.8735
19155.7070 13847.2969 12818.9873 3777.2400 1662.6094 11544.8066 9822.7637 16530.5059 7840.8066 15907.7588 11129.4307 11834.9756 6267.0400 3414.4688 195.0130 14853.0986 8487.4033 6189.1909 12970.3135 4785.5317 996.4685 4944.6860 5117.1914 11031.0459 8511.6689 4625.1113 2456.5144 3850.0344 7957.1040 724.9356 14543.8604 10725.6641 11092.0762 6513.3301 15823.7012 11786.7979 3648.3630 14166.2559 2184.4746 4233.0322 11711.2109 7716.3442 15090.9678 10202.8896 1252.9795 6375.0947 15684.9824 6644.5425 7706.9194
18864.3691 13805.7656 12713.3662 3765.7859 1916.3297 11583.8047 9749.8359 16428.9570 7782.7051 16089.7129 11037.1270 11875.8516 6240.3740 3345.8901 182.9997 14996.9053 8481.6895 6203.8521 12850.6279 4830.1851 953.4213 4997.3369 5138.0405 10921.0176 8354.1289 4692.3755 2473.6179 3860.3860 7899.6816 695.5396 14520.0830 10631.9346 11080.3809 6690.8589 15848.0146 11897.1699 3619.0857 14013.1865 2175.6743 4113.4395 11797.9541 7706.1899 15157.5430 10164.2891 1278.7748 6278.2773 15666.6504 6684.0273 7680.7407
19011.1445 13804.1494 12811.1543 3715.4265 2065.6487 11581.6475 9774.4297 16464.4004 7832.3945 15860.4707 11193.1826 11937.4658 6247.1504 3412.6707 195.7153 14901.2705 8486.3555 6165.1387 12916.9658 4773.1055 982.0169 5001.1704 5056.5586 10964.5234 8410.3662 4678.9111 2480.2151 3839.7664 7967.1519 692.0616 14499.1621 10630.0840 11064.4453 6488.4502 15817.7979 11816.2061 3651.7769 14042.1719 2177.2603 4072.1345 11882.0352 7686.3794 15081.4912 10150.0029 1269.8860 6271.9521 15631.9678 6648.3530 7747.5703
19153.1445 13829.3486 12609.1162 3693.3762 2060.1802 11623.5439 9744.8789 16349.7891 7728.7368 16149.1963 11216.0596 11812.4756 6230.7935 3307.4675 200.3399 15072.1172 8440.0410 6174.4380 12905.2988 4793.6987 947.5277 5001.8486 5006.5542 10782.2764 8541.3926 4658.1777 2481.3040 3800.2073 7895.8755 695.7082 14456.7539 10573.9199 11037.4170 6488.9351 15772.7217 11830.3730 3544.2959 13976.2539 2206.0906 4296.4766 11895.2422 7724.9048 15043.0557 10139.7578 1325.8365 6322.2705 15646.1689 6623.3237 7655.6177
18949.3164 13811.0381 12661.9775 3775.0535 2185.2231 11576.2920 9784.3154 16457.3887 7757.7666 15989.2100 11172.2480 11736.9609 6212.9736 3335.1338 208.9877 15058.8955 8375.7373 6168.2412 12893.7988 4774.5078 901.2005 4981.8843 5087.6523 10892.1123 8445.5918 4664.8843 2470.5020 3886.6665 7847.9282 654.6848 14533.5332 10470.7207 11089.7334 6500.9697 15729.9229 11811.5869 3612.5400 13784.7812 2292.3601 4215.1992 11781.5879 7753.4502 15042.9619 10135.5654 1222.8756 6204.3213 15684.4873 6644.4336 7660.9956
19060.3047 13795.8584 12766.2568 3759.7375 1811.8755 11549.4521 9768.1543 16460.2500 7754.0098 16253.2959 11200.5381 11865.3887 6197.0615 3359.8582 192.5892 15021.3799 8434.1318 6150.1719 12907.0674 4847.6548 938.4233 4937.9561 5109.8301 11043.1924 8378.3701 4626.7998 2456.9453 3840.1665 7995.5327 768.6682 14524.5996 10611.2080 11111.1006 6931.6406 15764.0605 11869.2148 3700.2761 14038.8994 2245.5830 4246.4321 11879.4463 7683.6626 15080.6748 10121.5967 1261.3378 6157.1880 15738.8574 6684.7573 7834.5376
18860.2715 13636.9014 12837.5322 3765.8071 1784.7635 11581.3945 9695.0234 16293.7510 7801.7090 16136.6533 11117.6523 11960.9297 6205.8198 3391.3845 171.3687 14880.4023 8509.6777 6155.4531 12883.9844 4757.9180 929.8849 4991.6196 5049.6118 11080.1426 8420.3926 4662.5615 2520.1414 3868.8345 8036.8921 706.8517 14456.3721 10589.5479 11085.2314 6699.2798 15793.4639 11810.0156 3669.3977 14132.8721 2277.8777 4245.3145 11635.3379 7697.7373 15117.9531 10170.2871 1230.6869 6209.2793 15650.0625 6637.5098 7777.5845
18940.6445 13796.3203 12891.7969 3744.9690 2910.0225 11498.2578 9722.5938 16374.4180 7680.0288 16119.2734 11160.3506 11752.7256 6190.5190 3415.3413 193.1166 14867.0674 8497.7041 6179.3975 12921.2031 4783.0342 919.0654 5015.1719 5141.8208 10867.4473 8400.0977 4539.7007 2564.1860 3777.9170 7980.0669 743.5930 14513.1240 10575.7305 11021.3037 6753.2510 15795.0459 11832.1182 3703.9802 13975.4473 2239.6418 4220.7861 11782.9609 7695.2603 15116.0166 10082.4912 1265.2823 6251.7212 15656.2568 6621.1997 7667.6372
18984.0391 13866.6709 12886.8184 3712.2742 2240.7371 11548.5088 9684.1797 16425.8730 7778.6182 16110.1904 11098.4658 11807.5684 6212.2725 3413.1892 186.2836 14782.2246 8531.7568 6142.2314 12855.1494 4816.2754 880.2411 4932.6177 5128.0347 10912.1523 8408.1914 4644.8008 2482.9426 3841.1328 7997.0923 764.4775 14541.4688 10647.6475 10988.6494 6758.0483 15813.7334 11838.3711 3676.0266 14202.9492 2199.2324 4133.3882 11846.5332 7756.1816 15122.7725 10118.7490 1359.9272 6240.7002 15679.6084 6643.2983 7700.9277
19054.2598 13799.5156 12822.0352 3755.4768 3093.2068 11572.2129 9758.8330 16591.0098 7739.5635 16020.1006 11158.7422 11902.8213 6230.7900 3374.4146 190.5208 15047.3975 8421.4746 6218.9673 12877.4375 4835.6919 907.1334 5081.8721 5131.3013 11020.8672 8344.8701 4559.8530 2508.4182 3845.6787 7980.2690 752.1044 14621.8086 10645.3701 11027.0605 6800.5234 15750.9834 11795.1738 3661.6387 14022.7559 2165.4336 4158.5742 11903.4775 7698.3901 15147.1963 10173.4570 1270.2622 6274.7646 15679.8467 6629.2930 7694.3687
19197.6445 13831.7578 12765.3359 3742.4192 3008.9380 11456.0342 9762.5986 16477.8223 7791.5400 16202.2051 11167.7500 11804.4229 6193.4165 3413.5122 200.1585 15018.0195 8451.5703 6156.4414 12894.5176 4792.4360 846.7363 5056.0435 5126.8853 10873.8867 8412.2031 4567.6558 2490.7590 3851.9395 7807.0161 729.4283 14483.3984 10573.2627 11106.9453 6632.5396 15757.9375 11831.4238 3601.4937 13920.4336 2172.4446 4283.4531 11782.9805 7698.5933 15012.7959 10204.1777 1260.0864 6239.4868 15696.5244 6673.1963 7677.2529
19201.4785 13860.4668 12790.2383 3739.2039 2056.1689 11473.2627 9663.8027 16289.9717 7894.9180 16252.2920 11147.3193 12004.6729 6266.1802 3269.0244 200.6273 15142.5498 8449.8936 6264.4761 12971.3730 4806.6294 851.9260 4967.7163 5098.9580 10911.5400 8382.6377 4703.1094 2482.7063 3842.3118 7845.9990 723.3853 14506.2920 10671.5107 11078.7852 6531.6938 15852.5488 11901.7432 3613.6680 14076.6934 2242.8625 4280.7134 11904.7773 7685.1538 15054.0703 10153.4287 1332.4210 6256.8960 15685.5400 6667.3340 7796.5264
19092.2070 13825.3291 12773.3320 3751.1602 2120.3555 11538.5996 9718.5215 16421.3828 7744.0249 16235.3115 11111.5098 12012.0771 6324.7578 3372.1914 195.1441 14831.4580 8441.9922 6233.6738 12871.7568 4802.8750 883.7034 4965.9121 5077.5923 10777.7803 8348.1631 4652.1538 2465.5391 3802.1150 7915.7886 757.4578 14543.4434 10539.8955 11053.7715 6779.3687 15832.7256 11793.9121 3666.7000 13960.8740 2218.8459 4243.9653 11947.1260 7747.4956 15101.5010 10268.2920 1412.4958 6333.4111 15640.2109 6670.4297 7618.9067
19015.5137 13908.8164 12810.7334 3743.0564 1853.4088 11608.0918 9769.9805 16429.6406 7724.1729 15362.8838 11221.7725 11899.2275 6240.3970 3422.6025 186.3523 14784.9316 8425.3047 6174.4746 12848.5713 4835.6138 905.3646 4945.4082 5075.7090 11005.2344 8295.2383 4528.5674 2442.7920 3826.2937 7956.7256 648.0001 14517.3369 10555.8467 11090.9590 6370.5000 15789.7480 11854.5918 3707.8171 14274.6504 2229.5959 3585.9038 11858.6729 7737.1846 15033.9834 10163.1787 1296.5228 6319.0132 15690.0352 6640.8193 7712.5669
19145.5820 13863.3174 12773.5938 3716.0696 2077.8000 11535.6484 9764.9629 16495.0020 7860.9497 14848.9854 11123.6543 11934.8857 6194.9199 3394.8901 200.6191 14947.1562 8391.9756 6137.8662 12909.9023 4808.2075 805.7516 4895.7979 5068.3086 10827.4111 8313.7275 4581.8799 2479.2722 3866.8665 7819.2939 617.9510 14470.3027 10586.7051 11056.1357 6082.6372 15826.5576 11807.3193 3560.7649 14135.6992 2260.2979 3173.4131 11662.3789 7710.7280 15080.2578 10121.4277 1216.4822 6293.4570 15649.6357 6623.7705 7614.5493
18999.3789 13829.7275 12694.2715 3745.1541 1625.1298 11516.5352 9812.7812 16431.8535 7795.7920 16331.9561 11077.4541 11881.0137 6241.4014 3276.5217 202.2695 15047.2705 8449.3447 6199.8511 12934.8096 4813.9624 834.4128 4983.7271 5162.7808 10795.1045 8470.1348 4602.5015 2440.7800 3868.2141 7819.7017 792.2162 14486.4209 10583.7344 11070.9873 6928.0049 15824.0840 11835.4375 3632.2329 13868.9180 2250.9575 4288.7632 11882.8008 7666.9458 15087.1709 10271.2041 1297.1370 6158.1353 15619.3975 6684.5229 7654.6548
19166.4473 13743.3809 12651.1123 3702.8308 1806.9232 11564.6055 9725.1328 16562.5273 7879.5713 16116.5684 11137.4180 11909.8389 6303.4712 3329.9565 207.1055 15065.7393 8570.6553 6186.5151 12872.8486 4774.2075 1032.0372 5081.4902 5068.1826 10763.4844 8485.8916 4542.5205 2435.9880 3867.0439 7760.8960 726.7483 14498.4434 10620.2881 11087.3008 6711.0298 15824.7939 11817.1338 3626.2651 13923.8623 2209.9141 4137.6406 11765.5039 7696.0664 15118.5977 10234.8115 1294.1809 6284.5059 15667.1035 6630.5156 7810.7485
18986.5605 13746.8535 12808.9883 3723.5618 1752.9785 11563.0342 9776.4268 16380.6963 7771.4619 16011.1992 11126.4902 11832.8818 6291.6611 3336.6697 213.6129 14796.0059 8514.9727 6156.9810 12885.9775 4821.5259 1037.7415 5028.7739 5142.2466 10660.8877 8470.0176 4609.2856 2472.9397 3830.1550 7870.2363 750.3170 14538.4609 10637.8340 11090.2734 6756.8726 15764.2715 11832.0977 3623.9543 14137.2588 2174.8279 4099.0693 11931.5322 7703.4033 15110.3564 10147.8340 1311.3499 6303.1841 15685.7236 6618.9697 7638.3608
19019.2891 13765.1133 12761.7715 3715.2729 1784.3702 11566.7402 9788.5293 16297.7109 7740.5317 16134.9121 11105.9395 11883.3125 6272.2080 3329.7134 195.2564 15011.9395 8378.3281 6205.9536 12882.7480 4829.8296 966.8456 5044.2769 5119.8286 10908.5264 8471.1240 4597.0791 2468.3572 3827.6499 7885.9585 722.1454 14517.9404 10645.0479 11011.2256 6642.6167 15752.1592 11880.4199 3595.4397 13823.0967 2182.0920 4214.6758 11899.5332 7747.3901 15073.1504 10099.5430 1243.6399 6287.8696 15690.7236 6612.2827 7707.1187
19069.9629 13917.7959 12837.9521 3686.0454 2050.7915 11523.4863 9717.3760 16492.9121 7721.8735 16065.4619 11092.7480 11720.8164 6218.3003 3369.8796 186.5263 14778.4189 8377.2266 6212.7256 12901.8398 4777.6484 869.4914 5006.0967 5080.7095 10979.3613 8485.4033 4540.4263 2492.9219 3869.0786 7803.4355 691.5779 14495.9678 10568.3535 11080.0957 6608.6445 15772.0664 11811.7402 3557.2129 13834.8779 2147.0432 4113.5557 11829.2383 7715.9971 15013.8154 10162.0127 1332.9165 6225.6021 15607.5723 6636.2197 7646.7065
19247.2031 13767.4463 12746.0625 3667.5288 1879.0222 11551.1182 9705.2119 16487.3066 7828.3706 16161.3662 11097.5176 11839.2285 6303.0415 3352.8042 197.7486 15002.8809 8411.8223 6202.5356 12899.5527 4803.0723 915.2755 5031.5400 5079.2993 10927.2266 8384.1074 4585.2334 2494.7700 3874.3108 7848.4409 741.9742 14538.0234 10681.2031 11077.4385 6842.9141 15740.5020 11787.5625 3621.7632 13992.2383 2172.2905 4138.1973 11741.1250 7696.1782 15075.6533 10162.7549 1268.9153 6157.6167 15679.7344 6678.3169 7799.1914
19187.5742 13823.7188 12770.6699 3709.9895 1856.6384 11553.4736 9929.4375 16506.8184 7816.1304 16225.2266 11148.7500 11868.8320 6338.7256 3379.6907 182.9858 14837.4512 8466.2666 6253.0547 12952.0996 4806.3389 934.9933 4897.7280 5049.0049 10843.6699 8410.7773 4610.8228 2469.9924 3908.0640 7957.3706 733.6717 14569.8408 10622.8477 11121.3936 6708.8594 15838.9297 11899.1885 3633.2012 14220.5195 2194.7488 4198.3320 11857.7998 7776.2095 15114.1846 10195.6162 1315.6143 6264.1763 15695.0850 6680.6636 7689.7900
18860.9980 13810.5869 12735.7217 3753.8042 1344.2797 11508.5723 9825.2822 16404.7500 7701.5225 16020.6543 11100.7207 11856.9814 6294.4819 3299.5054 177.5223 15015.0576 8373.6035 6166.7856 12842.1641 4816.9375 953.0753 4803.5981 5097.0254 10981.2744 8486.7510 4692.3628 2528.0461 3830.9617 7971.4492 740.0881 14508.6064 10679.5312 11035.7021 6679.2612 15865.2979 11839.1943 3632.6311 13918.5684 2256.4019 4199.5439 11675.5928 7710.8008 15046.5322 10054.1680 1270.7190 6262.2949 15651.8848 6633.3179 7647.0273
19166.9980 13807.7012 12769.2129 3674.3027 3165.0422 11592.1523 9779.2090 16356.9668 7674.4873 16003.8428 11230.7197 11936.4072 6248.8203 3390.1243 188.5982 14917.8623 8400.1406 6178.8438 12881.9326 4773.7061 973.4053 4951.4253 5087.4185 11054.6416 8444.3906 4586.8271 2549.0076 3835.8318 7847.6655 731.2538 14505.5186 10563.5332 10975.1689 6749.0972 15742.2344 11819.0439 3668.6331 13776.5596 2251.2026 4168.1479 11649.0791 7677.5537 15064.3027 10129.7939 1244.7856 6234.8042 15654.6514 6605.5132 7761.6294
19054.5977 13866.4434 12699.2490 3698.1094 3241.5974 11613.4727 9767.4893 16470.1816 7778.8872 16084.7207 11149.5957 11899.1465 6229.6689 3338.7065 189.2109 14972.4209 8389.8506 6186.5830 12897.9199 4802.6431 900.1771 5083.0200 5124.5146 10837.0684 8301.7754 4539.9463 2515.9775 3829.2612 7841.6240 737.6609 14481.3662 10559.9814 11044.6904 6740.6685 15789.2266 11835.9385 3638.1689 13944.3467 2155.2439 4124.9189 11838.7432 7672.7607 15090.5195 10131.4980 1372.5935 6279.0986 15659.8184 6653.4307 7736.3633
19248.6797 13689.5566 12635.6602 3705.6133 1786.2444 11537.0078 9806.0732 16398.3086 7779.2036 16067.8730 11204.5703 12013.7646 6204.8003 3363.2141 188.9904 14883.0195 8444.7041 6132.2642 12915.3320 4835.8579 936.8015 5001.3716 5020.0010 11000.9795 8434.1416 4553.3062 2481.8442 3840.0845 7959.7402 720.1273 14439.5596 10587.3594 11044.9209 6765.8452 15769.3066 11803.3467 3646.1125 14079.0752 2229.4116 4157.7056 11787.6816 7733.7583 15151.3633 10137.1387 1275.9708 6272.1050 15691.2920 6701.1929 7678.0835
19138.8203 13749.7676 12784.6621 3734.7400 1712.2152 11534.6064 9705.9189 16446.3789 7832.7764 16092.9609 11142.0439 11816.0186 6213.3574 3257.1021 190.4496 14750.0801 8396.3311 6184.0537 12905.4727 4803.1870 934.7755 4988.8716 5062.3809 11058.5791 8292.5850 4674.3911 2453.8928 3862.5825 7886.5928 723.7672 14433.6768 10578.5186 11071.9141 6675.7803 15894.4365 11873.0947 3649.8945 13963.1152 2219.6155 4108.8716 11765.0430 7637.7798 15116.5557 10153.5420 1285.9783 6322.5439 15661.5273 6684.6064 7537.4810
18963.5195 13751.0137 12735.2754 3696.9905 1759.5216 11573.6533 9756.3682 16390.3574 7796.9902 15973.9561 11039.8877 11770.1270 6236.6128 3305.6624 184.0953 15037.6543 8362.9043 6180.4351 12921.6221 4777.4868 867.7769 5025.5371 5039.9180 11050.3564 8437.7969 4674.7891 2509.0129 3814.2021 7831.9551 754.6716 14393.9531 10607.2832 11050.0078 6698.6909 15831.4980 11882.9521 3610.8833 13993.5898 2223.2332 4091.8298 11875.2119 7713.0933 15057.8477 10170.0479 1306.4662 6285.5483 15691.1025 6686.9702 7600.0103
19080.2090 13775.0898 12766.2988 3678.2361 1664.8217 11551.4268 9738.2129 16437.9746 7713.6260 16035.3203 11151.5361 11943.9434 6265.3018 3300.2119 183.0331 14985.9307 8485.7188 6126.8135 12850.3721 4794.6958 1028.5488 4951.0059 5062.3652 10871.7510 8438.7119 4518.1401 2474.6694 3822.9958 7856.8799 771.4189 14476.1777 10597.6436 11021.3633 6751.6597 15787.3438 11755.6797 3649.1445 14174.3525 2211.7397 4065.3796 11756.8711 7706.4180 15041.7354 10167.6240 1224.2224 6253.1958 15674.6602 6631.5063 7706.7510
18927.6836 13804.1523 12608.8252 3795.3616 1502.6444 11592.4912 9754.1719 16514.1992 7675.7910 16027.9883 11121.3398 11875.8838 6257.3008 3409.3652 198.7524 14782.0264 8443.6748 6238.7334 12864.2900 4797.8916 978.0486 4903.9072 5055.1333 10860.9580 8351.0781 4568.4141 2439.5986 3795.7864 7845.3457 793.9970 14455.0713 10611.9902 11047.1338 6801.9902 15729.4766 11740.9531 3589.7666 13951.6436 2209.7073 4056.7510 11803.5371 7696.1196 15076.7520 10166.1445 1291.6486 6255.9600 15655.0459 6647.4009 7714.6646
19060.2344 13855.4717 12785.0146 3711.4607 1921.0486 11513.1133 9766.6367 16430.8633 7873.7764 15971.3838 11192.5107 11954.8213 6266.0249 3282.9595 201.1056 14779.5977 8389.6260 6125.6558 12854.3496 4796.8374 879.2669 5020.6675 5070.4712 10836.7793 8401.2139 4546.9639 2496.4951 3806.0063 7873.5513 750.5547 14478.2383 10570.4990 11042.9053 6717.2490 15693.7529 11747.7695 3559.5842 13868.5400 2247.4810 4123.7207 11862.3154 7661.8794 15117.7334 10148.4365 1330.9546 6244.9331 15627.2666 6638.4785 7717.4629
19042.6133 13791.9492 12920.9365 3726.7673 1868.6447 11565.0273 9725.8252 16525.4805 7736.5708 16098.5674 11019.8535 11958.0840 6246.7300 3345.8113 193.1366 14909.3184 8402.4131 6167.4995 12932.1680 4822.5200 917.1228 4927.4487 5138.2271 10895.4736 8504.0547 4508.2764 2480.8394 3846.4495 7897.6523 743.5332 14467.7959 10635.8477 11063.2744 6628.4946 15787.9590 11871.7578 3710.1807 13922.0928 2238.1670 4101.8828 11862.3896 7708.8101 15088.8125 10226.5000 1314.1904 6222.3071 15651.6465 6637.8135 7733.7012
19069.3516 13770.2109 12643.5312 3695.1101 1624.9303 11479.5811 9764.8818 16417.5000 7818.2476 16060.8643 11039.1162 11864.8848 6276.5010 3250.5012 193.4225 15089.9805 8442.0371 6214.3022 12904.8223 4829.8071 1020.8153 4931.5195 5083.4409 10931.3193 8401.0352 4636.5210 2518.4314 3834.8982 7903.8682 775.2060 14522.4785 10584.0684 11048.8105 6588.6660 15750.0020 11854.7119 3602.1892 13952.1807 2215.7061 4231.2993 11751.1426 7697.2578 15060.4775 10110.0859 1287.4122 6245.5840 15623.4697 6663.5312 7741.1509
19188.5488 13771.7324 12711.7676 3645.9009 3584.3643 11529.4463 9746.9648 16514.9160 7779.0488 15959.7949 11202.8477 11816.4775 6277.0635 3349.9502 193.4537 15080.9766 8502.7520 6155.0005 12948.7168 4823.1914 1025.9711 5009.9639 5107.3838 10930.9834 8397.1514 4628.0332 2596.1570 3838.4673 7951.2822 831.5219 14558.5361 10596.6016 11079.8018 6734.5298 15825.2471 11741.4043 3640.8948 13946.7441 2242.5327 4291.9233 11668.4961 7708.7466 15039.3496 10154.5693 1224.5212 6162.8115 15725.8516 6661.3994 7614.3096
19248.1836 13822.4053 12769.5332 3664.9214 3094.9150 11530.2285 9731.9951 16410.3789 7941.9048 16084.5117 11174.8555 11847.2705 6227.4727 3326.1345 203.5312 15030.3350 8426.7998 6138.3965 12855.4922 4825.1543 850.9896 5093.8340 5040.5117 10811.6582 8352.7422 4623.0610 2549.8135 3869.9573 7891.9727 781.9714 14533.6289 10540.1865 11056.0918 6827.6021 15858.8330 11795.6748 3638.3962 14258.8369 2201.3286 4153.8647 11811.7529 7717.3931 15104.3350 10157.2559 1240.3326 6232.8857 15676.1084 6639.4033 7755.1484
18892.1582 13842.4814 12814.6504 3709.5505 1385.2645 11469.5537 9792.0674 16453.4570 7848.2568 16098.2568 11041.5703 11904.1455 6248.1328 3277.7935 203.5594 14995.4238 8442.0264 6217.0127 12919.6133 4782.3711 979.5092 4932.5391 5106.9136 10943.5752 8320.4404 4537.7383 2485.4451 3839.5725 7892.2983 744.7800 14475.0791 10534.7227 11083.0176 6748.2173 15869.9697 11856.0400 3631.7456 14219.0244 2184.4155 4013.1575 11928.0938 7701.7915 15076.6699 10096.8027 1234.8477 6187.2798 15667.2988 6669.1201 7786.5820
18989.6113 13828.2041 12621.7949 3694.3120 1738.8815 11523.0537 9803.9043 16405.4609 7734.4155 16118.3428 11118.4570 11851.1436 6232.4370 3310.0010 188.6884 14915.8623 8420.1729 6194.9146 12892.0400 4785.9351 1037.7034 4898.2490 5163.7163 10876.4561 8356.8281 4651.8076 2437.7168 3834.2649 7905.8496 756.3593 14492.1133 10700.1523 10998.3770 6726.0098 15890.6201 11862.1592 3699.5337 14066.4619 2268.2053 4087.8533 11865.6543 7709.2202 15169.0049 10214.6465 1254.9592 6251.2061 15716.5986 6619.4248 7627.7534
18988.7402 13747.3682 12840.4170 3709.1155 1660.9784 11601.9561 9763.6953 16361.7002 7811.7803 16060.8662 11064.6562 11791.6582 6158.8550 3375.7952 196.7611 14973.9639 8472.1006 6164.8237 12916.8672 4852.6870 935.0497 5005.6357 5110.0581 10847.9531 8369.3330 4550.2783 2451.5947 3863.1865 7937.0898 749.3275 14493.7793 10613.8066 11073.3584 6775.1138 15879.6016 11846.8994 3656.5037 14182.6289 2187.4138 4064.1509 12015.8535 7694.7573 15152.4258 10159.1182 1304.3740 6208.6279 15665.8467 6634.0811 7641.3228
19120.8066 13994.7422 12860.6133 3864.4036 1269.0232 11574.7891 9732.0088 16517.3008 7623.6353 16283.8984 11114.0303 11758.7197 6284.7080 3499.9705 204.3188 14820.6309 8514.9990 6279.9028 12857.4463 4763.4238 1015.4261 4978.6538 5089.2446 11125.3643 8452.6982 4727.9775 2410.1948 3892.1357 7944.0405 794.9575 14686.4785 10640.9727 11148.0791 6879.1851 15794.3184 11891.0439 3662.0256 14077.9150 2231.5520 4165.4180 12087.0928 7711.6689 15100.0439 10111.9561 1287.6299 6393.0762 15681.8740 6706.3945 7675.3911
19018.8379 13990.2480 12640.7920 3904.1106 1624.7091 11579.3213 9747.0273 16655.6172 7648.8369 16155.7500 11229.6357 11907.3613 6269.7734 3636.0889 187.6208 15060.7773 8805.7852 6392.6104 12886.4707 4796.8618 1012.8199 4975.7637 5080.2827 11225.8545 8464.0645 5019.8901 2390.5090 3828.7246 7979.7710 723.9194 14770.1455 10626.2510 11143.9717 6631.2065 15830.8350 11811.7285 3612.8931 13932.9414 2191.9478 4117.7852 11843.4062 7778.6597 15299.3262 10190.4004 1266.9818 6411.8779 15692.6777 6671.7383 7752.1621
19105.5078 13880.4131 12807.3662 3913.7625 1295.9996 11601.5908 9697.4551 16569.3887 7785.9888 16046.4590 11095.9746 11897.5791 6270.6323 3441.6750 185.4054 14970.5674 8549.4414 6318.5425 12918.7852 4803.0586 992.2064 4975.1382 5016.0083 10913.0625 8371.8682 4735.1367 2440.1511 3894.2000 8036.2891 728.3464 14663.9336 10739.3330 11153.0684 6772.7832 15923.0117 11853.5684 3657.3860 14192.8125 2195.7205 4028.2656 12072.6221 7765.2261 15174.9180 10203.9375 1290.1077 6208.8911 15660.3311 6654.2651 7747.3848
19052.9141 13889.4512 12937.4502 3876.5681 3208.2056 11604.4199 9721.4512 16397.5430 7768.0269 15995.5928 11097.0713 11935.6318 6301.4097 3497.0596 189.5128 14729.0850 8500.6035 6281.6509 12815.4062 4819.8062 875.2052 4926.4580 5085.5537 11120.5215 8358.6113 4782.1548 2538.7563 3890.5725 7920.1602 754.9670 14626.0137 10620.0498 11237.4756 6753.4644 15751.5518 11829.9307 3595.8489 13802.3584 2248.4536 4080.0569 11918.9678 7733.5342 15145.1641 10115.1182 1281.0326 6289.1162 15650.1182 6704.2715 7692.2183
19005.7559 13809.8936 12704.5938 3772.7458 4746.3730 11485.6719 9731.8867 16460.0918 7763.0562 16092.5000 11215.3184 11806.6680 6234.2188 3400.4407 184.9246 15008.3350 8550.0176 6262.1172 12883.2207 4825.5591 966.9719 4943.5562 5157.9058 11060.8535 8407.3115 4699.1675 2617.0974 3861.5859 7784.9351 752.2908 14543.2002 10589.4365 11077.6240 6651.6343 15842.9541 11838.7207 3618.4666 13818.6104 2170.2632 4234.3970 11979.5244 7772.6997 14994.5947 10166.3271 1267.0098 6222.1182 15712.8389 6714.3623 7862.1294
18827.5625 13920.8760 12617.7422 3639.0718 3678.1670 11532.5225 9796.4072 16461.7500 7788.2783 16175.7021 11070.0186 11888.7314 6322.7563 3351.1438 190.2744 14831.6670 8487.8594 6234.6631 12901.1719 4749.3027 927.0386 4919.1772 5203.0195 10652.2734 8449.6445 4708.1572 2567.7949 3852.2761 7873.5322 757.3170 14526.9326 10667.2969 11047.1143 6655.5117 15887.5566 11898.0693 3597.9243 14021.9590 2198.6721 4259.1953 11849.5586 7735.1768 15134.2793 10177.6094 1251.5920 6210.5981 15705.2432 6684.5601 7774.2437
19042.4531 13830.9326 12653.3857 3552.3726 2373.9646 11626.8359 9836.6582 16385.1973 7883.3760 16165.9668 11177.9092 11950.7920 6212.5469 3147.7026 200.2920 14914.2441 8393.3223 6136.0542 12954.8975 4778.5547 857.9542 5001.5791 4987.5693 10842.1436 8471.1758 4488.3135 2510.0845 3832.4443 7918.4668 736.6738 14568.7559 10588.6934 11109.9785 6710.0400 15805.9678 11842.1748 3614.6619 13816.5117 2198.5977 4162.5132 11804.6289 7747.3862 15184.1826 10160.9072 1290.5562 6239.8027 15686.3691 6699.3076 7576.9731
18931.3574 13738.1475 12816.8105 3816.2966 1310.0841 11571.9258 9842.9639 16468.5078 7723.7739 16178.0635 11123.3516 11863.8447 6251.5088 3320.0474 199.6481 14903.1582 8371.7305 6213.7114 12985.9639 4854.0938 926.8610 4936.0449 5140.9434 11020.6631 8367.1777 4744.8481 2454.4092 3867.2429 7865.3052 742.1558 14530.8818 10681.1426 11085.6836 6693.4136 15886.0215 11930.6387 3621.6335 14206.6963 2217.1729 4033.7126 11901.8311 7711.0146 15050.6025 10174.1846 1303.2397 6332.6396 15660.1934 6651.3628 7590.9150
18933.3457 13886.5703 12879.4111 3791.8188 1278.5453 11526.9688 9806.2959 16422.7324 7660.5830 16107.4912 11160.4395 11834.6846 6250.7349 3366.3650 188.4411 14826.3750 8427.0225 6235.0229 13011.5410 4852.4614 925.2907 4985.9771 5092.5586 11049.5723 8408.9229 4701.5161 2444.4973 3811.5542 7924.2734 754.0029 14575.0938 10660.1084 11108.6816 6616.7974 15871.7422 11833.8125 3580.1370 13801.6709 2239.1982 4031.4148 11901.8613 7694.8936 15117.0439 10163.0166 1192.5706 6230.7646 15685.5459 6695.6758 7795.0474
19043.7266 13912.8145 12805.2764 3711.6553 3143.7249 11484.1611 9803.8965 16506.3457 7801.3364 16054.1895 11165.7295 11813.4316 6242.7568 3426.2739 192.2690 15105.9639 8452.6748 6142.7285 12970.4121 4780.1768 971.8884 5003.0542 5039.0859 10889.0283 8497.5244 4624.5654 2554.9185 3892.6206 7898.5210 747.3531 14568.0625 10577.5078 11074.0967 6670.8018 15833.7764 11822.6406 3648.7214 14250.1875 2297.6956 4107.4478 11787.4492 7709.6982 15066.8740 10197.0771 1339.8683 6263.5801 15658.0068 6646.3857 7771.3223
19049.2578 13889.1475 12780.9639 3669.5005 2614.3818 11520.6357 9797.4414 16443.1250 7719.2593 16035.0439 11225.1650 11891.1846 6240.5088 3391.8774 197.4492 14954.7012 8371.1074 6150.6279 12926.5820 4833.5171 917.0562 4979.9375 5079.3555 10673.2715 8351.0547 4535.5684 2487.4521 3789.9412 7919.4634 755.6816 14528.9414 10560.7539 11016.9004 6842.7227 15744.8350 11776.4561 3650.1294 13961.2510 2223.0266 4104.2271 11738.3301 7736.0254 15069.2949 10247.4404 1312.7745 6222.7231 15669.3789 6618.8774 7751.4985
18952.5957 13764.6953 12878.3359 3690.6558 1425.7777 11560.3877 9854.8057 16412.6406 7807.6880 15913.3389 11136.7002 11838.3135 6218.9893 3346.9900 197.8560 14871.2871 8381.9795 6166.4907 12990.7197 4863.4888 843.6971 5071.9844 5028.6011 10977.1709 8354.9551 4567.9336 2437.9036 3898.2869 7937.3110 751.1381 14495.5830 10505.6709 11090.0146 6750.4414 15748.3682 11872.6602 3695.5317 14126.0029 2262.5063 4019.5520 11748.2246 7698.1265 15132.4971 10156.9180 1202.7017 6286.2769 15687.9805 6661.2720 7726.1802
18937.6445 13831.9170 12724.4932 3803.6047 1562.4445 11672.5752 9831.2383 16561.0977 7738.4385 16107.5791 11195.1514 11925.5625 6249.1616 3385.3813 187.1634 14980.9492 8456.7646 6180.6372 12943.6465 4786.1079 953.3344 5025.4214 5141.4517 10849.8340 8487.0254 4551.1758 2486.9890 3860.8347 7952.4009 755.6856 14479.1895 10626.4990 11056.8838 6652.2900 15798.1182 11778.2979 3634.4548 13849.6035 2217.5403 4055.2888 11908.5967 7691.7583 15042.6162 10119.3994 1208.8278 6335.5254 15628.8945 6630.2246 7603.2593
19165.0098 13777.0059 12986.7549 3812.8906 2278.2712 11567.4023 9682.4736 16480.3008 7725.5938 16000.1836 11190.9443 11851.5156 6165.8193 3314.1277 187.5142 15057.8311 8392.2676 6131.3784 12917.7090 4833.3613 929.8897 4984.0703 5145.4614 11122.9258 8411.2783 4589.1406 2482.4326 3866.6865 7898.9824 732.0306 14554.8291 10622.4844 11112.7852 6730.4409 15800.5967 11809.8564 3730.9072 14158.8652 2247.3958 4002.5698 11883.9609 7742.6890 15069.0420 10143.6729 1207.9822 6306.6450 15710.1914 6663.6665 7670.7305
19086.7656 13762.0674 12690.7334 3764.8196 2404.7439 11472.4561 9712.5938 16459.3086 7739.7788 15903.2314 11201.0059 12053.2598 6253.8452 3477.6272 183.9737 14907.4141 8450.7402 6259.1426 12941.5225 4825.4595 853.1475 5067.6646 5083.8018 10994.8174 8278.5791 4602.5273 2488.1072 3869.3848 7939.7651 777.5181 14537.0576 10548.8623 11107.1982 6789.8120 15797.0010 11834.5137 3633.9089 13908.2285 2208.4590 3981.0476 11824.2949 7674.8682 15099.9561 10125.9805 1288.0680 6233.9204 15660.9580 6639.0142 7737.8027
19042.9805 13738.5029 12655.8750 3757.3628 1881.0988 11552.1875 9681.8174 16357.3145 7745.7974 15962.4072 11195.2549 11887.2627 6234.6865 3327.1699 182.3033 14871.2764 8432.0508 6128.5298 12844.1211 4851.5513 923.0089 4940.8154 5136.1216 11018.1650 8293.9463 4640.4258 2456.8921 3842.8674 7886.6680 763.9090 14460.1377 10602.0576 11024.8721 6806.6616 15736.1855 11847.0859 3654.6250 14042.9570 2206.4985 3990.0217 11858.8438 7762.8940 15092.6133 10218.5068 1268.8431 6200.4248 15691.5225 6611.8071 7621.6592
18996.2402 13842.1338 12751.6621 3758.8667 1609.6339 11596.2822 9740.9160 16275.2285 7781.2202 15992.5176 11087.6543 11792.6670 6253.6191 3384.4392 201.4121 14919.3418 8388.6982 6219.0244 12965.9980 4758.6304 954.5190 4963.2349 5107.5308 10916.2939 8427.0244 4732.5537 2463.8865 3822.5552 7891.9785 773.9325 14413.9443 10638.8711 11039.8975 6746.7183 15814.2666 11804.6387 3585.5901 13948.8818 2160.7097 4027.5933 11680.4658 7686.8262 15079.1611 10203.8389 1345.8923 6224.1055 15632.2559 6624.5996 7717.4121
18940.7051 13789.0615 12808.1826 3753.2410 1675.8789 11513.3457 9770.5352 16451.0293 7785.3662 15947.0742 11094.3848 11938.8223 6192.7061 3426.4067 196.7487 14760.9551 8484.1299 6207.7168 12929.7520 4830.2285 886.6422 5058.0142 5169.7969 10940.8467 8297.3730 4648.3447 2473.6208 3873.4260 7774.6611 886.2549 14527.6934 10603.2910 11143.5801 6900.1763 15751.5713 11815.6406 3577.2053 13908.7119 2223.6841 3867.2668 11869.2910 7675.0469 14964.7617 10086.2412 1291.5172 6204.1812 15670.0508 6649.0737 7795.0566
18882.9043 13840.9326 12848.4805 3585.1802 1454.0228 11504.3135 9710.7744 16570.3535 7859.8555 15785.2324 11126.9229 11820.9824 6201.7871 3150.1497 195.3203 14855.5312 8370.4189 6040.0898 12931.4141 4820.1123 974.4046 4864.1592 5141.4751 10732.5439 8214.2959 4509.2168 2493.6885 3836.9763 7847.2939 832.8519 14433.8389 10729.0469 10938.8740 6695.6211 15751.2529 11864.9590 3572.4861 13987.6875 2227.8015 3806.2827 11769.2275 7656.1792 15122.4590 10099.3184 1270.3658 6083.0435 15649.3623 6535.5391 7771.9927
19163.7051 13913.2842 12793.0225 3673.4219 1575.2429 11619.9189 9702.5928 16459.3672 7878.4160 15914.6572 11158.2275 11865.9023 6246.0386 3272.4280 187.1784 14797.3867 8416.7256 6132.0840 12940.7373 4817.7129 985.8713 4959.9399 5100.1865 10993.5342 8410.6133 4557.5137 2486.6006 3934.7429 7872.1606 722.0474 14504.2764 10664.3398 11017.5186 6775.8003 15828.3184 11884.0381 3645.7290 14296.4062 2223.6716 3899.9741 11863.3525 7655.4951 15129.0332 10221.7725 1203.6635 6202.9565 15588.3770 6696.6504 7649.5811
18963.9746 13790.8379 12746.5693 3702.5273 1970.0750 11544.1660 9728.7480 16381.7979 7785.8418 15873.7568 11105.6807 11906.0195 6227.2100 3329.3472 185.5500 14931.6865 8351.3945 6209.1455 12936.4180 4771.0371 1088.1906 5004.7163 5056.4482 10941.0420 8359.6094 4650.2197 2478.0862 3851.2827 7946.0820 716.0369 14463.5527 10646.8789 10998.1367 6770.5947 15794.3633 11764.9922 3660.4146 13899.2041 2233.6921 3964.2383 11984.0342 7716.3013 14990.2031 10247.2529 1228.9404 6139.8896 15668.5146 6584.9160 7714.4341
19180.7598 13769.9092 12616.0488 3663.4778 2253.5352 11547.9268 9716.9775 16392.3223 7788.5576 15946.8877 11145.3252 11853.7822 6299.1611 3412.1648 186.3932 14905.7617 8337.5088 6220.2607 12931.8984 4790.2275 974.4535 4982.1387 5061.5288 10758.8281 8399.9775 4617.7764 2461.3054 3812.1611 7824.6387 752.9883 14568.0420 10559.7910 11028.9219 6692.5806 15752.2432 11856.8604 3660.3369 13894.7998 2202.1938 4014.0178 11969.5723 7708.9712 14968.8574 10199.2578 1277.9672 6248.7930 15669.9053 6655.7627 7732.2007
19174.8027 13845.2959 12739.5303 3623.1235 1614.7838 11621.5527 9815.0762 16521.5137 7843.5483 15844.5928 11097.8623 11990.5420 6306.2134 3316.3171 193.3052 14908.5127 8445.3086 6224.0601 12931.1982 4779.9170 861.3434 4900.9839 5067.1719 10793.6152 8350.6953 4707.2319 2460.9497 3851.4536 7863.4526 727.1655 14495.6729 10535.8965 11056.4238 6622.5742 15801.4834 11868.5537 3689.1741 14099.4434 2238.5649 3944.3462 11798.5693 7666.7466 15119.9736 10179.3232 1304.6138 6241.6006 15720.9365 6642.0156 7747.3984
19136.5430 13705.7881 12870.9854 3726.1360 1977.2947 11566.7803 9692.5137 16328.1543 7676.3594 15989.4873 11146.9023 11898.2285 6264.5591 3341.8105 192.9878 15016.6230 8358.1523 6138.9048 12955.0156 4792.9409 923.3596 4971.2236 5133.1577 10918.5908 8417.7568 4526.4272 2486.9683 3844.2742 7991.2212 671.3829 14436.5439 10573.5215 11040.8936 6510.7544 15809.9609 11830.7607 3735.0027 14101.2959 2222.3679 4012.5845 11946.4385 7691.9365 15006.6553 10154.1982 1296.3376 6220.0166 15714.0107 6643.1475 7603.6724
19091.4336 13839.8887 12748.2871 3756.4275 2006.3458 11513.8086 9863.4531 16475.8945 7803.0732 16008.8633 11096.4658 11872.0635 6216.7119 3416.4387 184.4108 14873.1104 8398.5781 6143.2056 12996.4062 4794.1470 863.8047 5060.0039 5158.8999 11123.8877 8421.0684 4590.0210 2491.8198 3881.1990 7935.8540 686.4033 14469.7715 10607.0098 11071.9746 6588.3096 15774.8828 11739.8809 3641.9336 13846.5566 2267.4795 4068.0083 11894.6729 7744.6470 15048.0703 10292.6260 1242.2438 6376.9937 15631.8223 6557.6958 7599.1499
19049.7578 13780.9736 12759.4492 3905.1450 1430.6515 11567.2275 9805.8887 16545.1719 7631.5352 15881.9521 11205.2549 11939.8057 6298.2266 3565.9209 193.7550 15017.2500 8677.6250 6314.4409 12810.1484 4773.4067 789.8402 4975.0747 5145.1812 10999.6113 8463.7422 4781.5977 2391.5732 3833.0134 7856.9023 692.0649 14629.5400 10619.4062 11134.3906 6571.2451 15773.5518 11797.4414 3629.4998 13863.8408 2182.1372 4088.1016 11796.9258 7753.3584 15117.2227 10164.9629 1331.2611 6292.5039 15682.5020 6653.3872 7818.4414
19030.2500 13827.0020 12908.9141 3747.5632 1789.7386 11627.4111 9632.6602 16493.5781 7752.9058 15981.0986 11212.2725 11847.5381 6268.8203 3311.4656 193.0768 15077.1494 8448.8574 6169.7939 12899.1680 4753.5093 888.4714 5046.7178 5057.2485 10956.4756 8355.5322 4632.2617 2463.5713 3829.9187 7998.1855 718.2595 14443.0430 10653.2646 11039.0332 6602.5146 15795.4189 11806.5576 3643.5867 13910.0088 2202.3149 4155.2275 11848.6416 7712.4331 15200.4912 10195.0264 1315.4680 6225.1499 15652.2490 6667.4658 7680.6470
19059.2246 13746.1006 12817.5508 3674.3975 2008.2316 11516.3076 9728.8506 16433.5547 7730.6162 16069.7695 11166.8047 11800.4111 6223.0532 3280.9998 205.0076 14874.3525 8371.8916 6108.7334 12954.4229 4755.2139 915.8816 5091.7144 4983.4551 10919.8018 8359.6553 4558.0283 2483.1765 3826.9297 7911.1729 751.7027 14368.8613 10615.3750 11083.7402 6661.7505 15865.5801 11815.3271 3626.4934 14103.9688 2289.5984 4088.8860 12071.0977 7711.3608 15015.2432 10111.5234 1292.7698 6346.0298 15578.8340 6658.5181 7662.7959
19001.1348 13870.5586 12720.4512 3671.1980 2046.5491 11506.6240 9659.9209 16410.2070 7742.6733 16095.4922 11169.0264 11907.4941 6240.9268 3350.0564 205.3739 14991.7061 8450.1631 6185.2847 12945.3223 4872.6479 896.9122 4981.0210 5013.3789 10903.8047 8517.4453 4548.4048 2488.8828 3881.3208 7817.4634 718.2155 14531.1172 10523.9580 11048.1074 6691.1069 15851.8818 11895.3066 3615.7820 14246.5283 2246.6206 4118.8677 11930.1943 7682.3276 15011.7334 10130.5303 1348.0375 6261.6104 15598.6035 6682.5576 7599.5205
18841.3848 13904.8789 12705.6201 3962.2805 1896.0337 11519.7139 9731.5537 16605.2969 7760.7163 16106.4365 11108.4346 11816.0400 6249.3193 3608.5083 198.6957 14660.8447 8661.5508 6423.3770 12949.7041 4831.2002 965.7256 4902.4990 4958.1191 11185.9512 8329.9238 4838.7373 2458.7529 3787.8086 7817.4268 712.9622 14650.5908 10718.8145 11208.8232 6635.5649 15850.0713 11832.6387 3529.8396 14066.4531 2230.4260 4173.2939 11910.3936 7659.6338 15029.2061 10006.5117 1394.2366 6472.6309 15657.9023 6628.3213 7642.1309
19056.4141 13740.7275 12777.8203 3756.4407 2129.6567 11520.6895 9674.3447 16385.3887 7738.0444 16060.2861 11251.9463 11870.4307 6287.6143 3396.0823 202.2505 15115.3271 8408.4355 6224.5459 12971.7939 4762.6836 952.8707 4994.0332 5120.6123 10882.7656 8380.7510 4622.4990 2512.1370 3836.2749 7993.6362 717.2294 14495.9814 10544.8828 11052.6074 6688.1279 15739.4248 11772.6016 3637.1140 14004.5459 2141.5498 4123.1719 11759.8027 7686.7437 15010.8271 9995.8027 1285.9943 6227.6069 15629.3818 6615.3887 7634.4346
19005.4941 13738.6064 12846.9561 3536.4270 2271.9487 11486.8047 9680.5723 16036.2998 7842.8672 16085.6025 11072.2578 11769.8125 6182.5005 3206.5886 187.8353 14954.5684 8345.5049 5934.2075 12552.7979 4854.0259 1009.3771 4997.8125 5076.2148 10768.5498 8389.5605 4379.6655 2513.9016 3827.0410 8006.7549 727.2043 14375.5244 10637.0420 11039.7490 6760.9346 15842.1807 11869.3438 3626.9387 14311.5566 2250.3225 4107.1465 11758.5664 7692.9844 15135.1572 10143.2207 1299.2761 6098.8979 15585.9551 6755.0752 7565.1250
19083.6973 13833.3223 12854.2412 3640.2644 2213.1096 11615.7510 9838.9736 16612.1816 7788.2920 15997.6299 11228.6006 11930.1016 6160.6802 3155.0198 198.8949 15239.9746 8385.6514 6106.2939 12932.5518 4818.1313 875.4111 4916.6895 5147.2437 10642.8994 8352.3906 4516.0332 2499.1753 3838.3037 7924.9512 783.8854 14510.7734 10580.8027 10886.3018 6723.0659 15801.2383 11810.3613 3669.7773 13899.2881 2210.9138 4009.9976 11764.3398 7687.8550 15205.5078 10178.8662 1263.2219 6239.2290 15722.1133 6613.7466 7776.8169
19062.9219 13773.7158 12714.7588 3536.5698 2622.6611 11537.1396 9759.5342 16534.8770 7952.6055 15947.9727 11193.2266 11924.7822 6248.0723 3134.2515 210.4189 14913.0010 8475.7930 6118.7358 12873.9395 4862.4600 878.0226 5004.2236 5079.7534 10572.3115 8399.2969 4469.7529 2539.9272 3858.5754 7846.7300 857.3423 14475.1543 10469.1533 10969.7949 6769.2129 15801.2529 11834.6445 3532.9707 13846.7754 2198.9241 4039.3525 11774.5068 7737.7144 15106.3369 10169.6123 1291.0911 6199.8867 15643.3066 6641.4624 7780.4717
19201.9902 13783.5879 12607.7109 3810.8596 2559.3403 11604.3760 9829.2119 16459.0352 7732.7983 16119.1436 11065.7061 11816.1357 6290.7676 3478.1770 180.2146 14928.8438 8443.6328 6333.9546 12884.6719 4829.8462 940.0214 4959.1348 5112.0215 11006.1797 8445.5967 4737.9092 2502.8159 3906.2173 7938.9912 726.3017 14512.0518 10630.3184 11191.2021 6644.3530 15783.7783 11833.0020 3619.1553 13974.9404 2148.3005 4284.1689 11718.6797 7731.1743 15116.0986 10121.8828 1247.6909 6245.4536 15732.6123 6716.6968 7721.7007
19025.5098 13988.1338 12712.1963 3939.4885 2372.6528 11545.5713 9942.3271 16483.3438 7702.3286 16150.9062 10973.4863 11869.8701 6313.4409 3488.9426 180.2217 14748.5752 8488.7246 6317.2109 12968.1787 4759.7612 1084.9496 4941.8994 5151.0479 11267.4590 8476.2471 4795.3389 2487.1479 3820.9788 7772.3916 688.6113 14734.9238 10730.6260 11206.2969 6664.7324 15856.8936 11881.3818 3701.7434 13919.6934 2232.9187 4252.5166 11834.7041 7782.0547 15224.2041 10279.4082 1204.1984 6359.0024 15802.0029 6686.4136 7764.0898
