11347.5186 7578.2256 3080.4314 2826.3245 0.0000 14839.1367 5092.4087 7849.4512 7901.0376 21007.4141 12012.6221 10517.1016 4318.8008 8279.6738 484.4320 5493.8628 8301.4697 7277.7466 8065.4688 6853.8428 0.0000 5036.9443 10006.2500 5164.0483 6388.5371 4392.3945 1991.9106 4319.1934 878.1581 1450.8481 11163.6562 12816.7822 10201.7119 7488.2461 17238.8379 17451.5176 6859.6782 19083.6230 5883.7544 4766.6714 793.2151 5341.7080 14076.5205 4259.6128 7335.2817 2960.8027 16829.9043 10332.8848 10778.4297
11418.6035 7790.0615 3108.3870 2896.9175 0.0000 14892.0850 5221.1519 8473.0635 7887.9570 21353.4336 11814.1807 10526.7715 4473.6470 8215.9766 441.1424 5524.4556 8864.7217 7083.3579 8428.9658 7014.0986 0.0000 5096.1792 9867.9541 5222.0210 6506.7285 4749.3638 1969.9629 4349.5952 894.8589 1195.7524 11226.8418 12834.3994 10493.8457 7592.8774 17220.1152 17358.2383 6734.3735 19567.6367 5837.3638 4800.3721 854.8011 5596.2661 14155.9414 4509.7935 6828.9111 3192.9343 16724.0020 10373.4463 10995.3096
11347.6699 6617.6538 3053.5457 2949.7456 0.0000 14983.4990 5124.6050 8312.1777 8021.1646 20596.0176 11910.1523 10339.8291 4400.2676 8836.9443 403.9798 5719.6763 8650.4521 7455.7212 8647.6104 6969.8125 0.0000 4923.0972 9905.1924 5176.9180 6427.1753 4839.9795 1966.5781 4322.5107 857.1822 1290.7058 11247.8574 12632.4131 10443.6963 7461.3389 17183.9219 17433.8262 6929.4570 18992.1582 5805.2026 4587.6489 826.1759 4789.0967 14057.7500 3582.2534 6902.7686 3049.0327 16790.2773 10372.7246 11072.0068
11250.7979 8576.5186 3168.8228 3265.7405 0.0000 14995.6748 5056.5586 9007.5947 7887.3853 20724.0332 11849.1875 10174.9229 4485.1235 8792.2451 437.5715 5661.7227 9355.3193 6916.6016 8548.6436 7124.0801 0.0000 4424.0542 10103.4404 5076.3706 6368.8481 4630.6885 1967.7275 4425.2998 873.5771 1431.9733 11290.0947 12581.1104 10656.6670 7380.3413 17260.4824 17516.5176 6954.1094 19371.8145 5862.1602 4754.5645 833.0749 5620.0410 14039.4619 4386.4746 7153.8618 2993.3323 16733.4082 10364.9258 11089.5205
11205.7451 7129.8828 3113.4055 3315.0400 0.0000 15087.1426 5136.4048 9010.6191 7818.9863 20653.9434 11883.2217 10351.3555 4514.9087 9004.3809 464.9027 5473.4927 8749.2617 9487.7695 9670.7939 7485.6367 0.0000 4726.4263 10155.2246 6383.7637 6319.6377 6374.8960 2262.0593 4573.0869 829.6533 1279.4553 11335.1191 12750.7744 10990.3398 7313.7925 17238.8613 17523.8594 6819.4639 19053.3438 5802.4268 4775.3486 865.6426 5175.9614 14043.4395 3869.3433 7100.0474 3704.9390 16846.6133 10395.3828 10829.5781
11316.1221 8022.0498 3247.7607 3100.4504 0.0000 15102.0879 5215.3203 10301.6748 8001.0571 20812.8887 11852.7051 10378.6816 4842.8745 9672.9883 407.9480 5652.7427 9361.7734 8276.2451 9628.9648 7226.0962 0.0000 4822.1455 9972.0322 5833.5659 6390.0229 5541.9526 2156.9702 4515.3276 894.0420 1312.6462 11598.3057 12752.5625 10765.0850 7517.9531 17252.4062 17465.6367 6930.7861 19126.2969 5876.2334 4779.1167 782.9387 5405.0435 14263.7041 4303.1670 6752.5215 3514.3335 16945.1582 10535.3203 11229.7002
11049.3389 8712.4502 3178.6106 2978.5940 0.0000 14762.1934 5243.9409 10850.8945 7876.5850 21115.6289 11779.2334 10403.9033 5322.0371 9540.5801 348.8995 5382.5225 11126.3037 7607.0059 9684.3926 6904.2910 0.0000 4618.2842 9869.8740 5246.9062 6344.4482 4955.9736 2012.5613 4435.5269 828.4871 1242.7517 11621.9326 12812.0254 11363.5645 7536.9731 17318.6875 17488.7188 6782.0312 18978.9160 5968.5552 4847.3257 767.7217 6119.5674 14351.1387 4518.4727 7082.9380 3042.9910 16949.1055 10730.6143 11237.0020
11216.6055 7046.8560 3072.9844 2869.7505 0.0000 14845.5186 5193.9639 8762.2637 7891.9116 20680.1348 11823.1289 10399.2178 4513.1694 8569.8232 373.3305 5316.3208 8820.3242 7405.1997 8703.4277 6989.0664 0.0000 4882.4521 9811.5889 5032.5703 6394.3193 4838.1250 2008.6698 4401.5098 874.4210 1282.8810 11319.9375 13001.3721 10650.2539 7377.0181 17299.9980 17435.5977 6853.1948 19368.8926 5829.2505 4677.2700 802.3970 5109.8203 14219.2529 3853.1511 7063.7051 3025.0229 16807.0742 10387.8184 10942.3242
11176.1045 6718.3013 2987.7852 2836.7952 0.0000 15178.6885 5177.8662 8362.3350 7708.5723 20456.2852 11825.1914 10349.4580 4251.2437 8393.5137 402.0931 5672.1255 8437.0996 7080.4644 8415.2998 6779.0986 0.0000 4876.4307 10036.3613 4745.4165 6463.7827 4711.4136 1968.8809 4346.5542 895.8101 1209.5497 11150.2266 12818.9346 10208.5459 7274.3818 17197.9238 17277.9844 6960.3872 18951.0898 5859.6016 4612.1494 785.8397 4873.0928 14026.6367 3638.6843 7115.7524 3039.9106 16833.7754 10319.3672 10868.1182
11266.8994 6818.4980 3020.1023 2943.7080 0.0000 14884.1738 5132.4277 8463.7393 7878.6514 20388.2363 11918.8896 10476.5713 4495.2466 8625.0127 449.0193 5486.9341 8490.4199 7217.7275 8507.0996 6822.0088 0.0000 4509.5693 9989.0684 5146.6875 6373.8232 4612.1890 1966.4221 4325.0532 825.2219 1194.6125 11229.5088 12695.6816 10422.3301 7324.9927 17167.7578 17391.0625 6839.9775 19362.4043 5888.4106 4547.7935 799.6205 4877.5308 13977.8438 3714.9475 6832.0742 3019.5706 16786.9941 10411.6592 10580.1123
11439.4307 6796.4243 3038.7651 2852.5754 0.0000 14908.5303 5094.2612 8632.8301 7873.9429 20393.2598 11964.0176 10374.2559 4348.4346 8352.7949 481.9461 5499.5264 8463.6758 7274.1064 8415.6484 6746.5913 0.0000 4573.7485 10000.5918 4818.1704 6348.5063 4559.2524 1986.7473 4329.7881 902.6173 1165.8136 11133.4922 12832.8262 10223.4150 7264.7104 17243.9609 17415.0645 6955.4155 19582.6289 5832.7646 4577.2349 832.2181 4816.3296 14060.2812 3651.8987 6719.5781 2925.3665 16807.1113 10344.6445 10883.6748
11232.0352 8291.6045 3014.2529 3200.5293 0.0000 14922.3252 5175.1475 8656.1221 7915.8057 20616.7051 11975.9150 10574.2725 4376.8569 8318.3428 462.9006 5518.7935 9245.9023 7376.9697 8578.3135 6987.7534 0.0000 4758.5107 9841.4590 5155.9126 6471.3086 4589.8755 2035.2239 4419.9624 899.4897 1204.7504 11274.3564 12678.5586 10415.6797 7368.3848 17216.8750 17497.6016 6819.8398 18860.9395 5828.1426 4618.3403 829.1385 5462.1260 14071.5869 4292.9600 7006.9312 2946.9380 16903.0215 10335.9014 11156.0518
11120.1104 8900.3145 3130.0728 3210.1877 0.0000 14953.5352 5300.3740 8779.3838 7955.5117 21080.7793 11862.1729 10260.2490 4407.0376 8799.6240 450.2343 5771.1821 9098.4941 7172.3193 8546.5332 7074.5747 0.0000 4504.8218 9986.9707 5132.0869 6421.3081 4759.7900 1985.0160 4292.6172 867.0515 1163.8668 11410.5791 12738.6494 10437.3721 7441.0649 17214.5996 17454.2188 6796.6685 19076.8457 5951.6919 4724.1909 812.8666 5663.6230 14183.0420 4458.2837 6852.5996 3399.8782 16977.4258 10313.6729 10942.0176
11351.5635 7047.7510 3183.5107 3047.5613 0.0000 14898.1602 5202.0981 8580.3555 7927.8145 21376.7520 11890.7002 10341.6865 4588.0586 9075.4336 396.5916 5438.5049 8484.6504 7240.9575 8849.9395 7031.1895 0.0000 4153.5835 9976.9932 5224.6191 6409.4604 5006.0693 2040.8494 4380.3306 854.2056 1385.8688 11208.2129 12926.0898 10473.2686 7334.5996 17345.7891 17624.8594 6926.8833 18990.2617 5918.1138 4858.3018 701.5554 4966.3120 14136.4307 3793.3286 7113.7275 3285.3320 16948.2344 10451.2588 10724.3311
11372.7773 6924.3379 3128.8215 2874.8171 0.0000 15065.3379 5150.1743 9779.5498 7835.4536 20544.1797 11928.7002 10238.7422 4518.5679 8979.7627 368.2652 5531.6011 8857.7539 7281.7905 8791.4033 6920.8579 0.0000 4496.8564 10022.1377 4929.7812 6336.8882 4838.3394 2045.2980 4379.3652 719.3434 1312.6619 11489.0898 12812.5967 10640.0781 7413.4458 17342.0566 17420.0625 6799.6084 19330.5020 5813.9995 4687.0010 750.0264 5160.2334 14057.8154 3634.7908 6973.6338 2998.3140 16952.3926 10437.4766 10902.1553
11459.7979 8846.5361 3665.3645 2858.8779 0.0000 15006.1885 5133.3760 9480.2236 7793.9702 20606.7559 11838.1309 10205.1992 4710.7734 9369.1943 387.1519 5535.4219 9970.8379 7323.9897 8763.2285 6852.9971 0.0000 4287.8442 10001.4307 5105.4116 6518.1792 4712.7627 1852.3979 4339.2007 1261.8905 1288.0114 11492.7227 12565.9248 10459.0381 7391.9346 17292.4219 17589.2539 6746.4849 19448.3555 5719.3711 4575.6870 825.2903 5985.9810 14210.0410 4516.5596 6859.7612 2837.4487 16829.1152 10322.1396 10957.9072
11037.1885 7206.8115 3372.5073 3158.1375 0.0000 15091.7822 5148.0684 9545.9287 7833.3418 21052.3867 11816.3691 10449.7803 4540.5405 9477.3721 406.9160 5222.5220 9055.8662 7321.4390 9212.5469 7193.7344 0.0000 4352.3135 10050.9766 5553.6665 6420.5815 4928.2769 2025.1738 4386.9976 1016.3646 2855.2051 11327.7549 12832.9248 10766.1562 7461.5234 17254.1992 17616.8965 7001.2812 19402.5156 5938.2700 4953.3057 811.8370 5166.6714 14163.7881 3890.0339 7194.0093 3208.1541 16927.8906 10472.1377 11043.6426
11526.7812 6902.5835 3166.2834 2975.3406 0.0000 15049.3252 5170.7852 8674.3691 7767.8896 21105.1289 11919.4170 10217.2705 4254.6187 8386.0508 477.3224 5432.3916 8541.2617 7930.3467 8604.0039 6855.8960 0.0000 4187.6616 9892.1855 5445.6982 6506.4546 4884.4282 2020.9918 4391.8003 850.5527 3485.2400 11254.7783 12747.4561 10373.4727 7591.5640 17257.9082 17453.7402 6833.1719 19342.1074 5860.9961 5036.5449 758.3871 4904.4473 14078.7900 3811.6062 7117.6738 3122.2441 16819.5234 10419.5645 10902.8262
11312.8193 6594.3755 3325.5852 2820.7888 0.0000 14895.3857 5096.4658 8075.2407 7923.7119 20715.4199 11794.9033 10431.0176 4046.8845 7732.0747 483.6182 5554.4966 8329.9902 7226.2100 8116.5112 6625.3315 0.0000 4321.4790 9899.0791 5023.9224 6458.0312 4672.6577 1928.0734 4363.5239 899.8188 1088.0677 11099.7188 12577.4053 9902.9150 7500.0044 17185.5488 17485.2520 6851.2783 19310.2324 5845.9214 4641.8403 836.8870 4805.6973 14086.8721 3607.2556 6898.6963 2861.5227 16813.5449 10334.4512 10774.1016
11307.5605 6741.9834 3408.6829 3587.5649 0.0000 14930.2432 5215.3604 8486.6123 7998.8682 20315.6016 11853.5908 10514.0107 5103.5547 11605.6455 402.0474 5634.0942 8367.6768 8751.7510 9839.8066 7195.2124 0.0000 4354.2788 9948.8408 6053.6074 6370.4990 5829.3125 2211.6580 4509.2720 849.4026 1442.1060 11332.5342 12634.4365 10859.7266 7282.1719 17149.9844 17422.3887 6698.5527 19434.5098 5830.9341 4698.4858 821.2832 4824.6265 14105.6035 3584.9526 6922.2695 3923.3037 16781.4082 10568.6826 10747.3711
10857.1250 6715.2603 3196.6633 3049.7632 0.0000 14859.4209 5115.4072 8029.7280 7759.4146 20516.3691 11853.1084 10466.2168 4571.7935 9300.9541 411.5224 5714.5010 8464.6826 7768.3516 8814.0059 6833.2090 0.0000 4177.2734 9856.2266 5310.1885 6406.2734 4929.8521 2085.9111 4448.8530 853.1086 1185.5375 11203.5684 12761.3535 10109.7119 7307.2393 17230.3516 17350.0645 6922.0654 19320.7188 5939.6392 4623.7852 765.0201 4773.9551 14147.3613 3598.5742 6897.5742 3174.1274 16767.0918 10388.3252 10796.8506
11202.8682 6685.1748 3254.3633 2811.8171 0.0000 14789.4863 5095.5083 8036.0117 7888.7388 20414.1172 11790.4561 10413.0527 4288.5205 8103.1802 448.2566 5665.1191 8504.1426 7197.7217 8309.4180 6576.0757 0.0000 4263.4673 9907.1367 4667.4263 6297.2607 4655.3657 1935.4756 4275.1826 879.9840 1303.8186 11177.5723 12687.6455 9920.4521 7221.3994 17044.2012 17314.5254 6935.6670 19451.2363 5836.3193 4616.7598 780.2800 4906.8560 14041.2334 3707.7886 7160.6367 2959.8071 16680.8594 10226.7275 10587.0537
11237.4717 8559.4229 3334.4119 2873.8679 0.0000 14972.9805 5161.7070 8307.7646 7716.8486 20683.4043 11889.0293 10506.5811 4344.5044 8777.6133 508.8887 5789.3022 9501.6279 7346.7993 8393.1221 6804.3218 0.0000 4523.8750 9790.2041 4864.2222 6416.8081 4656.3672 1939.5422 4312.6938 906.8734 1263.9332 11352.2139 12713.5146 10005.9336 7308.8389 17246.5430 17428.4785 6592.9893 19180.1582 5844.3423 4633.2461 781.7033 5683.7695 14246.9854 4357.2534 6925.7246 2958.2505 16819.2539 10318.4424 11072.1592
11288.0957 8525.6309 3287.8208 2862.2576 0.0000 14978.0605 5269.1685 8559.3291 7986.8755 20833.1387 11817.6533 10433.7275 4355.9463 8710.6846 491.8254 5550.5518 9216.8145 7303.6445 8535.0586 6770.8921 0.0000 4665.4263 9959.1621 5112.8589 6311.3633 4594.9541 1956.9155 4366.9702 870.6344 1315.9109 11286.9756 12962.4814 10291.6992 7348.2324 17275.0254 17469.5410 6789.4561 19245.8164 5992.3096 4674.9897 838.0936 5648.3350 14192.5381 4492.7808 6921.6738 2903.3604 16845.7461 10392.3213 10924.8633
11232.8701 8540.0107 3285.4006 2890.7869 0.0000 14739.8945 5168.1499 8798.3174 7989.9116 20528.5645 11744.0420 10348.2705 4496.2998 8553.2207 452.7809 5622.9019 9725.6035 7375.3477 8569.5107 6741.6328 0.0000 5014.2012 10004.5986 5030.2129 6446.5884 4668.2812 1977.3289 4397.8105 845.1573 1289.4060 11346.6582 12861.4932 10186.3320 7632.8281 17203.5508 17439.7520 6971.6279 18815.6270 5962.2974 4621.2920 801.1100 5579.7544 14124.2549 4468.9736 6882.2993 2857.3472 16821.5371 10308.8271 10952.5488
11283.6953 7978.9077 3136.6284 2907.3108 0.0000 15032.5273 5128.2715 8543.0449 7957.6001 21028.4043 11754.3613 10361.6865 4479.2461 8448.6211 382.5614 5510.1309 8998.1504 7338.0439 8573.9814 7397.7378 0.0000 4819.2202 9813.3955 4991.4038 6546.2656 4686.2036 2074.9656 4427.9556 853.3491 1173.1948 11332.1738 12787.3828 10495.7402 7685.8320 17241.7598 17410.4609 6874.1914 19485.4863 5944.7534 4813.0967 777.7855 5596.5605 14174.9658 4519.4399 7112.0732 2911.8948 16760.9590 10426.5996 10952.2256
11245.8525 6955.3398 3430.9614 2906.8167 0.0000 14957.6260 5115.0151 9581.6387 7868.7925 20729.1562 11936.2461 10434.3818 4615.7451 8558.8076 439.2868 5527.5239 8664.5107 7771.7124 8786.8594 6581.0254 0.0000 4842.3237 9945.6836 4947.1655 6302.0156 4779.7397 1968.3921 4347.7524 916.8023 1242.7493 11297.7471 12716.1973 10203.1787 7385.0068 17221.5625 17433.7246 6868.7065 19079.9570 5901.7456 4679.5342 809.0349 5011.3076 14098.2041 3778.4812 6945.9951 2994.5217 16887.7363 10291.3115 10676.5166
11195.5273 7215.2227 3185.5325 2943.6101 0.0000 14947.6104 5119.3730 9144.1650 7952.5151 20608.8828 11963.4287 10400.6084 4648.4570 8921.0342 477.6907 5734.5518 9141.9277 7466.0693 8998.3086 8236.3281 0.0000 4739.9541 10220.5264 5201.9443 6324.1333 4931.8784 2279.4919 4333.4395 921.9165 1087.4491 11448.7363 12740.1641 12336.1494 7357.1235 17288.0098 17585.9238 6843.3115 19291.7910 5747.3706 4794.9292 825.4464 5253.0781 14148.9355 3840.8081 7238.8237 3086.2334 16825.8750 10425.1562 10978.4316
11108.8701 6697.9282 3144.5876 2659.7520 0.0000 14908.6572 5293.9463 7437.2417 7895.3979 20716.0977 11943.6484 10362.4502 4260.4946 8077.5522 407.8131 5482.0815 8343.0068 7411.0000 8041.9756 6583.3179 0.0000 4647.4199 9994.7588 4633.3013 6341.3872 4510.6655 1994.9540 4293.3696 935.1848 1584.5732 11102.0557 12889.2080 9687.3770 7678.5596 17261.5957 17350.2930 6984.9492 19222.0449 5872.4194 4558.5249 797.1713 4787.5493 14127.9062 3531.8896 6983.9443 2735.8333 17032.2324 10305.1494 10720.8594
11346.5713 6917.1943 3157.6958 3857.2156 0.0000 14843.8135 5161.0869 12778.5146 7946.9067 20590.4609 11925.9512 10346.3965 4307.0254 8193.1973 407.6336 5246.1743 8565.4199 7811.6548 10764.8018 7687.3042 0.0000 4485.1704 10083.0781 7033.2651 6373.9941 6984.4985 2133.5364 4633.6509 907.0718 2016.7645 11369.9834 12771.6465 12336.3730 7895.4204 17327.7305 17427.8281 6983.8877 19195.4883 5869.5474 4892.6855 805.6577 4744.2114 14235.2266 3546.6099 7199.4932 5058.5405 16945.8770 10986.8955 10976.2998
11302.0479 7995.0645 3175.2910 3052.3667 0.0000 14876.1758 5190.2783 9146.8604 7966.3301 20759.1426 11916.3760 10385.5547 4414.8394 8770.3262 402.7310 5488.4976 8823.8203 7454.7578 8789.7988 6657.2710 0.0000 4636.2275 9975.2383 5398.9614 6466.4565 4957.6978 2019.9374 4418.8950 883.8949 942.9981 11382.3125 12781.5928 10314.4414 7191.7305 17296.9609 17502.0566 6893.1050 19033.4902 5835.6567 4506.6851 799.4358 5507.3862 14192.1650 4447.1738 6927.5283 3136.8545 16834.1445 10319.4121 10962.6934
11261.5078 7018.9121 3214.5798 2780.8311 0.0000 14979.2354 5217.9546 8522.6885 7867.6104 21109.9746 11899.1865 10199.7061 4464.4224 8496.0244 436.7251 5963.5317 8539.1152 7692.2451 8395.8994 6502.9868 0.0000 4788.5059 9962.0293 4787.0781 6446.7744 4886.1772 1960.4271 4285.9541 911.9383 1379.4574 11256.4658 12763.1709 9860.6104 8085.2485 17203.1758 17471.2285 6891.9590 19592.9727 5869.0796 4902.9380 770.6296 4918.8345 14084.7715 3741.7183 7050.2344 2707.0728 16837.4766 10212.0078 11077.9033
11332.8428 6767.4487 3010.7056 3803.7930 0.0000 14908.3428 5214.6885 8923.2393 7896.3901 20902.5176 11848.5166 10354.8438 4214.0557 8224.1025 474.5049 5566.7388 8501.3662 7659.5469 9914.9180 7623.8687 0.0000 4563.7085 10006.8184 6799.0801 6496.6606 6312.4883 2210.1631 4526.9214 810.0622 1479.0116 11347.2773 12781.2842 12115.7266 8510.1318 17183.6445 17323.5215 7044.9517 19247.6914 5999.2534 5425.9067 853.8765 4894.0142 14077.0635 3719.3633 6884.7842 4796.5967 16829.3496 10764.4336 10905.4863
11661.8398 6711.2085 3189.2129 3016.2451 0.0000 15067.1436 5161.4756 8834.7715 7760.9165 20985.6543 11945.0713 10102.2949 4569.9399 8554.1719 428.4265 5541.3862 8539.3340 7654.7559 8608.2871 6637.1426 0.0000 4883.5654 10057.4883 5205.8120 6468.5586 4761.2715 1956.7365 4288.1411 922.0811 915.9659 11195.9365 12790.7754 10186.1211 7165.9590 17265.1035 17578.3418 6945.9800 18986.8262 5889.2793 4609.9990 914.3376 4825.1206 14023.7627 3642.7366 6985.5430 3082.0918 16854.6543 10260.1299 10878.4443
11395.6670 7755.5449 3246.4207 2959.6345 0.0000 14921.0439 5072.6074 8378.9355 7866.9951 21144.0508 11903.5996 10353.4541 4420.1084 8383.4229 374.5152 5639.1206 8654.9639 7404.8901 8571.4160 7009.6465 0.0000 4819.2886 10030.1357 5216.0015 6343.5254 4491.6362 2142.6897 4460.5513 875.9792 1029.0011 11238.8027 12610.0205 10429.3164 7452.2783 17281.5352 17480.7090 6834.4097 19280.9160 5756.4243 4724.9321 849.1526 5252.4570 13978.9131 4207.2163 6913.4673 2764.2678 16860.3184 10310.0381 10981.7441
11293.9746 6955.5469 3167.0815 2852.8687 0.0000 15109.3828 5146.7617 8250.6201 7724.6567 20330.0723 11874.7236 10557.3740 4393.7607 8445.8857 400.6849 5574.2183 8454.3535 7531.8594 8338.7871 6576.7383 0.0000 4854.6382 10150.4971 4941.5024 6461.3364 4889.6768 1954.6842 4361.9336 926.3263 910.6124 11131.1777 12753.4443 9854.4785 7472.3745 17249.9941 17506.7383 6880.8857 19068.1875 5999.0439 4570.4126 777.2422 4947.0171 14053.9033 3710.7087 6787.8457 2914.2510 16743.6914 10308.7070 10897.9727
11341.1221 7046.9712 3209.1316 4193.7100 0.0000 15007.9268 5049.7700 8682.7959 7884.6812 20544.9785 11837.0977 10366.3203 4652.9038 8856.0840 479.0182 5467.0391 8774.4824 7500.4751 9929.2568 7652.2300 0.0000 4658.5762 9635.2715 7380.9922 6393.1646 5288.5923 2263.8372 4567.8286 869.9090 870.1445 11268.7598 12751.0898 12078.4287 7477.2686 17301.5098 17533.7832 6830.0791 19150.0273 5856.4263 4959.5562 794.8381 4994.4492 13970.4824 3741.8167 6549.5879 4338.2075 16895.6680 10977.8574 10964.9365
11192.7119 9001.2715 3279.8359 3239.4487 0.0000 14990.3662 5162.3740 11432.5332 7903.3301 20496.7109 11932.1104 10313.5547 4680.6030 9337.2529 419.7245 5375.6143 10339.6943 7577.9717 9724.6787 6754.0903 0.0000 4596.6646 10001.6914 5684.9629 6368.3843 5139.6069 2081.6138 4388.5161 848.1826 928.5458 11718.6221 12736.4863 11159.7812 7299.9521 17290.5977 17615.4922 6872.4536 18895.2988 5843.7168 4803.8779 800.5046 5846.1953 14168.4873 4477.2627 6938.6782 3355.2534 16845.9922 10820.0674 11175.2373
11559.4639 8542.5010 3159.1711 2895.7742 0.0000 14996.1289 5182.3721 7873.7158 7613.0884 20508.0312 12010.9385 10336.5742 4343.9751 8115.1558 367.1948 5472.8354 9324.8994 7187.3496 8272.6084 6627.0723 0.0000 4707.3223 9907.3691 4742.4595 6285.9253 4488.5869 2040.4683 4441.7607 869.2280 893.6293 11246.3076 12646.0420 9835.2725 7374.2739 17217.3320 17373.0215 6646.8975 19485.1992 5808.1353 4701.8594 842.6504 5577.7070 14116.0596 4425.2510 6558.4199 2990.8552 16797.6113 10167.8691 10977.7607
11298.7637 6903.1787 3179.0713 3216.0193 0.0000 14896.6553 5124.0396 13668.2305 7870.7632 20600.0684 11960.0615 10295.2705 5580.9653 12347.5869 423.5753 5581.2173 9161.2812 9446.7705 10083.1562 7448.0317 0.0000 4552.8149 9830.0703 5745.4189 6382.6021 5598.8374 2184.8889 4456.4048 914.3566 792.3438 11978.3398 12743.2158 11989.7100 7413.1938 17170.1621 17412.1836 7008.2134 19140.0684 5847.6216 4897.5439 833.5332 5038.2388 14151.1445 3590.8586 6763.6187 3373.2278 16841.6426 10849.1533 10802.9980
11130.0703 8515.2666 2815.1113 2947.3704 0.0000 15049.9521 5155.4819 9035.3838 7983.1035 21170.9570 11922.2471 10471.0996 4584.0884 8970.8965 451.5621 5515.0474 9717.8662 7649.9805 8579.7031 6767.5488 0.0000 4684.6719 10040.4414 5278.3794 6430.9985 5003.0083 1928.4019 4384.1094 689.6364 1083.5361 11364.1816 12796.8477 10146.5010 7373.2134 17233.9102 17456.7051 6794.8887 19074.7637 5867.0034 4729.3521 766.8518 5567.8218 14171.3867 4277.7451 6912.3867 2958.8340 16855.8242 10366.1973 11297.5615
11307.9668 8625.8643 2797.2434 2949.9075 0.0000 15023.6787 5196.9360 8251.9434 7836.4014 21005.5547 11881.0645 10484.0088 4315.4048 8556.5107 414.4979 5445.5093 9036.4756 7417.5000 8411.7988 6643.3633 0.0000 4488.4248 9804.6738 5089.3022 6299.0640 4717.7280 1867.8513 4271.7368 749.3401 1631.1045 11323.9482 12719.2422 9963.5303 7470.3853 17269.1641 17357.8027 6552.3813 19186.5195 5881.3525 4633.4858 924.0927 5792.3428 14202.1289 4565.3936 7269.8379 2869.1990 16727.8926 10284.8213 10992.3975
11346.1064 7867.8755 3029.9963 2947.1804 0.0000 14896.1182 5117.3159 8254.6934 7951.6548 20377.9199 11837.1455 10493.0303 4495.5630 8634.7705 475.9961 5742.0649 9033.3301 7393.0005 8410.3945 6657.8862 0.0000 4552.7939 9906.9746 4844.5884 6351.4678 4941.5386 1982.8492 4242.2710 882.7612 2217.7095 11208.8262 12772.2949 9993.3721 7389.2788 17214.7852 17343.3965 6648.7324 18891.7871 5696.3657 4571.4321 835.4221 5549.7383 14181.2891 4516.9487 7764.8062 3017.6833 16791.8086 10239.5352 11064.3926
11416.6113 8013.4990 3289.3254 3017.0088 0.0000 14902.3701 5054.4355 8830.9717 7953.1235 20491.9082 11806.4287 10387.5107 4545.1743 8789.4980 445.6439 5389.7378 9258.6924 7419.3086 8615.2549 6507.2109 0.0000 4652.9814 10021.6035 5327.6841 6421.1270 4753.6318 2035.6218 4402.8154 906.7397 1556.5605 11291.9932 12772.3672 9945.8252 7363.7349 17177.3809 17429.4707 6807.4111 19422.9316 5860.9619 4599.5776 751.9943 5586.3115 14100.5029 4461.9351 7273.9941 3002.5591 16774.8691 10273.0625 11181.1816
11188.5342 7964.8730 2911.4846 2874.7815 0.0000 14897.1943 5035.6328 8287.8555 7854.2798 21023.5078 11887.7754 10390.8809 4515.5869 8723.5752 398.7397 5491.7339 8952.6299 7427.8545 8495.4023 6617.0381 0.0000 4679.1001 9852.4482 5185.3921 6290.4019 4697.6240 1829.7822 4317.4653 771.8647 829.1616 11302.3193 12741.2803 9968.2461 7479.8198 17120.9453 17283.1582 6871.3477 19216.4707 5810.4648 4722.4248 748.8220 5542.2158 14040.6055 4445.7983 6666.0239 2882.0964 16706.1133 10216.8818 10918.7061
11272.9268 7837.7749 3045.5933 2850.5161 0.0000 14968.8779 5155.0117 7889.3320 7867.1479 20980.9062 11840.4727 10554.3916 4524.7231 8368.6826 407.0276 5604.4917 8904.1133 7313.2930 8262.7422 6446.7729 0.0000 4784.6572 9931.9980 5004.0991 6364.0366 4683.4814 1905.4469 4329.0513 811.1606 1061.6781 11233.5361 12697.8438 9582.3984 7445.5420 17065.2695 17314.1328 6861.5542 18893.9434 5846.2109 4556.5215 705.0122 5582.8047 14059.8740 4509.3091 6869.9033 3028.8516 16761.4355 10095.8076 10896.2822
11341.0273 6870.4224 3270.3682 2904.6157 0.0000 14888.5840 5037.3223 8236.3643 8095.9751 20588.3379 11761.4434 10501.3145 4431.0830 8398.4521 432.4718 5556.8862 8739.5439 7388.4971 8591.6211 8517.5654 0.0000 4864.8774 9971.0752 4905.9248 6477.5640 4715.4214 2257.8538 4428.6821 963.2543 1142.7697 11182.4521 12823.3301 12127.5566 7358.3931 17216.1973 17455.2070 6873.6235 19181.9160 5992.4897 4925.0513 838.8372 4894.1172 14148.1074 3749.4802 7062.1318 2916.4524 16830.5684 10824.0430 10794.5879
11305.7451 7744.0571 3227.9670 2915.4128 0.0000 15126.7412 5187.7485 8312.4082 7908.2290 20587.7773 11872.1025 10364.3340 4532.8989 8514.9238 420.0141 5367.3823 8820.7100 7391.4126 8324.1309 6874.5532 0.0000 4747.1528 10059.5029 5118.9009 6398.5859 4699.8691 2059.6067 4326.2734 902.5334 1265.0348 11303.6670 12623.7500 10069.3359 7393.1978 17094.8652 17360.2051 6855.8599 19647.3789 5819.0132 4625.9380 824.5172 5447.9634 14095.9209 4418.8076 6894.1221 2914.8784 16779.0059 10209.0938 10906.5137
11146.3252 7149.9487 3388.9385 2897.6096 0.0000 14951.8262 5304.9048 8689.5459 7755.8623 21202.1367 11851.5654 10213.0957 4514.1724 8884.4443 445.0848 5495.8877 8812.4092 7514.7051 8762.7764 6429.7290 0.0000 4602.1611 9989.5938 4906.3130 6518.0459 4732.7217 2016.5662 4335.8784 900.9300 1418.5969 11256.4893 12789.9629 9679.1484 7361.1572 17224.5469 17489.2773 6891.2100 19076.6113 5922.7891 4766.7163 788.2665 5065.8384 13967.3789 3805.7495 6873.8892 3026.6477 16802.7285 10212.7734 10896.4600
11203.9150 6552.0840 2900.4739 2810.0103 0.0000 14940.0078 5193.0571 7899.6494 8289.4922 20903.0820 11982.9551 10437.2900 4111.5913 7902.8623 445.7361 5551.8208 8203.3027 7043.4536 8178.2109 8152.6680 0.0000 4706.4375 9874.6562 5150.1465 6478.9243 4559.3584 1871.3813 4471.8467 751.1845 1191.3763 11110.6055 12787.2109 11985.9980 7281.9053 17348.0312 17488.5410 6754.9961 19474.4824 5859.0762 4750.7026 731.0499 4792.3408 14085.8643 3480.7715 6883.6069 2984.6182 16935.5234 10299.1309 10826.5928
11333.1650 6606.4927 3034.9221 2753.0217 0.0000 15130.0547 5091.3188 7942.3071 8048.3950 20788.0215 11930.2617 10500.3398 4309.5190 8463.2090 409.1345 5457.5015 8279.7246 7442.8042 8189.1851 8611.9033 0.0000 4564.5537 10118.0078 5036.8872 6407.3770 4721.1724 1987.1259 4367.2910 890.5806 1149.5691 11108.8945 12953.7041 12243.1699 7377.9907 17222.9844 17491.7988 7115.3320 19032.5586 5866.6860 4783.4268 808.2213 4811.9150 14038.7930 3411.3328 6597.8550 2994.6355 16850.3613 10633.0029 10727.1221
11173.7959 7572.5508 3057.5715 2795.7566 0.0000 14954.9658 5137.0698 7943.3735 7929.7808 21111.1230 11843.2246 10423.6670 4513.3652 8381.8594 501.7959 5526.2231 8881.2334 7255.8159 8242.5293 6812.0659 0.0000 4785.9624 9988.9766 4794.3208 6373.0249 4601.0532 1940.6135 4296.3877 958.0178 1321.0754 11196.9434 12757.7285 9978.7285 7428.2852 17302.8984 17524.9512 6740.5781 19507.5352 5886.6265 4721.4316 875.6818 5526.1084 14084.8711 4225.2695 7136.7236 2979.7905 16737.6914 10330.6973 10913.3125
11261.7119 7748.9209 3076.7202 2807.8589 0.0000 14903.3994 5130.1299 7831.6763 7806.0400 21345.0020 11807.1504 10349.7344 4425.5977 8486.3477 437.1107 5616.2896 8813.1562 7215.3823 8226.5498 6629.4292 0.0000 4768.0200 9835.3037 5199.0640 6386.0654 4610.3711 1921.1860 4397.6069 919.3918 1277.8217 11191.8047 12683.3027 9678.3164 7473.8735 17356.0039 17522.7773 6772.2593 19127.0469 5846.4268 4696.8076 742.8716 5580.5347 14297.6943 4416.0942 6952.5957 2917.6777 17001.4258 10268.9160 10849.2549
11352.6680 7953.9580 3184.4175 2895.8376 0.0000 15021.6045 5232.1528 7889.2275 7858.8442 21140.1055 11942.9834 10319.5547 4518.8447 8583.5801 424.9858 5662.5063 8892.5488 7510.0972 8332.0557 6577.3325 0.0000 4719.1387 10019.3184 4589.5752 6558.1089 4754.2524 1962.7056 4395.2324 938.4842 1229.6780 11326.1816 12742.4248 9740.9873 7515.6460 17336.3457 17603.1816 6804.3706 19102.7539 5846.6514 4655.8735 786.9580 5640.8945 14324.3252 4525.5273 6601.4707 3071.5986 16973.4434 10237.2900 10998.2061
11136.0508 6962.9282 2745.9668 2898.4192 0.0000 15082.1553 5162.2573 8068.0479 7707.1069 20946.7695 11966.7393 10291.1504 4346.4912 8372.0293 407.9660 5687.6250 8523.2568 7470.6274 8353.2090 6484.0249 0.0000 4685.2881 10014.6152 5132.9980 6411.4380 4567.5767 1797.5802 4288.9302 755.8813 1251.9884 11087.9873 12883.7949 9611.0645 7434.9731 17343.2988 17577.3203 6841.3940 18898.3809 5784.2563 4589.6074 897.7411 4926.0430 14100.8379 3752.1306 6898.6426 2993.6633 16878.4922 10173.3828 10958.6230
11314.0811 6761.2666 3130.3860 3187.3120 0.0000 15026.2100 5263.5767 12274.4902 8048.7734 21111.5742 11941.3857 10208.3818 4267.9595 8452.0039 443.8040 5666.9966 8529.5000 7362.3184 10556.4062 7635.1851 0.0000 4668.8184 9857.5312 6283.3799 6410.1699 4717.8115 2352.0242 4849.4468 916.1800 1107.8474 11179.7852 12757.3252 12494.2051 7498.3784 17362.7305 17539.4570 6842.3809 19035.9746 5954.3813 4965.1230 823.9852 4799.6704 14059.7207 3660.9570 7148.9375 2878.8647 16955.9766 10698.3242 10870.4844
11252.8320 6833.0195 3315.5874 2947.3904 0.0000 15041.6465 5107.8149 8808.0459 7949.0918 21039.6602 11803.0928 10435.5127 4389.6597 8446.8633 464.0549 5612.2114 8548.7695 7391.3809 8694.0693 8688.2021 0.0000 4768.7158 9996.3965 5230.2300 6390.1689 4627.4043 2149.8359 4432.6001 932.5021 1164.3650 11180.0938 12827.6865 12525.5879 7436.3452 17263.3027 17440.1992 6894.2964 19167.1113 5825.4448 4880.1938 786.3892 4879.8755 14087.6367 3624.4910 6976.8364 3001.5830 16852.2871 10782.2373 10929.4375
11247.9688 7856.9946 3408.8113 2838.6697 0.0000 14790.4824 5079.7109 8048.1064 7788.5117 20568.4512 11839.0098 10406.2490 4395.3945 8717.8623 442.2260 5701.6343 9007.3223 7338.7476 8316.4688 6699.1597 0.0000 4712.2153 9977.9854 4630.0215 6379.2061 4697.4619 1945.4039 4367.9702 956.7141 1198.2819 11322.4395 12863.2109 9921.5732 7416.9824 17294.4297 17533.6152 6929.4175 19220.9121 5795.6216 4564.9224 805.2016 5458.9238 14137.8535 4427.1572 6989.5762 2994.0491 16824.2266 10216.5898 11004.1123
10887.1006 7628.4189 2987.9050 3019.1382 0.0000 14789.0586 5154.3755 8801.8926 7733.3770 20283.2500 11753.8496 10447.5244 4660.8481 9010.8613 434.4766 5409.9067 9077.6875 7527.4268 8745.5908 6403.7192 0.0000 4699.9092 10170.2393 5305.6797 6322.2480 4940.6836 1997.5193 4405.6768 879.0948 1538.0298 11358.3193 12764.1553 9637.0703 7426.2256 17195.8008 17416.4746 6813.3613 19385.9160 5756.1187 4640.9756 742.0954 5370.4272 14195.0195 3853.0645 7109.6426 3116.0793 16778.7500 10152.8838 10814.0898
11153.8867 6887.8291 3109.5750 2869.0239 0.0000 14795.0664 5176.8936 9006.2227 7748.5972 20823.3340 11923.3125 10365.9512 4510.6079 8664.4424 390.8039 5531.0894 8687.6338 7336.0229 8669.6211 6508.2930 0.0000 4808.8579 9806.2070 4977.5605 6371.8691 4799.3638 2034.4279 4416.6040 843.7095 1599.5719 11230.6357 12628.1777 9910.9482 7445.3066 17242.3164 17426.8203 6775.7852 19639.7715 5733.1499 4767.9844 803.7378 4895.5532 14203.5127 3705.6628 7004.7974 3041.0908 16861.7012 10183.5820 11004.6982
11325.4111 8662.0361 3337.4729 2979.9116 0.0000 14952.2510 5170.1040 10476.1816 8001.7759 20572.9473 11818.5801 10352.6211 6025.2422 10311.4111 381.8755 5611.4185 11414.0537 7820.8164 10074.5254 6686.9087 0.0000 4764.2271 9960.9961 5249.3120 6437.6562 5218.1050 2038.9419 4419.0913 889.1806 1005.8083 11988.8535 12667.3193 10852.2441 7323.1987 17238.9570 17343.2402 6978.2642 19065.2383 5988.0630 4657.4844 807.2787 6390.6138 14285.5918 4332.0483 6861.5288 3261.4353 16764.6621 10582.2910 11295.3945
11081.2100 8645.0479 3335.5352 2884.9419 0.0000 15033.8779 5174.1768 10452.3828 7846.6138 20277.6699 11843.3643 10375.1182 5370.1313 11228.1592 433.1842 5467.2212 11960.6240 7934.0327 9283.6904 6463.2993 0.0000 4702.9033 10058.4502 4754.5737 6395.6401 4882.6309 1953.8264 4307.5435 970.7148 1098.6168 11713.7363 12609.0010 9978.4639 7289.5576 17193.5996 17290.9355 6854.5210 19347.1992 5808.6436 4541.9131 765.4808 6132.4878 14121.1904 4466.6079 6705.5405 2925.1436 16785.5703 10336.9863 11783.1943
11323.9697 7820.2075 3285.3608 2933.2681 0.0000 14876.0674 5108.3203 8455.1826 7897.7383 20671.5449 11905.2598 10366.3896 4458.1567 8881.4238 509.6773 5493.8398 9063.8584 7352.4536 8382.1104 6492.7241 0.0000 4776.9873 10301.6426 4832.7437 6434.1431 4645.3970 1989.0278 4373.7271 1006.0195 971.6370 11219.6836 12816.6982 9761.3564 7314.4775 17082.0742 17360.0879 6972.1133 19245.3945 5720.9341 4536.9888 800.3304 5538.1284 14129.2344 4419.9023 6558.8726 3118.5540 16710.3242 10252.0996 10817.6367
11271.2119 8530.3525 3275.7092 2904.7312 0.0000 15011.4248 5266.7100 8158.1323 7914.0654 20838.1406 11931.1240 10471.5273 4274.7251 9048.3203 393.5983 5363.2476 8871.8125 7531.7378 8309.1982 6602.3936 0.0000 4779.4800 10106.1025 4996.2573 6434.2300 4986.6782 1983.5879 4321.1372 967.3411 1204.1288 11208.3789 12758.7432 9628.1152 7456.7788 17326.1680 17532.3340 6998.4312 19435.5977 5877.2319 4659.0254 804.9519 5454.1147 14150.1953 4336.8271 6898.5767 3070.0217 16969.2598 10187.7119 10835.3916
11415.1709 8119.6792 2781.7878 2859.6736 0.0000 14993.0498 5189.4800 8068.0068 7950.2896 20256.0332 11872.4785 10332.0488 4343.2461 8839.3418 386.7506 5631.5981 8944.2842 7308.6855 8185.5933 6905.9609 0.0000 4703.9058 9909.6670 5065.7466 6485.1021 4432.5034 1967.4534 4371.3408 718.0089 1218.4240 11366.7666 12742.2920 9966.6973 7443.2485 17295.1113 17394.5488 6829.7520 19156.6777 5798.5903 4671.7686 770.5630 5481.7588 14069.1602 4490.5332 7025.5254 2964.7732 16872.1211 10326.5771 10857.8770
11397.4707 7151.3555 3788.5549 3566.8186 0.0000 14887.5508 5099.1963 8250.3057 7762.5596 20757.3066 12004.2314 10364.6348 4435.1870 8259.4824 448.7014 5529.2275 8407.8926 8267.4980 9731.0381 7503.3960 0.0000 4866.2944 9932.2861 6368.4932 6354.1030 7038.5059 2154.9688 4517.4478 1079.0271 619.7117 11304.9170 12731.6660 11259.1631 7281.2393 17205.6953 17373.1895 6813.7744 19025.6875 5901.9883 4828.0205 803.1064 4988.8145 14006.4316 3724.4348 6650.1182 4336.4033 16852.1660 10707.0332 10795.4922
11240.6729 6976.8066 3723.7644 2905.2944 0.0000 14891.2812 5142.0361 8697.0557 7912.0742 21370.7305 11871.6387 10508.3115 4327.1323 9199.2920 401.1797 5887.9868 8640.9521 7680.7407 8457.0654 6671.8896 0.0000 4777.2036 9869.4971 5034.5669 6367.1387 4909.4121 1933.7955 4387.7656 1063.0673 2449.0901 11363.7217 12815.1123 9832.5449 7438.1748 17190.8086 17540.0840 6852.6108 19224.1816 5785.8657 4758.2578 863.8242 4926.9580 14125.3818 3547.4053 7500.4536 3093.1611 16885.4004 10267.8906 10941.1650
11321.4648 7039.8994 2771.9790 2931.7507 0.0000 15041.6865 5235.2432 8948.8428 7763.9424 20975.3770 11854.7803 10487.7578 4642.2285 9235.8125 424.9507 5346.2949 8842.7803 7605.7603 8748.9678 6739.0752 0.0000 4746.0806 9837.8760 4875.3394 6355.9141 4784.2432 1840.1384 4220.3418 714.0024 3580.0171 11353.8623 12852.7373 10031.8438 7514.4878 17291.5215 17499.6172 6830.6709 19692.0273 5894.0933 4750.9224 830.7960 4996.9888 14093.9131 3699.7166 8022.7144 3033.7034 16893.9492 10334.2422 10914.3467
11280.8252 8250.5000 3042.0603 2867.9644 0.0000 15010.9209 5147.6763 8220.4453 7738.5439 20587.4141 11842.1602 10292.7783 4333.9482 8355.4873 396.4628 5443.7549 9073.9717 7282.1050 8444.6797 6672.0903 0.0000 4852.4668 9956.4980 5064.0435 6403.1577 4862.8730 2013.3429 4234.9224 815.1511 493.8441 11249.2246 12696.8369 10080.0742 7291.7388 17137.1016 17438.0195 6957.6284 19436.5898 5870.4907 4551.4438 892.7786 5408.6646 14112.5371 4433.7358 6622.8936 3265.9602 16797.1816 10314.2051 10974.7852
11513.5264 8106.2080 3230.8262 2943.0833 0.0000 14938.6221 5226.6719 8097.7573 7853.5835 20435.0957 11823.9775 10458.2773 4440.6221 8766.7344 411.3481 5408.3354 8848.1680 7495.5127 8367.5049 6624.8926 0.0000 4715.1157 9824.0215 4992.8770 6392.1611 4646.3994 2023.8439 4324.3257 943.0500 1044.6257 11296.0889 12890.1504 9939.2051 7404.4995 17199.1875 17461.4082 6783.1890 19276.5898 6005.9463 4552.6846 820.8511 5569.8076 14169.1709 4495.3696 6896.2573 3134.8914 16856.4531 10392.4170 10919.7168
11221.7598 7106.7065 3226.6897 3001.5720 0.0000 14817.1455 5116.9062 8578.9414 7991.5146 20456.6953 11871.7969 10351.5068 4403.4380 8703.3955 485.1695 5422.3574 8767.5625 7310.5713 8673.5645 6545.1895 0.0000 4545.9346 9865.7666 4819.0063 6356.3350 4932.0620 2011.4548 4329.4580 906.0256 1013.3132 11184.7988 12823.4795 10007.8018 7422.4790 17169.6680 17373.4219 6830.9468 19134.7793 5897.1846 4584.2002 779.6786 5048.1782 14047.9873 3807.2981 6974.6289 3168.5862 16849.3906 10256.3574 10865.9912
11310.0254 7028.8677 3425.5916 2952.7327 0.0000 14872.7393 5203.4927 8721.4121 7768.3130 20598.8750 11961.9570 10384.9014 4427.9590 8687.0586 474.3344 5546.2666 8642.2627 7549.0532 8607.9189 6551.6079 0.0000 4584.6631 9835.8506 5109.1396 6377.9629 5261.9331 1985.1736 4299.3638 955.6223 740.5565 11248.2021 12755.4375 10158.1143 7423.9038 17244.2832 17387.9160 7061.9565 19147.8379 5800.3628 4592.3662 879.5695 4897.4653 14162.9805 3708.8313 6532.5337 3293.6506 16924.9062 10317.2676 10888.3203
11314.3018 7113.4873 2944.8550 2938.6494 0.0000 15058.2910 5289.1289 9269.4854 7857.8662 20627.6504 11916.0693 10487.9141 4668.4043 8561.2051 417.9166 5485.0366 8736.7656 7727.7979 8767.7852 6718.3545 0.0000 4836.3252 9941.1367 5163.4536 6383.0679 5060.6265 1923.5529 4241.4321 739.9612 1470.1343 11368.4824 12721.7148 10206.4580 7457.3906 17226.7051 17469.7051 6954.3198 19310.0801 5751.2441 4592.3657 769.3904 4979.2280 14164.6152 3675.7336 7340.8306 3169.1082 16764.8418 10315.1270 10715.9697
11333.9570 7208.2012 3238.7065 2984.2305 0.0000 14869.9141 5173.7915 8490.1855 7750.4346 20570.5449 11795.1914 10446.7422 4624.3594 8898.1279 433.7239 5594.5654 8751.7725 7727.5098 8615.3525 6479.4692 0.0000 4519.5566 10011.2324 5244.3657 6441.3633 4931.4048 1961.7573 4269.9893 849.1616 2175.2307 11388.6846 12757.5449 9743.5781 7461.5791 17277.5469 17541.8125 6851.9512 19584.0684 5833.2520 4554.5679 772.6273 4970.9741 14110.4541 3720.2241 8024.8823 3181.0754 16885.1992 10238.6934 11039.2988
11395.2910 7185.8384 2864.8936 2940.6357 0.0000 14863.9824 5197.5444 8573.6768 8085.7495 20735.9707 11897.0273 10324.9609 4468.7671 8887.1504 475.3754 5475.2939 8991.7451 7392.6660 8609.6992 8729.8770 0.0000 4311.8076 9777.0000 4991.4575 6428.2534 4730.7637 2164.5437 4465.6934 774.1210 523.8645 11286.6719 12781.7705 12488.0898 7519.2979 17309.9277 17494.0020 6735.1904 19420.7227 5768.7261 4886.2080 842.2448 4965.6084 14055.7764 3842.0723 6521.3687 3026.0698 16820.4434 10949.3291 10994.0625
11471.5889 6951.9585 3025.7915 2983.1880 0.0000 14967.8857 5144.3057 8899.0820 7847.6152 20726.4570 11817.4160 10459.6523 4363.4512 8485.5850 399.5633 5386.9575 8435.4893 7306.4209 8521.0234 6838.2168 0.0000 4207.3828 9867.2568 4871.9746 6448.0693 4824.7612 1984.2019 4301.1709 852.9988 1291.5483 11223.7422 12710.4941 10075.5674 7438.9497 17201.0957 17376.5156 6790.0063 19451.0996 5986.8765 4640.1602 840.3911 4843.7095 14085.6162 3707.4563 6911.4858 3021.8303 16842.6504 10372.8975 10802.2656
11216.8994 6684.8062 3347.9131 4273.8379 0.0000 14803.5254 5096.5747 11384.6934 7875.2549 21067.9375 11972.6162 10237.0732 4242.3408 8170.2168 362.5345 5715.7886 8398.7393 7723.5176 10343.0820 7758.3657 0.0000 4568.3169 9912.0312 7619.8320 6327.9121 4810.8916 2300.7366 4627.1201 938.9878 2687.1121 11251.6416 12733.8154 12386.8721 7597.9644 17068.0117 17260.3125 6801.2686 18716.1621 5815.2847 5247.6318 816.4677 4793.9863 14063.5107 3603.4338 6973.9829 3568.8555 16838.0859 10707.7393 10721.8691
11126.5762 7886.7622 3185.7434 3156.9783 0.0000 15112.6367 5162.1396 8449.7568 7895.4082 21180.8145 11872.1719 10313.1182 4399.1328 8539.8086 451.2674 5646.4160 8814.5811 7574.0020 8649.8877 6781.2715 0.0000 4390.6260 10066.0479 5129.6040 6410.1377 4818.9106 2038.9131 4382.9775 904.5663 2015.7457 11298.7627 12648.0801 10330.4785 7678.0181 17190.7559 17412.9258 6987.5356 18790.2363 5918.4062 4862.6890 776.8013 5520.6753 14248.3271 4435.5625 6552.8130 3079.7439 16876.4355 10399.7939 10933.3945
11381.2002 8599.3418 3204.8972 2928.7603 0.0000 14895.4863 5123.8955 8285.2764 7870.5400 20548.6445 11905.4307 10388.9639 4540.8086 8702.8213 455.9759 5567.6060 9129.2998 7348.4790 8418.1367 6785.9805 0.0000 4348.3369 9968.7539 5196.0103 6481.5366 4784.0923 1999.7933 4334.2939 876.9072 559.5968 11370.8936 12670.3818 10152.5449 7441.3447 17263.5332 17516.8535 6733.7402 18458.5879 5865.9062 4622.7202 824.5756 5717.7358 14194.6045 4638.1401 6531.0654 3106.2764 16889.3691 10301.9775 10993.9365
11213.7607 6916.6538 3284.0117 2960.2502 0.0000 14877.6885 5122.5835 8955.7031 7954.5889 20524.8984 11784.2168 10363.2139 4348.6943 8590.1406 437.8256 5341.0684 8666.9531 7528.4590 8642.6387 6783.3682 0.0000 4466.0977 9970.8438 5189.7627 6358.4727 5292.7139 2039.0745 4396.7515 951.3954 1380.4139 11232.0654 12663.4307 10214.3857 7513.4517 17289.1953 17482.2852 6856.3169 19410.0977 6037.2773 4669.9980 830.7363 4997.0327 14095.2773 3746.4871 6959.3008 3427.4456 16786.9258 10336.6982 10825.0801
11202.8369 8391.0332 2869.6772 2860.2383 0.0000 14984.7910 5210.2080 8344.5869 7885.6665 20527.4727 11877.4404 10258.6504 4439.3198 8845.8057 437.8882 5584.6880 8906.1855 7528.2085 8382.3389 6871.5776 0.0000 4433.5352 9802.0840 4909.3315 6530.7808 4717.9121 1881.0315 4384.7979 732.1352 1565.9698 11280.6670 12878.6172 10179.3711 7486.3696 17222.7246 17458.2871 6901.2495 19762.5742 5990.5957 4559.2329 812.9643 5584.4785 14187.1279 4444.1206 7127.2852 3128.2773 16835.4082 10257.5371 11068.4502
11294.8926 7221.9829 3116.8982 2910.3704 0.0000 15069.3389 5126.6953 8625.2295 7822.8638 20429.1113 11757.1221 10331.6826 4461.8306 8792.0918 413.9807 5477.6792 8813.3750 7568.1011 8615.2139 6764.9263 0.0000 4676.6392 9919.0508 5125.7695 6552.4307 5431.6221 1914.6661 4318.1763 844.7192 929.5302 11240.7412 12896.1064 10362.9365 7331.6001 17187.6914 17393.3984 7085.5112 19036.4707 5929.2827 4611.2876 782.5530 4997.9517 13980.9268 3791.4854 6629.5420 3430.2053 16748.3066 10263.9219 10862.5996
11360.7305 7063.6475 3398.5139 2953.9036 0.0000 15026.8857 5192.2886 9594.3066 7881.7881 20516.5918 11969.6807 10269.8809 4648.7183 9210.0996 416.1760 5623.6504 8881.1387 7793.5532 8742.5918 6697.7046 0.0000 5183.3706 10009.6172 5018.1738 6390.8335 4972.7490 1999.1522 4273.4224 913.1450 991.7064 11323.6113 12789.9697 10256.5586 7271.4355 17244.6914 17577.2734 6947.2329 19722.7383 5901.9883 4547.8472 804.4791 5128.7285 14018.7461 3831.8655 7022.6201 3174.8677 16775.4414 10373.3232 10963.2764
11206.6299 6745.0459 3321.1350 3201.0674 0.0000 14974.2998 5118.3564 8572.8652 8054.3237 20694.5352 11822.7842 10428.1562 4065.3955 7901.2544 461.6339 5585.8203 8239.9736 7062.4004 9607.3330 7878.0493 0.0000 4884.7651 9828.5596 5761.1514 6356.8032 4730.5986 2387.3042 4695.9858 920.8612 965.9581 11169.4629 12887.9004 12578.0713 7433.1499 17267.7578 17425.7715 6788.2485 18773.8906 5844.6782 4974.5381 881.6794 4723.8105 14041.8086 3598.7368 6848.3330 3076.0720 16916.7227 10902.3525 10772.1113
11222.9805 8818.0996 3236.9265 3250.7944 0.0000 14855.3779 5122.4170 11555.6709 7901.3501 20634.6816 11779.8105 10387.5605 4752.5596 11002.6875 452.7412 5656.9941 10371.1279 8436.2002 9938.3418 7349.4829 0.0000 4304.5625 10050.1885 5915.1074 6382.6133 5466.2480 2131.4517 4455.5527 862.4049 1031.7793 11855.0957 12685.3086 11711.6562 7543.8535 17299.3926 17440.8867 6568.0103 19177.1113 5891.7373 4928.1611 778.8874 6008.6362 14070.2100 4651.3892 6539.5332 3258.1836 16848.8145 10868.7598 11242.5107
11296.3096 8390.9590 3347.0269 2968.3318 0.0000 14986.7109 5263.0977 8527.1758 8053.5537 20605.9258 11956.4033 10328.6631 4490.7080 8958.7930 390.3849 5464.0513 9213.2305 7454.9814 8523.8096 6901.5728 0.0000 4128.9673 9923.4570 5010.0498 6433.5630 4804.2031 2023.9564 4370.9761 896.6787 1461.2863 11292.3438 12753.6426 10399.3369 7401.4146 17195.2285 17454.1934 6840.6704 19058.9746 5905.3242 4666.6006 795.7344 5696.7690 14103.0107 4611.5547 6930.2007 3040.0825 16739.8809 10365.1377 11115.3135
11121.2100 6937.4712 3313.9778 3034.8521 0.0000 15062.3662 5188.5649 8349.4434 7888.7417 20446.7129 11852.2178 10373.2373 4444.4985 8457.9551 459.4565 5737.5723 8634.9619 7269.0112 8402.8135 6754.8076 0.0000 4275.9492 10039.7285 5165.8550 6371.9409 4724.9673 2003.7860 4268.1094 978.3785 1666.9316 11090.8984 12728.7393 10121.3086 7419.2207 17354.2891 17539.2363 6875.3477 19551.9180 5911.0254 4638.5986 779.9318 5032.4971 14212.4238 3743.8213 7329.9312 3242.7085 16891.6133 10281.6172 10723.8018
11274.7783 6966.5581 2842.2500 3725.2935 0.0000 15046.0586 5014.5620 11631.1143 7749.2769 20606.2695 11907.2686 10401.5156 4443.8325 8714.1221 433.3006 5630.7939 8745.4170 7340.3579 10592.1250 8097.6104 0.0000 4632.3052 10036.7734 7355.9956 6401.0171 4825.0288 2396.8069 4763.3618 783.5117 815.0934 11291.1846 12569.3467 12945.0156 7360.3945 17253.6387 17505.2637 6968.7988 19142.1816 5969.9741 4911.5654 916.9323 5034.2471 14093.3770 3795.0022 6972.1895 3229.0603 16867.3066 10773.6689 10934.8301
11320.9355 7312.3892 3060.7290 3214.8889 0.0000 15067.6553 5190.3706 9326.7158 8089.8838 21778.9453 11760.3252 10402.9727 4439.8267 8466.4756 427.9810 5562.8257 8716.6426 7361.5967 8997.1182 7118.8506 0.0000 4333.5146 10087.4854 5830.4902 6450.4941 4902.0869 2037.7340 4506.0254 821.6642 973.8188 11423.4912 12914.2871 10767.4355 7549.0703 17295.7656 17590.1465 6755.8115 19569.6973 5783.8198 4825.4482 832.6829 5035.3618 14205.9551 3885.4111 6795.5381 3072.9492 16948.4648 10570.5107 10992.0684
11046.3418 7400.1992 3358.8191 2801.4919 0.0000 14860.7744 5112.7954 8395.9072 7912.3228 21735.4492 11919.6162 10387.1963 4749.5474 8572.1982 430.6590 5436.7764 8995.6475 7643.0020 8456.6143 6735.4116 0.0000 4828.1528 10002.6895 4984.4600 6450.3896 4966.6011 1909.8231 4436.1006 916.4395 2446.3079 11344.6025 12715.0664 10073.8643 7665.2495 17361.2109 17532.1562 6753.2183 19033.4395 5780.9072 4841.9365 811.4162 5033.7646 14125.1992 3676.6104 7870.2388 3106.9912 16865.3027 10386.9727 10841.0566
11368.2900 8080.4141 3352.3362 2950.4858 0.0000 14912.6943 5162.6431 8453.7529 7764.2715 20862.3066 11992.6465 10455.0869 4402.0898 8682.1797 431.0750 5609.7798 8961.7324 7338.2949 8548.2969 6909.6733 0.0000 4704.4751 10003.2461 5219.9214 6417.4336 4788.3066 1959.1622 4374.9028 855.5852 4048.6257 11285.4863 12655.5596 10349.2295 7574.5420 17274.1387 17404.2383 6894.9043 18634.1387 5916.7539 4976.1855 811.0167 5672.3008 14134.3145 4582.7002 8372.8779 3067.1370 16886.0879 10454.0273 10788.1074
11269.1162 7007.3818 3175.0461 3085.4255 0.0000 14893.0166 5058.2090 8437.1094 7793.4453 21517.1387 11759.0020 10506.8711 4419.5190 8519.9062 442.2554 5533.3193 8646.6670 7247.0151 8577.1865 6805.2661 0.0000 4213.5176 10186.0225 5327.0693 6357.4102 4859.0103 2021.1672 4375.9458 856.8605 2114.2224 11128.6982 12828.8408 10161.6562 7611.5137 17240.4570 17394.9629 6969.9624 19485.2969 5806.3394 5149.5845 790.4727 5061.9946 14066.0654 3865.6899 6762.0361 3161.9321 16888.9258 10352.4453 10796.2041
11388.0117 6936.5029 3148.0813 3000.6880 0.0000 14907.8975 5165.6289 9080.7607 7815.2305 20577.6328 12114.2979 10356.9746 4471.9473 8456.7490 386.7929 5516.6621 8535.4600 7438.6401 8847.2363 6800.3896 0.0000 4489.7671 9902.4258 5125.3823 6379.1782 4867.7905 1970.6354 4415.5972 887.6591 870.5920 11212.9170 12811.9971 10197.7520 7292.9766 17277.9199 17431.5176 6753.1929 18974.9785 5873.9863 4519.4248 823.7988 4944.0312 13981.5391 3729.4841 6926.6143 3205.8127 16734.6211 10276.6162 10898.9072
11197.0352 6992.3525 3063.2532 2938.5881 0.0000 15015.1396 5143.2710 9099.1846 7856.9077 20541.2988 11799.1260 10388.7510 4553.1304 8962.0781 430.1521 5634.1885 8811.9932 7601.5664 8762.7061 6816.0317 0.0000 4277.7212 9902.2988 5004.7905 6291.3794 5201.3745 1928.3875 4339.5083 868.4307 910.6796 11218.2725 12815.9941 10560.1064 7431.6406 17188.8145 17438.2812 6860.0371 19192.5059 5809.8755 4640.8374 705.7112 5022.4150 14114.0850 3755.5349 6957.0039 3128.1257 16744.8574 10345.1973 10848.0166
11199.8721 7524.4268 3153.1438 2997.8018 0.0000 15039.9766 5116.4292 9327.0986 7861.5137 20796.4043 11934.2979 10281.6885 4796.5562 9414.1699 456.4323 5522.3105 9171.9541 7740.2119 8989.5430 6949.7012 0.0000 4450.7983 10071.2207 5020.8247 6298.1533 4849.3716 1956.8475 4361.3364 861.4829 995.8899 11463.9873 12635.7676 10593.9941 7447.4585 17182.4707 17443.8789 6893.7407 19391.6348 5746.3062 4718.0015 775.8828 5228.3354 14168.4307 3819.2002 6982.3921 3157.7419 16838.0176 10367.2021 10765.1816
11327.2949 7320.2324 2969.9883 2908.0928 0.0000 15001.9707 5112.9043 8229.4248 7858.0938 20811.5332 11940.5107 10371.6152 4603.2764 8502.4785 406.6619 5355.0630 8728.1738 7802.0415 8441.1621 6796.1475 0.0000 4767.7588 10017.4629 4910.0400 6318.6475 4823.1665 1970.1479 4327.5474 896.3916 903.5109 11311.9648 12890.8066 10000.7070 7329.3638 17281.7246 17410.4512 6791.3481 19196.4277 5940.8447 4620.6040 733.3516 4968.5288 14194.5498 3706.6306 6982.9316 3192.7280 16748.2383 10382.3779 10906.0674
11292.6416 6753.3066 3107.3701 2863.9043 0.0000 14953.5488 5264.7739 8407.2324 7838.6436 20777.7012 11809.5283 10504.5244 4396.6001 8393.1104 415.2224 5644.1118 8406.7529 7568.4116 8424.9355 6906.2363 0.0000 4898.2490 9910.6055 5036.2856 6357.8911 4951.2065 1960.0918 4293.5088 909.6691 998.6290 11191.6074 12826.7285 10427.0635 7381.9741 17173.2637 17426.9590 6912.7769 19045.9023 5841.4355 4676.4849 799.9512 4877.5166 14116.1973 3616.8308 6605.6006 3095.3020 16785.1816 10299.3564 10761.5127
11213.6348 7892.5181 3252.6084 2853.0757 0.0000 14896.9346 5169.7363 8317.9844 8010.4600 20905.8867 11837.1289 10256.4189 4507.5479 8664.0713 489.0404 5691.9863 9462.1943 7546.0796 8472.8242 6974.8066 0.0000 4417.7812 10007.6768 5174.1206 6429.0215 4825.0229 2011.1896 4357.9473 908.5158 996.7817 11307.5205 12812.6211 10328.0459 7457.8340 17235.2246 17534.9590 6951.2466 19439.5215 6039.8003 4701.5605 836.8324 5526.7080 14141.7070 4278.4746 6699.6592 3018.7046 16859.2754 10356.8857 11165.9043
11366.8516 8475.9443 3123.1389 2916.1155 0.0000 14866.6016 5165.2178 8665.2354 7881.4277 20553.3223 11832.7354 10486.8301 4644.1787 9212.6201 433.7893 5710.7915 9545.6738 7479.4648 8661.4443 6952.4229 0.0000 5083.3135 9882.4111 5094.9619 6508.6123 4978.3599 2062.6687 4388.0444 890.2019 1104.9062 11400.5010 12489.8252 10300.9648 7462.7861 17187.1445 17428.8027 6901.0215 19375.7188 5826.7007 4652.8418 779.5839 5815.6470 14182.4014 4496.6299 6862.2681 3170.6772 16888.3145 10295.0078 11334.9531
11308.8926 8056.5679 3124.0144 2956.9988 0.0000 14920.4863 5241.5620 8341.4385 7916.3896 20240.4297 11880.0977 10355.1211 4451.3599 8707.4150 384.4630 5309.7622 9030.4707 7410.9175 8641.8057 7142.4146 0.0000 5743.1685 9884.1738 5046.8120 6466.3770 4802.9409 2071.1240 4375.1328 929.6363 1155.7709 11356.2188 12869.5244 10426.0176 7372.0303 17227.0332 17420.4375 6775.5474 19120.9629 5716.5684 4588.2251 779.7656 5677.8574 14162.1582 4612.8589 6916.5986 2999.5547 16894.1113 10353.8350 10937.5625
