7823.2993 21966.2910 16784.2109 7772.2427 3690.0566 10320.3994 8555.1221 17553.3496 5074.9741 10648.4951 12923.0596 17679.9941 4209.4077 6083.6929 0.0000 13498.9492 13145.5967 7541.5952 13944.9824 6538.5186 0.0000 902.0625 3787.7991 10086.7646 2960.5908 5672.6562 4723.4556 3878.2271 12066.4590 241.6761 14822.9365 10882.9082 10007.8906 3110.3352 16031.6240 12429.3232 1198.9589 14484.9785 267.0830 3416.9319 15789.2900 10967.4268 14243.3242 12669.5498 1509.5956 8609.3818 13752.7471 6178.6377 13697.6133
7782.4639 21962.2852 16825.9902 7740.0723 3832.2068 10270.0488 8482.2588 17493.7949 5108.9019 10799.7695 12808.7539 17537.7754 4177.9893 6141.1494 0.0000 13147.5381 12993.9854 7574.6128 13950.5156 6589.3472 0.0000 897.0507 3645.9658 10108.2842 2831.4773 5627.2485 4693.8057 3832.2148 11974.7979 318.8143 14724.7451 10832.2412 9936.6338 3106.8796 15957.4297 12386.5195 1176.0675 14490.1582 267.4779 3467.5764 15588.5479 10934.7334 14090.5430 12713.2197 1550.5781 8553.9766 13761.2881 6169.2412 13734.1074
7706.5601 21921.2246 16840.3008 7769.4551 3810.7485 10278.8047 8466.0244 17603.5215 5165.6938 10432.2021 12927.3291 17773.9395 4179.2949 6152.5825 0.0000 12992.0840 13115.6338 7609.8721 14001.4697 6565.1841 0.0000 891.4544 3565.4304 10139.5459 2887.0210 5623.3447 4677.3154 3838.8384 11962.6455 274.2794 14825.9209 10883.9053 10026.9033 3056.1506 15963.2266 12419.7725 1059.8353 14567.3271 244.1896 3381.8325 15674.4541 10914.0273 14220.4824 12707.2236 1585.6039 8457.9775 13716.3682 6219.6318 13750.9121
7997.2026 21973.9023 16797.9551 7785.6143 3809.8474 10296.9678 8498.1064 17427.7539 5163.5205 10533.2344 12859.8711 17584.0645 4185.2124 6083.7603 0.0000 13336.2275 13106.1758 7565.0259 13940.8418 6576.4082 0.0000 891.0593 3634.2405 10347.7529 2899.3525 5635.1172 4673.2529 3839.4919 11982.5615 296.8283 14731.5527 10958.7207 9971.8994 3013.2698 16021.4238 12341.2773 1117.1865 14451.7861 251.8021 3367.4851 15599.5947 10913.1885 14177.2217 12683.4375 1465.3472 8396.6621 13723.9248 6177.8545 13683.7148
7672.5933 21977.9238 16835.8203 7770.5586 3734.9346 10246.9014 8496.2451 17552.7500 5164.5688 10735.1543 12858.5674 17739.9531 4186.9619 6068.2065 0.0000 13413.8535 13133.4248 7492.8145 13963.3623 6545.5649 0.0000 902.6783 3548.9326 10188.6172 2831.8618 5611.7822 4675.8135 3865.7659 11897.0869 316.8361 14739.7998 10871.1592 10031.3379 2956.9236 15932.3896 12383.1846 1080.0320 14524.0000 249.4772 3483.7749 15451.5186 10922.3438 14169.9648 12717.2002 1571.9429 8555.7021 13772.9863 6146.3071 13610.3711
7599.6963 21990.9844 16824.4766 7782.1772 3763.0137 10222.6562 8447.4883 17545.6738 5136.1533 10805.9805 12802.4951 17584.3145 4240.0503 6134.7505 0.0000 13460.7969 13143.4404 7537.8872 13945.4004 6506.2168 0.0000 901.2100 3755.7549 10171.9717 2922.2017 5607.7231 4694.5112 3817.0449 11890.0068 301.3838 14833.8389 10808.1729 10034.8936 3012.6628 15987.6748 12379.5293 1113.8014 14721.9980 256.6198 3503.4253 15392.6348 10955.6367 14203.2920 12785.0137 1678.6060 8611.3770 13691.7178 6176.8335 13647.5557
7845.5181 21937.9336 16775.0410 7791.7812 3817.2417 10265.4961 8570.3740 17520.8203 5123.5747 11077.1973 12887.2080 17652.7949 4252.9253 6017.1992 0.0000 13188.5625 13129.3701 7550.2378 13971.8203 6577.0195 0.0000 896.1815 3615.9026 10259.0127 2918.2273 5650.1104 4683.3999 3836.8423 11996.6436 333.3532 14800.7246 10851.0068 10022.6875 3064.2424 16030.7695 12385.7188 1076.0160 14607.4707 251.8455 3533.5156 15723.8838 10939.6172 14231.9990 12719.3369 1637.7361 8524.9238 13698.7607 6182.2979 13679.7334
7671.5986 21971.6777 16647.4766 7779.0762 3844.1755 10291.9805 8532.9375 17691.6309 5228.5708 11206.8730 12844.6309 17566.3145 4218.2441 6002.1450 0.0000 12991.2119 13078.6816 7614.7373 13961.0439 6578.0605 0.0000 899.6487 3688.6301 10273.0615 2938.1499 5660.4873 4646.4375 3858.7803 11884.2070 354.7972 14821.6211 10835.2988 10018.3867 3074.6636 15966.3916 12448.2031 1139.5317 14420.7002 230.5665 3569.5581 15622.2432 10917.1084 14214.1387 12703.4023 1579.4230 8492.7002 13743.5840 6193.1299 13578.8828
7898.2583 21870.9648 16713.4238 7792.2832 3958.0198 10228.7080 8520.7705 17514.2988 5189.9609 10967.2490 12905.1104 17781.9355 4148.8301 6104.9600 0.0000 13302.1074 13085.7598 7489.9390 13964.4834 6594.4810 0.0000 905.6182 3731.5359 10147.0010 2940.1130 5651.1958 4683.7559 3868.5669 11864.3164 345.2092 14847.1377 10857.4580 10029.1475 3088.3384 15915.2891 12365.2051 1096.5825 14343.2021 276.9737 3537.2151 15493.9814 10899.3809 14214.1504 12701.4482 1570.6649 8525.6836 13798.2002 6227.3223 13799.0947
8068.4697 21989.8184 16794.9414 7850.4258 3730.1733 10310.7188 8496.0928 17544.1406 5129.4707 11033.1855 12897.0811 17702.6641 4193.9131 6096.5137 0.0000 13355.3652 13101.8525 7612.2905 13922.0312 6566.9453 0.0000 895.7781 3724.8674 10234.3516 2871.6248 5569.1577 4674.3286 3821.1819 11963.5312 339.2934 14693.4404 10922.5264 9988.0723 3058.2651 15935.0186 12419.7402 1194.6500 14709.7666 269.3820 3549.1284 15768.3604 10957.3770 14135.2695 12683.0361 1605.0251 8540.7900 13767.5889 6196.3179 13695.8320
7805.9805 22126.1973 16852.5898 7800.4668 3764.6814 10245.9863 8530.5684 17613.3809 5104.8066 10956.5811 12897.9365 17724.3262 4267.4961 6070.6553 0.0000 13305.7051 13151.7295 7559.2280 13986.3730 6545.2485 0.0000 888.0408 3767.0996 9905.6797 2894.7410 5576.5562 4694.2339 3789.9539 11957.9619 339.6830 14811.6475 10833.4922 9948.5371 3005.4653 15965.1885 12389.6396 1208.9630 14399.3652 243.5949 3545.6011 15683.0352 10952.7676 14179.5674 12773.6035 1650.2095 8539.2344 13730.5010 6206.2432 13682.9668
7613.8018 22047.6895 16782.7793 7776.7598 4042.2058 10302.5742 8484.6211 17506.6504 5063.8013 10909.0986 12911.6309 17731.2246 4203.1255 5968.4336 0.0000 13104.8682 13178.1035 7551.2822 13910.0488 6588.9292 0.0000 897.1594 3669.1838 10194.8975 2884.1985 5698.4551 4704.1621 3823.7925 11912.1738 346.9091 14948.0117 10874.9492 10001.3682 2994.4246 15986.3760 12386.4717 1105.5928 14444.7549 231.9296 3549.5723 15603.8945 10919.5127 14286.9658 12716.7041 1481.0399 8478.3027 13719.9307 6223.2964 13670.3789
7883.7021 22046.2422 16790.2324 7711.5254 3912.6458 10203.8662 8615.7881 17534.1328 5176.6016 11037.0078 12836.9570 17643.4512 4237.4697 6079.4199 0.0000 13238.5166 13141.0244 7578.7104 13931.8330 6598.1636 0.0000 891.0851 3590.2705 10256.7910 2830.6570 5641.8052 4706.6694 3869.6338 11915.9238 371.2292 14809.0732 10867.7031 10009.9404 3005.4836 15988.3115 12377.1582 1087.4327 14494.1201 230.0836 3611.9480 15731.7441 10937.2852 14256.8721 12698.4326 1508.7885 8465.2607 13718.5732 6148.1431 13629.2256
8135.3984 21862.1738 16635.3066 7801.8877 3682.5681 10289.8857 8390.2617 17451.2812 5128.7520 10885.1064 12842.6670 17531.5410 4243.5562 6179.1895 0.0000 13098.0605 13082.6758 7529.2363 13939.4883 6591.8726 0.0000 898.6025 3587.4229 10295.8184 2949.8198 5640.8701 4693.3423 3824.8943 11864.8262 339.5562 14821.9482 10863.4121 9973.3926 2959.1541 15977.9639 12347.9844 1093.1565 14542.5703 252.3780 3578.8059 15457.1406 10979.1758 14176.8389 12677.0400 1528.0094 8542.6191 13717.3916 6172.1924 13633.0986
7868.6948 21916.2910 16868.6074 7725.2246 3631.9722 10260.4258 8454.7881 17409.2031 5182.6558 10538.4062 12785.8828 17747.5410 4218.4038 6093.7866 0.0000 13199.0264 13171.1426 7532.7178 13972.1016 6565.9893 0.0000 879.7986 3659.4011 9979.5127 2819.4072 5680.2217 4686.5391 3852.6206 11941.6221 253.6083 14845.7695 10870.6084 9991.2598 3010.5862 15931.2705 12336.6162 1122.1788 14523.6104 276.0869 3407.6594 15601.6680 10953.4395 14109.9297 12703.5742 1613.5404 8642.7646 13681.4307 6166.5796 13722.1768
7943.8125 21895.2656 16771.6387 7740.9932 3826.5200 10297.1523 8454.0010 17419.1133 5237.2563 10653.6807 12834.8379 17678.4609 4172.4346 6124.7935 0.0000 13202.8447 13174.2773 7605.5371 13949.4893 6523.9688 0.0000 877.1064 3735.6035 10117.9248 2836.1660 5595.3833 4679.1382 3841.6492 11924.9639 299.5540 14865.7393 10856.9404 9983.6816 3001.6592 15880.2871 12348.5664 1101.4042 14514.3389 242.2175 3445.6392 15605.1367 10937.3750 14195.9209 12750.2051 1626.8826 8519.6240 13726.6982 6140.7437 13723.9023
7803.5625 21913.5977 16623.9121 7728.1504 3880.9756 10210.4033 8353.6445 17490.4570 5039.6323 10954.8154 12922.4404 17672.5137 4135.7300 6064.5073 0.0000 13224.3828 13046.6006 7563.5078 13915.5586 6573.1665 0.0000 893.2271 3674.3684 10194.4043 2921.9167 5652.0186 4679.5386 3827.4934 11804.8418 375.3346 14861.1162 10856.0947 9992.3340 2987.5120 15895.0723 12347.6064 1073.6448 14515.2236 203.8801 3594.7898 15583.8154 10872.3594 14257.8838 12552.1436 1578.6930 8537.5586 13698.8887 6175.7222 13673.4717
7984.5444 22068.7812 16691.5625 7855.1987 3922.2922 10284.3242 8503.6309 17553.2891 5066.7192 10936.6357 12877.5293 17674.4258 4179.2861 6115.7124 0.0000 13369.5020 13104.9453 7631.7280 13958.8320 6541.8228 0.0000 901.5356 3762.1938 10175.7783 2884.6123 5705.8296 4674.6992 3817.3662 11828.7891 351.3023 14792.9248 10806.1855 10023.2432 3003.0559 15963.6689 12348.2568 1121.2968 14386.8984 244.0486 3564.2615 15632.9102 10932.9629 14188.2988 12683.9443 1647.6157 8627.8018 13678.5898 6179.4839 13730.5781
7630.6094 21955.6875 16809.2461 7810.2505 3939.2979 10237.5742 8459.1084 17463.3457 5067.0859 10923.3896 12824.5703 17570.3340 4184.7598 6073.5806 0.0000 13353.2705 13131.1621 7605.2310 13944.8203 6591.3867 0.0000 892.0061 3669.0542 9973.8135 2808.7480 5589.5405 4703.2725 3831.8923 11873.5391 364.1684 14779.4580 10903.7686 9981.9707 2990.8887 15957.2715 12417.6934 1119.0797 14378.6299 225.3404 3500.9285 15568.8750 10899.8760 14174.1309 12652.3066 1687.4716 8595.3379 13708.6836 6191.6772 13645.1748
7993.7661 21916.5059 16770.8965 7724.1372 3815.2488 10326.3330 8426.8115 17469.9043 5227.1348 10531.5586 12875.0420 17571.6465 4226.5156 6116.4453 0.0000 13314.8115 13041.1865 7570.0381 13962.0312 6585.9531 0.0000 894.2798 3730.2720 10057.4805 2803.4888 5580.5444 4694.0718 3842.7993 11903.2861 378.5533 14679.8652 10819.0244 9996.6377 2929.8799 15921.7871 12380.4023 1141.2656 14194.9424 226.4300 3503.2461 15705.3027 10938.1631 14150.6758 12685.7373 1676.8925 8469.8945 13737.1719 6165.7476 13672.0107
8115.4941 21832.9707 16738.8008 7716.8750 3982.0322 10259.6455 8391.3760 17590.7578 5175.8423 10731.2188 12923.3291 17716.4531 4237.6987 6126.2437 0.0000 13257.6865 13181.5215 7583.5327 13978.1514 6591.1533 0.0000 887.9245 3732.8813 10069.0947 2863.5476 5730.0566 4675.6377 3852.8372 11883.4092 341.6586 14746.6826 10914.6172 10037.2236 3017.5422 15882.0068 12410.7998 1139.9264 14478.8105 263.8892 3448.2463 15632.3740 10925.9355 14101.1875 12658.2354 1618.4386 8518.5801 13701.7207 6187.2905 13666.2715
7688.8525 21842.8105 16735.4668 7754.7046 3889.6917 10247.4893 8334.9668 17512.0957 5120.9746 10845.4395 12942.1523 17550.8105 4146.9419 6072.3901 0.0000 13164.6436 12987.9346 7548.0034 13949.9502 6606.1968 0.0000 890.6436 3583.6702 10125.1113 2848.5273 5633.3691 4730.3145 3860.9617 11990.6895 314.3214 14790.9893 10808.8330 9989.7041 3072.0193 15962.0361 12378.8564 1181.7339 14673.1328 271.9176 3444.1060 15520.8604 10920.2334 14211.3301 12593.5078 1639.6235 8611.9736 13744.4512 6199.5972 13559.8145
7756.3286 21855.1133 16751.5430 7845.9224 3800.2817 10339.7041 8343.1309 17438.1504 5084.1689 10478.0762 12870.8984 17727.5664 4293.0181 6128.7510 0.0000 13141.1387 13129.6201 7545.6973 13951.0801 6536.4741 0.0000 884.2219 3728.4395 10251.8604 2802.2964 5684.9902 4712.3037 3825.3977 11966.0244 344.2382 14729.6543 10900.3252 10027.5332 2930.0125 15931.9248 12398.3389 1229.1141 14526.1416 265.3056 3447.1655 15611.7100 10949.9307 14162.8896 12657.1201 1620.6864 8428.0625 13775.4189 6185.7324 13679.9307
7796.3447 21944.5625 16565.9648 7726.7124 3492.5837 10243.0850 8436.2109 17478.0938 5082.9131 10417.5176 12892.1162 17631.7578 4165.1919 6138.5322 0.0000 13277.8623 13025.6934 7541.3081 13917.0713 6577.5674 0.0000 887.0073 3740.3899 10104.9785 2765.4771 5613.9927 4717.8696 3813.5645 11938.7578 262.4846 14788.1348 10806.6826 9977.7607 2979.2322 15958.9316 12393.2441 1156.7764 14488.0439 264.8658 3414.0347 15517.9854 10911.6338 14210.6055 12678.6367 1550.8798 8538.4492 13739.3438 6150.3296 13725.2695
8026.1382 21895.2305 16775.5430 7732.3564 3454.3337 10239.1758 8370.0537 17496.9902 5101.7632 10533.8486 12888.3516 17647.6387 4220.3057 6031.1924 0.0000 13273.9834 13089.3828 7551.4858 13917.2090 6556.2397 0.0000 917.6006 3641.4651 10137.8789 2808.6104 5638.6455 4692.3491 3835.3528 11964.4365 350.3548 14769.9102 10836.3359 9990.6895 2936.7761 15961.3477 12346.4521 1132.3850 14443.3457 246.1335 3430.2725 15516.3184 10882.9551 14144.4658 12675.8311 1495.1470 8512.9307 13680.3838 6162.9204 13705.8594
8089.3755 21934.0000 16787.5762 7749.7007 3501.9707 10188.8750 8431.6963 17430.7441 5112.7446 10394.9297 12815.7236 17662.0566 4228.7451 6076.6997 0.0000 13240.5986 13041.7139 7499.0122 13975.7314 6553.5728 0.0000 918.0316 3556.3604 10099.2393 2849.6768 5685.2544 4678.3901 3879.1746 12001.5527 314.0100 14820.9678 10884.7354 10008.0049 2954.0635 15966.7871 12388.7256 1108.0334 14567.7256 239.9430 3396.1826 15658.6562 10924.9502 14189.7314 12638.5078 1498.5741 8450.6807 13705.5293 6203.7734 13730.6064
7800.5103 21900.3828 16725.0449 7764.3633 4023.9282 10277.9004 8437.6436 17543.8711 5134.8916 10529.5264 12873.6348 17567.5977 4276.6685 6098.3647 0.0000 13253.1914 13083.0820 7574.2861 13944.7119 6531.6226 0.0000 901.1364 3628.0981 10212.5605 2766.8616 5651.6245 4683.7671 3830.6982 11944.5674 316.7495 14782.7236 10797.7129 9977.5234 2993.7085 16008.7090 12364.2061 1132.2356 14498.1221 258.0402 3438.0552 15609.7969 10932.4043 14173.1494 12712.4336 1508.8140 8522.5508 13771.0400 6148.7310 13663.2559
7781.8452 22009.7656 16926.0098 7772.8960 3962.8530 10236.9082 8537.5635 17465.5820 5178.9243 10829.1748 12762.4023 17634.1719 4134.5718 6006.8970 0.0000 13341.1611 13087.6787 7579.9487 13968.0205 6555.1089 0.0000 873.0720 3629.5073 10170.1338 2785.1025 5677.5420 4697.2085 3819.5779 12010.8555 376.0454 14814.4131 10899.4443 9953.1846 3012.0098 15984.1943 12382.4648 1180.7493 14347.4502 291.7698 3534.7146 15739.7402 10866.3887 14216.6641 12725.9150 1543.6776 8560.1875 13752.6709 6176.6343 13592.4736
7742.6191 22043.9609 16953.3555 7796.5742 3702.7749 10220.8691 8386.4609 17514.9199 5065.9497 10922.0029 12848.3271 17641.0547 4204.9082 6066.9531 0.0000 13420.2852 13142.5479 7545.3818 13910.7871 6557.3359 0.0000 881.3706 3646.0652 10243.6572 2859.4697 5606.6221 4719.0762 3843.6157 11976.1191 354.9182 14768.9795 10912.9795 10006.7129 2997.6807 16031.1465 12389.3066 1138.2568 14541.0547 267.1816 3614.7998 15706.6777 10926.8994 14225.5059 12688.9707 1673.4408 8446.2988 13782.5586 6216.5161 13841.1914
7855.8140 21991.5859 16884.3848 7797.9531 3645.0984 10285.3066 8505.0098 17526.0527 5082.9883 10349.4873 12898.1973 17557.4258 4249.7578 6091.5381 0.0000 13321.3252 13128.7686 7506.1758 13982.1729 6601.9922 0.0000 900.4453 3610.4297 10154.9658 2797.0972 5636.7891 4673.7310 3838.3977 11929.6260 318.5824 14745.6973 10909.4492 10004.7383 2960.0515 15992.8779 12412.9521 1130.6222 14499.9258 248.9677 3361.5757 15672.2314 10916.3135 14092.1357 12777.8408 1551.2173 8417.2305 13747.1221 6208.9790 13660.1494
7982.8848 21965.9395 16821.8262 7773.9658 3610.0715 10274.4482 8462.2969 17668.8340 5134.1719 10503.1377 12867.9795 17661.1387 4238.8115 6198.2085 0.0000 13296.2520 13132.7803 7565.8154 13969.2344 6581.8965 0.0000 899.3823 3559.0989 10268.6533 2759.6240 5671.2520 4680.4136 3879.7937 12001.5137 328.5881 14750.9561 10948.6045 10046.3232 3004.5408 15990.2627 12473.6494 1096.6182 14568.0576 249.1756 3477.2478 15484.5000 10892.0752 14201.8242 12690.4658 1435.6578 8608.3955 13744.9863 6219.9019 13807.8877
8162.7217 21913.4434 16605.2988 7709.5024 3723.5039 10239.0537 8634.9541 17566.6211 5165.9180 11075.2510 12819.6787 17736.8301 4191.8291 6095.0776 0.0000 13233.6328 13137.8838 7600.6875 13985.9980 6596.3721 0.0000 892.0745 3257.8557 10263.6123 2807.5186 5654.7070 4687.8530 3873.9722 11986.9424 293.6973 14638.6719 10850.8594 10029.2090 3069.8154 15966.4697 12404.7959 964.2119 14535.1016 271.0764 3686.7607 15365.5479 10931.2500 14159.4639 12595.8604 1344.7351 8489.5547 13737.2383 6179.8037 13680.8984
7472.3794 21938.8613 16759.4199 7734.3086 3660.2131 10270.6084 8644.2021 17592.9727 5161.3491 11941.5576 12890.7002 17646.3750 4188.1606 6131.5850 0.0000 13420.8516 13097.8525 7539.2275 14007.2500 6542.2339 0.0000 887.2449 3572.6025 10217.4141 3013.3723 5565.3223 4682.3379 3820.7209 11931.4609 277.0801 14815.6162 10914.2949 10046.2861 3247.6477 16020.2754 12431.2783 1229.7152 14585.5146 273.2869 3716.3240 15552.5771 10907.4961 14209.4502 12704.8369 1509.8479 8550.3096 13749.5361 6205.5522 13628.6602
7830.9775 21949.3613 16752.3711 7761.3267 3797.4668 10192.3262 8705.2070 17614.2832 5144.0781 11784.7979 12807.2881 17514.6426 4153.0703 6130.5928 0.0000 13177.4775 13007.9023 7493.7373 13966.4424 6593.3174 0.0000 894.2021 3502.8447 10107.1709 3136.0166 5519.9951 4678.3618 3862.5632 11994.6299 244.9599 14723.3086 10855.6807 10037.9131 3157.1021 15958.0156 12414.1143 1058.3029 14418.2783 259.0348 3519.5557 15593.6533 10878.4648 14164.4131 12701.9170 1529.2375 8433.6738 13726.6562 6231.2168 13642.4180
7930.0859 21861.3672 16711.2285 7702.9834 3935.3079 10273.2822 8574.1191 17458.2812 5155.7314 10985.6162 12844.7119 17705.2070 4142.2402 6120.6934 0.0000 13350.2939 13141.5244 7594.3818 13955.1768 6600.8774 0.0000 909.6426 3712.4192 10071.6641 2994.9558 5630.6333 4695.8657 3854.0986 12012.5469 262.4911 14822.9170 10935.2754 10066.4609 3063.6467 15972.7168 12367.2812 1152.1771 14799.3984 249.3247 3425.0596 15627.9932 10918.8975 14176.7754 12647.1191 1578.8961 8429.8379 13744.9072 6190.6865 13760.4805
7788.1973 22039.1270 16637.7422 7788.0186 3985.0957 10271.9932 8559.8281 17548.8262 5071.6709 10499.9297 12906.0010 17623.0195 4224.3594 6124.0845 0.0000 13460.1201 13130.0879 7556.8101 13970.6523 6547.8569 0.0000 896.8116 3712.4175 10178.6133 3002.6692 5667.8081 4684.7461 3835.2578 11992.1299 240.5742 14819.7549 10869.2744 10004.7900 2986.7454 15995.2549 12362.0117 1152.4834 14575.4443 252.4971 3325.6934 15759.7490 10960.3838 14213.0410 12741.9287 1536.6128 8603.7373 13749.8896 6187.9692 13715.9980
7660.6890 21947.7305 16814.1289 7836.6279 3945.6057 10283.4902 8868.3643 17542.1504 5233.2114 11882.4199 12898.5713 17549.3320 4200.9585 6122.5884 0.0000 13062.4053 13136.8730 7591.6172 13941.2939 6559.9414 0.0000 898.1965 3599.8806 10386.2588 3265.3506 5734.8237 4688.2852 3842.3911 11910.5205 264.3257 14861.5684 10915.8467 9996.9512 3199.4248 15966.4941 12384.5352 1129.6212 14357.9883 249.2186 3496.4019 15614.2539 10957.7686 14247.1787 12719.3682 1592.3937 8611.5059 13727.5879 6201.8594 13726.6357
7456.3237 21910.1328 16792.0273 7807.0527 3978.8032 10290.5078 8574.2100 17496.9551 5213.9722 10912.7295 12928.9033 17650.2559 4197.3301 6118.7153 0.0000 12939.1318 13125.0732 7571.1367 13945.0186 6563.3110 0.0000 902.1575 3596.0684 10117.8477 2976.4062 5640.7144 4682.8188 3876.4436 11923.0166 305.4773 14798.2891 10826.2705 9985.3887 3067.0889 16033.3418 12403.3115 1080.4171 14417.3174 272.0213 3404.7075 15558.7344 10931.6807 14196.0557 12774.7051 1583.2863 8548.0352 13699.7510 6154.7451 13821.3730
7739.8906 21957.2168 16904.6973 7800.0361 3928.5520 10223.4180 8364.3086 17536.7051 5121.3989 10128.8086 12834.2871 17561.9863 4228.0303 6040.7720 0.0000 13255.9893 13151.7021 7573.7725 13936.2754 6560.2651 0.0000 891.3826 3611.4312 10124.5078 2701.3220 5628.0337 4677.7153 3835.0808 11943.4238 322.1654 14702.9199 10837.7988 9925.0010 2885.0317 15976.0586 12448.4492 1164.1199 14505.6172 247.4780 3346.1267 15649.0342 10938.3877 14154.5010 12728.8643 1667.4979 8510.2344 13727.0391 6148.1787 13782.4141
7679.0581 21990.3828 17024.1328 7734.2734 3754.4902 10265.0322 8493.2568 17662.2891 5191.2759 10412.2559 12922.2783 17634.7246 4213.1226 6063.8354 0.0000 13188.1455 13141.6211 7604.4536 14009.3496 6532.1182 0.0000 882.8383 3684.7231 10108.8564 2875.3225 5627.8921 4668.8584 3866.2908 11885.7070 247.7906 14805.2656 10857.2852 10058.1338 3038.4802 15987.9053 12411.8535 1203.1627 14429.0215 261.9418 3287.4834 15761.6260 10980.0117 14186.6094 12670.2676 1575.0544 8569.5459 13768.3154 6257.2573 13793.4971
7837.3550 21866.1777 16825.7910 7757.9810 3752.6511 10320.6953 8629.6387 17387.5508 5039.9521 11215.2910 12857.6309 17675.4629 4254.2778 6138.6519 0.0000 13310.2969 13183.7510 7536.3652 13951.2705 6547.6255 0.0000 897.8709 3702.9514 10143.6396 2980.2424 5606.4106 4661.6372 3799.3140 11923.5586 271.1420 14772.8740 10775.0176 10014.7656 3250.5195 15932.7529 12341.9590 1195.8235 14542.0742 275.2356 3437.4084 15647.5215 10926.8008 14185.7520 12720.5020 1665.5671 8465.9326 13753.1572 6141.8203 13768.9502
7441.0249 21960.2090 16818.6895 7757.0610 3796.4456 10274.7949 8611.5479 17600.6484 5160.1763 11181.7705 12846.7197 17693.9824 4172.8345 6036.0254 0.0000 13308.8613 13158.5195 7591.0728 13933.6816 6557.9365 0.0000 895.8684 3694.0142 10122.4697 2904.1565 5611.8550 4694.2183 3797.8818 11965.6504 275.2949 14766.5762 10798.1631 9958.8340 3127.7722 15958.5381 12391.6885 1145.5725 14592.8721 254.8134 3512.7849 15709.0527 10951.0664 14106.1396 12776.4863 1658.8130 8516.3906 13713.5527 6164.0176 13662.4736
7859.4888 22020.5918 16866.7031 7837.5825 3881.3103 10301.8682 8550.0439 17573.2637 5162.6973 10364.1885 12826.1914 17700.3262 4202.2568 6039.9229 0.0000 13284.9600 13172.2031 7548.9521 14004.4434 6572.1875 0.0000 884.8455 3765.9187 10322.5752 2892.6938 5592.4941 4708.7686 3893.1064 11958.6748 292.8291 14810.8145 10867.2764 10026.1133 2994.2153 15944.3096 12360.1865 1191.8365 14514.9902 277.8607 3420.6006 15777.1318 10917.5752 14210.6035 12730.4658 1474.3970 8499.3203 13790.5703 6186.9370 13642.7480
7794.6475 21975.8945 16819.8242 7777.9990 3921.5454 10279.7324 8630.7881 17495.5352 5194.0728 10912.8154 12900.5527 17677.7461 4204.1206 6173.1372 0.0000 13241.9512 13103.0527 7553.9370 13933.9639 6531.4604 0.0000 901.6042 3798.0964 10197.3154 3171.9280 5546.6089 4702.9927 3867.3928 11939.1396 276.8736 14823.8213 10864.3896 9979.9189 3182.2192 15966.1143 12417.2842 1142.8444 14536.7627 255.9229 3438.9851 15712.9678 10918.0967 14150.5967 12771.0459 1532.3245 8521.9990 13742.4004 6196.2534 13643.7051
7852.7578 21894.7266 16758.7949 7743.8184 3824.5354 10309.9473 8366.9277 17495.9297 5121.7954 10142.9629 12957.3281 17624.4883 4147.8960 6132.2085 0.0000 13287.1465 13077.2266 7556.1592 13964.8281 6609.2744 0.0000 904.7977 3669.5081 10232.7998 2672.6396 5643.4326 4682.6514 3856.5889 11950.1650 331.3358 14768.7061 10865.8496 10005.6074 2889.9963 15934.0156 12455.0664 1107.0808 14552.9814 259.2711 3509.9990 15429.4990 10929.2422 14194.5342 12721.2900 1607.9561 8473.3721 13759.0840 6236.5063 13662.5420
7548.4897 22006.2070 16802.1543 7784.0537 4055.0137 10239.2842 8507.9658 17623.5840 5168.6323 10338.6934 12838.1484 17670.8926 4191.5332 6050.3672 0.0000 13242.0869 13036.8262 7590.5781 13963.6738 6545.6904 0.0000 883.0654 3670.2053 10170.3535 2849.2048 5563.2480 4699.3267 3865.3108 11930.6279 323.6667 14752.1660 10742.1230 9924.2168 2978.1042 15934.6348 12383.8389 1128.8188 14661.2480 255.8756 3600.9812 15450.4180 10984.2871 14111.7988 12742.4961 1513.6750 8521.7373 13703.1855 6181.2588 13617.3857
7929.2930 21995.2617 16671.4375 7737.3594 3866.8479 10241.2783 8282.5146 17524.0801 5146.3672 10026.4639 12841.3877 17760.1738 4188.4995 5976.3706 0.0000 13117.8105 13181.3750 7574.7300 13955.0088 6594.6577 0.0000 910.3500 3770.9236 10070.8516 2793.8093 5705.7603 4700.3823 3822.3071 11897.0674 332.9298 14831.0215 10907.7148 10036.1191 2904.3533 15914.8164 12362.0225 1141.6366 14463.9854 232.6285 3399.4758 15511.0068 10910.4512 14268.6289 12749.6865 1570.8241 8512.3809 13731.9346 6164.9150 13699.7529
7688.5127 22040.2578 16697.5020 7762.9463 3884.6177 10264.2031 8538.6953 17519.3496 5156.7563 10230.0518 12925.2012 17585.1191 4226.1743 6060.4219 0.0000 13298.3047 13089.3477 7560.4351 13945.8438 6560.4409 0.0000 894.2122 3647.5461 10168.2402 2910.2229 5669.6641 4680.9761 3833.0925 11950.2012 309.6789 14872.7559 10906.9678 9973.5381 3028.8423 15965.0264 12281.5732 1081.0848 14458.1855 224.1617 3354.8208 15762.3447 10939.9756 14260.2490 12771.3408 1605.8593 8659.9629 13723.0469 6181.2964 13740.0703
7972.0732 22060.8906 16716.0957 7830.5576 3924.1931 10295.6162 8730.5850 17504.8379 5167.6694 10302.0000 12853.7256 17796.0586 4200.9614 6079.8389 0.0000 13172.7900 13070.1064 7525.5000 13925.0811 6602.5801 0.0000 912.4394 3624.7009 10079.1963 3070.7488 5617.6460 4668.7627 3869.8606 11850.6113 283.0665 14811.8711 10767.8428 9964.9766 3057.7798 15923.3076 12317.5146 1144.9719 14378.2568 257.7491 3309.0588 15672.4561 10975.1719 14221.1865 12753.5049 1571.3052 8597.3691 13736.3516 6155.3994 13603.1338
7794.2700 21872.2676 16643.7910 7784.1250 3798.9863 10332.4336 8471.7715 17536.7012 5110.7222 10148.7041 12842.4023 17709.2988 4191.7329 6038.0757 0.0000 13176.6641 13086.2119 7556.4336 13959.9980 6566.3423 0.0000 899.4489 3742.2422 10222.8789 2835.6062 5716.8843 4681.5620 3810.6235 11821.4502 337.1898 14894.2705 10917.6211 9986.3477 2892.4253 15982.8975 12359.0098 1102.6190 14435.3174 252.8408 3369.6052 15455.8154 10907.7012 14231.0898 12626.7432 1624.7216 8526.2363 13717.2334 6137.2275 13605.8965
7739.8555 21886.4141 16753.9980 7734.6094 3832.1255 10284.7930 8560.6885 17462.5508 5011.0234 9651.5186 12960.3701 17768.1367 4268.2847 6133.6377 0.0000 13118.9248 13077.9121 7510.4448 13910.2236 6536.2686 0.0000 877.1898 3658.2732 10168.7773 2946.2427 5612.6260 4683.8271 3861.0093 11914.7773 214.7606 14828.8496 10834.1357 9916.4258 2856.6282 16066.5762 12386.0850 1072.3263 14755.9590 235.1823 3186.5935 15728.4463 10949.3086 14210.1367 12708.2256 1557.5615 8512.9014 13706.4111 6149.7705 13596.0791
8068.1646 22061.1855 16926.0859 7818.3394 3978.9509 10260.2539 8431.8457 17528.9199 5098.1660 10333.7139 12816.4756 17591.3398 4189.0542 5964.6602 0.0000 13292.3916 13005.4326 7508.2319 13948.3594 6527.1069 0.0000 896.1360 3562.7983 10262.5127 2819.0032 5595.5825 4691.2354 3826.7866 11912.8926 238.9170 14777.3232 10904.9102 9972.6572 3064.3677 15997.6562 12456.0098 1023.6063 14465.3584 225.8121 3389.0225 15835.0410 10906.0410 14198.6543 12689.4678 1548.3032 8449.6172 13728.9258 6176.9360 13622.2383
7979.9424 21912.8691 17019.1172 7731.3047 3808.5188 10291.7061 8559.3125 17541.4219 5190.0596 10995.5449 12852.9463 17628.5703 4136.6445 6225.8042 0.0000 13209.3965 13159.7178 7560.3320 13997.2773 6499.3472 0.0000 911.4131 3651.1248 10197.6621 2965.7295 5632.3770 4664.9053 3855.9053 11993.0879 332.6623 14795.1309 10877.1436 10005.9785 3369.3188 16016.2432 12346.9717 1128.2570 14475.5098 259.1123 3592.8904 15667.6602 10953.1035 14229.1699 12731.6387 1718.2584 8456.0703 13714.9111 6217.1646 13644.7949
7895.0889 21973.2500 16692.8633 7719.4663 3590.5188 10285.5557 8514.0410 17535.3496 5114.1953 10164.2686 12884.5645 17672.1504 4146.1450 6077.5996 0.0000 13321.3857 13172.1494 7486.1987 13931.1152 6617.7622 0.0000 896.1194 3596.4897 10124.9922 2878.3838 5641.9487 4677.1724 3834.9053 11905.4717 418.7853 14809.3936 10902.9697 10034.6465 2952.5293 16036.1973 12398.8037 1087.6556 14636.9404 253.7414 3404.2395 15537.6475 10946.9541 14263.4746 12687.8730 1676.2693 8495.2334 13718.7383 6178.4580 13729.7373
7696.1299 22019.7656 16709.8066 7757.5732 3704.7666 10314.2549 8589.4844 17528.2617 5156.5581 11473.8359 12855.8096 17708.8574 4245.3711 6070.4370 0.0000 13341.8398 13212.1445 7642.7974 13916.8311 6545.7437 0.0000 883.3940 3607.1555 10089.6113 3041.8845 5636.8423 4684.8438 3820.1545 11918.3779 275.1342 14806.6221 10867.1709 9982.0137 3287.0308 15933.7920 12332.9248 1072.8959 14426.6748 248.6957 3633.7861 15795.4727 10914.4268 14221.8320 12691.7227 1513.5018 8574.2822 13709.4531 6146.0854 13782.4111
7841.2886 21938.3047 16799.9629 7799.4663 3658.0437 10313.4580 8431.4014 17666.3750 5212.6484 11157.5908 12881.2139 17597.1348 4255.8452 6061.5181 0.0000 13243.1426 13047.8242 7588.3198 13940.8291 6560.7959 0.0000 891.1550 3653.1934 10304.7793 2879.3308 5648.3140 4664.6577 3830.2664 11863.3164 312.9293 14775.0645 10854.5713 10026.0957 2863.4082 15921.3027 12369.8193 1129.7705 14568.2021 275.2018 3491.7517 15654.9336 10949.7168 14185.5996 12731.5156 1528.6917 8515.3535 13758.5898 6182.3018 13640.3779
7725.5996 22005.3516 16805.6309 7761.7134 3688.8379 10221.0547 8336.1445 17582.8770 5084.9097 11093.3135 12919.1006 17659.5469 4204.0967 6119.3516 0.0000 13362.8750 13150.5781 7570.5356 13963.5801 6580.4536 0.0000 895.9810 3646.6116 10192.0186 2867.2390 5601.3560 4674.3535 3806.7864 11971.1191 344.8004 14839.7920 10923.3994 10014.9258 2842.1934 15970.3096 12386.9922 1064.9403 14402.1445 249.7514 3465.3755 15625.5928 10960.8457 14169.7051 12660.1680 1618.6775 8487.2734 13724.8916 6205.2617 13665.0020
7925.2983 22094.1543 16891.3652 7832.0288 3690.3533 10328.3145 8462.1826 17487.7793 5161.9478 11181.7656 12868.3184 17704.3574 4198.2881 6121.1362 0.0000 13377.0176 13156.0205 7478.6738 13976.1289 6634.1079 0.0000 909.0548 3720.2910 10288.9023 2870.8623 5582.2871 4707.3359 3852.2622 11928.4824 322.4959 14821.8467 10921.4463 10023.0752 2889.7554 15982.1084 12360.1289 1138.6357 14454.3828 222.8049 3512.3633 15695.9131 10930.3857 14205.1406 12651.6494 1690.4471 8545.9375 13731.4766 6190.1523 13756.4619
7781.3003 21952.0352 16815.4961 7773.1411 3577.3489 10291.3721 8500.8574 17529.5840 5083.5908 11233.6826 12879.8369 17739.3418 4227.6533 6131.1060 0.0000 13234.5068 13078.0645 7684.6787 13976.3857 6610.3301 0.0000 893.7090 3674.6245 10191.1426 2904.7246 5704.0161 4696.6733 3822.4275 11907.6895 326.2949 14809.8184 10857.5352 10012.6143 2924.6836 15901.9424 12339.0186 1129.6902 14527.1631 266.3795 3521.4553 15635.5947 10961.7422 14151.7617 12664.2012 1599.9485 8550.1309 13690.0322 6180.3999 13663.8096
7635.5229 21838.1914 16629.9297 7728.7393 3865.6375 10299.2559 8523.0254 17476.8496 5113.2300 11183.1201 12858.1416 17637.7812 4232.2749 6104.3193 0.0000 13285.4131 13133.9756 7586.5132 13970.7949 6550.8589 0.0000 890.3486 3531.1260 10097.8711 2864.5479 5549.8838 4674.5522 3824.7480 11968.9150 306.1587 14790.7354 10970.7139 9991.2988 2840.5188 15936.8984 12324.9209 1009.1053 14359.7041 248.6463 3487.8125 15571.8057 10897.4473 14232.1924 12727.6963 1582.9070 8504.7871 13690.4150 6184.0220 13667.2949
7635.8042 21940.4863 16800.3457 7737.8413 3828.6348 10281.0811 8485.8203 17578.4824 5069.3013 11223.0391 12898.4170 17578.7480 4300.7637 6073.0508 0.0000 13365.9795 13036.5439 7557.0811 13943.5723 6601.0908 0.0000 897.2337 3738.5735 10132.3604 2890.1975 5699.3315 4670.5610 3841.5105 11963.6943 288.1859 14803.4775 10877.7881 10061.6094 3044.9243 15995.6045 12441.6348 1070.4589 14694.9062 240.2462 3479.9272 15577.8535 10957.6035 14279.1084 12672.9307 1588.5430 8591.3955 13733.3262 6165.9331 13639.8535
8250.3926 22059.4395 16717.1367 7813.9131 3510.1453 10287.6396 8520.2588 17535.2773 5234.9980 10293.1641 12928.7568 17531.0625 4278.5718 6120.1294 0.0000 13240.0703 13188.7744 7598.1929 13950.0342 6601.0361 0.0000 894.6008 3605.1594 10146.9961 2917.0896 5599.8564 4665.9912 3842.3369 11931.5234 273.9306 14873.0273 10911.7148 9927.7588 3019.9595 15931.1182 12366.1934 1141.3268 14471.0967 246.3300 3337.4463 15485.6602 10920.8779 14204.3984 12606.7432 1562.1444 8457.1406 13738.6338 6193.9312 13764.3271
8010.8140 21913.6250 16625.5078 7801.4780 3501.9807 10258.9365 8377.6240 17391.8809 5181.4692 11562.3359 12931.6191 17753.9141 4216.0649 6043.1484 0.0000 13247.7090 13092.1221 7563.4868 13935.7549 6497.1353 0.0000 893.1176 3696.6172 10122.0078 2855.8259 5655.1733 4682.9136 3842.3870 11928.4131 392.0552 14782.5439 10807.9160 9909.9043 3043.6021 15999.1221 12412.5928 1136.0421 14389.5869 246.7097 3506.3972 15508.8750 10912.4551 14212.5322 12676.2969 1637.9727 8543.7422 13712.2168 6172.2085 13593.4268
7745.5054 21951.7598 16824.2891 7810.5542 3801.8745 10244.4609 8583.7812 17522.9121 5258.0356 11461.9854 12815.9961 17685.6895 4220.4370 6033.6284 0.0000 13239.5791 13172.2451 7551.4883 13970.5156 6594.2568 0.0000 879.9937 3602.2502 10262.7617 2808.8027 5674.2051 4716.9702 3857.5237 11979.9600 308.4175 14804.2803 10895.6094 10008.8750 3005.1428 16002.1250 12496.5869 1106.7294 14703.5625 247.5269 3579.6274 15746.3936 10970.1846 14174.6963 12633.7061 1553.7983 8636.7578 13746.2686 6189.6484 13664.6035
7858.1953 21997.2168 16772.6406 7741.8828 3882.1870 10191.0264 8525.7861 17504.6738 5134.6094 10774.9600 12850.8164 17630.5977 4183.7686 6157.9619 0.0000 13159.5518 13103.7314 7585.4536 13974.2119 6547.3525 0.0000 886.7517 3476.8081 10095.4248 2813.9336 5669.2207 4704.8335 3839.6863 12002.5664 254.7306 14747.7910 10819.9053 10021.7529 3035.8779 15940.7959 12429.2246 1140.0413 14379.2119 234.0722 3381.1897 15760.1416 10923.9893 14187.7148 12607.7402 1514.0620 8543.4316 13679.0557 6197.7002 13663.5000
7810.5879 21969.5684 16729.3906 7719.2524 3770.3877 10279.0322 8394.8672 17513.6582 5126.8955 10332.4355 12808.1230 17547.1992 4186.2949 6105.7510 0.0000 13166.3193 13048.6924 7594.6387 13940.7500 6552.6831 0.0000 912.9058 3740.8960 9997.4443 2862.1968 5711.2485 4685.0859 3827.7097 11885.0381 252.0847 14847.3896 10865.9482 9997.4766 3015.7822 15945.9844 12347.6104 1108.0376 14530.2422 250.9741 3332.3723 15576.1992 10944.6074 14255.5469 12716.8438 1516.3724 8504.4609 13689.6152 6156.7744 13655.4961
7983.2422 21944.2773 16739.7207 7853.3687 3859.5874 10250.4951 8552.5713 17482.7344 5075.0210 11283.2490 12854.5146 17783.7539 4204.1514 6137.8706 0.0000 13246.3770 13160.6240 7541.2612 13914.5938 6545.5562 0.0000 898.3440 3738.7065 10112.4629 2810.8374 5673.1699 4696.8345 3871.3547 11918.5029 350.7655 14815.2031 10875.7041 10020.9248 3073.7256 15989.9414 12425.8604 1459.6453 14423.9092 271.5236 3539.2419 15402.9434 10901.6328 14082.0820 12692.5107 1449.7286 8531.2197 13816.8984 6144.6812 13742.5996
8046.3760 22026.4766 16821.9824 7794.2686 4028.9490 10221.2598 8419.8994 17432.8828 5133.5469 11012.7100 12805.0000 17639.9336 4191.8091 6111.6021 0.0000 13392.4189 13087.9355 7507.5024 13937.6289 6560.7563 0.0000 910.8543 3687.8174 10259.0684 2633.2798 5683.3735 4699.2441 3875.6477 11916.0322 275.1880 14697.5977 10908.6895 9977.6621 3226.1072 15928.8086 12356.8721 1805.5516 14422.8945 316.2761 3551.4856 15603.8838 10915.3154 13953.1289 12772.0596 1641.3232 8443.9873 13795.8242 6179.7695 13499.1348
7837.7188 21803.4531 16784.3730 7842.8564 4201.9937 10244.4805 8541.1221 17464.5508 5085.2632 11206.0713 12878.0605 17726.1211 4181.2578 6031.3589 0.0000 13335.1240 13192.0986 7628.3135 13967.7012 6568.4438 0.0000 902.1453 3581.5991 10129.7051 2904.7271 5638.0039 4707.4668 3835.5923 11919.7803 319.1587 14773.0361 10837.0537 10009.4912 3061.8340 15999.5059 12409.0332 991.4429 14589.5186 236.7374 3785.8081 15402.2285 10943.1094 14273.0254 12703.9688 1605.9150 8572.9961 13734.8076 6174.7373 13720.7266
7690.8203 21909.4121 16861.7148 7725.8540 3995.4238 10253.0879 8467.8193 17496.8516 5122.8042 11130.2070 12887.8340 17679.6895 4209.6187 6171.0015 0.0000 13224.9277 13016.0244 7534.4878 13945.2900 6565.6782 0.0000 884.8903 3903.5051 10009.8574 2809.8535 5628.8169 4709.0640 3817.9380 11932.5762 371.9996 14748.1592 10848.6025 10008.5488 3092.4412 15906.3545 12387.2061 1076.9177 14393.8877 218.9149 3871.8708 15653.1592 10905.4619 14160.9775 12682.9834 1957.2990 8438.6807 13782.5264 6203.7017 13702.7246
7971.5000 21994.8496 16796.6973 7769.8931 3653.4954 10229.8301 8472.3242 17577.1113 5168.9307 11235.5547 12826.6475 17616.3828 4183.7124 6053.5083 0.0000 13259.8516 13055.2930 7488.3110 13923.7422 6586.8423 0.0000 906.4092 3545.8013 10045.8135 2844.5798 5526.4492 4687.9453 3812.0637 12018.1436 335.1468 14772.2773 10822.5498 10035.6748 2970.8232 15979.6924 12378.0635 1161.3337 14600.7188 241.8258 3467.6389 15656.7061 10914.7520 14140.6514 12646.7988 1411.3602 8450.1992 13729.0869 6215.9351 13760.0273
7932.7471 21900.8281 16615.9043 7766.3110 3787.4814 10266.6523 8596.7764 17510.6504 5163.5483 11089.5156 12826.4004 17538.2305 4144.7617 6076.3677 0.0000 13399.4600 13076.1504 7504.6792 13963.5039 6559.3086 0.0000 908.3586 3625.9321 10232.7871 2867.8608 5568.5146 4691.2480 3827.8259 11955.4629 347.6384 14841.1367 10854.5527 10045.7617 3041.5632 15997.7207 12431.5303 1152.9347 14537.4043 282.6127 3669.3821 15500.2441 10887.4648 14229.1660 12581.7695 1506.3505 8546.9697 13773.2607 6204.1689 13736.5195
7827.1016 21838.6328 16859.4199 7739.2324 3768.1113 10259.0420 8535.1221 17436.7852 5142.1182 10971.5918 12898.2139 17551.8945 4164.6978 6095.4512 0.0000 13276.9590 13024.4814 7565.1792 13923.1055 6587.3398 0.0000 899.6479 3871.2668 10220.1777 2923.2871 5571.2026 4696.8359 3842.4731 11930.6328 361.0813 14783.5420 10793.6738 10013.8057 3013.2092 15899.5928 12392.7812 1081.9795 14520.0840 248.9415 3827.5859 15504.1592 10909.6104 14148.6787 12619.4736 1541.9443 8452.0918 13789.6592 6208.3594 13666.8047
7925.2861 21969.9512 16854.4980 7740.7065 3795.7639 10281.1094 8421.3262 17499.5137 5124.2617 10931.0518 12814.8828 17651.6504 4148.2129 6148.5864 0.0000 13163.1016 13071.5449 7571.3784 13970.9414 6608.5776 0.0000 897.5950 3595.9307 10009.1191 2979.3813 5609.8428 4724.3105 3866.3284 12001.3613 324.0121 14808.3418 10820.0420 10044.3438 2878.1174 15995.4199 12423.2549 951.7561 14594.9971 248.8497 3414.9001 15571.6240 10916.9062 14155.8496 12685.0869 1565.8951 8368.9248 13702.9131 6182.4707 13721.3408
7773.1206 21951.6895 16848.7910 7739.0464 3758.9519 10303.2314 8422.7773 17562.9082 5121.1431 10741.7422 12918.4443 17609.5586 4213.3540 6142.8208 0.0000 13219.1719 13123.7539 7586.3223 13939.8916 6532.1030 0.0000 898.4617 3822.7739 10254.0098 2928.5591 5688.6519 4682.9375 3832.3320 11935.6064 394.5742 14692.9961 10879.0410 10040.7822 3002.2397 15936.9023 12352.7529 1141.0569 14597.6895 250.4296 3468.0938 15596.7197 10932.9893 14129.3047 12761.3311 1725.4495 8542.3086 13715.8564 6181.9546 13684.4180
8151.8779 22034.3652 16751.5859 7753.7217 3698.8438 10225.9131 8418.5713 17466.1992 5133.5977 11038.1592 12921.1016 17720.6074 4323.2886 6069.9873 0.0000 13323.0176 13158.5889 7559.3545 13990.6074 6549.9473 0.0000 912.3718 3733.9326 10167.9834 2927.7969 5616.9492 4682.4082 3809.9041 11891.2188 319.6780 14770.1982 10878.9795 10009.9688 2994.4722 16013.1240 12410.8027 1146.5986 14540.8516 242.9150 3594.1206 15647.3896 10966.5127 14168.7324 12771.1592 1590.1752 8629.2900 13749.3711 6236.9839 13806.8711
7524.0356 21952.6797 16778.2988 7805.4517 3598.1074 10235.6152 8393.0479 17540.4648 5110.3633 10795.8652 12852.2568 17704.5293 4204.4292 6086.2725 0.0000 13280.7490 13095.1436 7525.5879 13939.3945 6582.5864 0.0000 879.1990 3543.1833 10270.4160 2930.6101 5546.4492 4715.0493 3840.8984 11925.1396 275.8681 14807.5273 10847.4980 9963.0508 2935.3081 15991.0137 12416.2109 1032.8817 14631.6924 266.1005 3411.6934 15651.9727 10907.9834 14203.9404 12691.1953 1609.5249 8576.1562 13719.0098 6199.6255 13598.0127
7741.4019 21979.6055 16647.9453 7799.7217 3913.3970 10222.3164 8413.7324 17500.1660 5102.4565 11024.8213 12856.6689 17599.5801 4203.1338 6067.5195 0.0000 13242.1611 13144.5732 7550.0078 13952.5439 6561.1182 0.0000 872.3977 3709.9949 10228.1191 2839.5940 5736.3599 4676.9570 3864.3674 11912.9590 295.3288 14799.3877 10862.1982 9981.3496 3029.1272 15939.6025 12362.9219 1179.6962 14354.0332 264.1017 3478.1262 15610.7812 10880.2285 14139.7217 12726.1885 1506.5541 8532.4980 13734.9707 6161.5986 13751.8467
7877.0020 21962.1094 16639.6699 7764.3594 4002.9016 10208.2012 8489.6064 17553.4316 5076.0146 9888.1816 12876.3213 17673.2598 4242.8101 6082.6050 0.0000 13277.6113 13138.3369 7549.7764 13971.6855 6595.0625 0.0000 887.9880 3733.4712 10130.4385 2892.5454 5639.0200 4687.0942 3822.4202 11930.7637 359.6694 14828.6494 10832.4297 9975.7324 3080.2065 15933.6133 12355.4648 1140.8920 14520.5918 251.8966 3331.2593 15698.7227 10927.5273 14185.8975 12725.8213 1568.3673 8533.5332 13745.7197 6198.1128 13677.4648
7684.8438 21861.5469 16882.1211 7731.2036 3876.5254 10332.8945 8454.6123 17539.9277 5181.8540 10166.6816 12866.8984 17771.8281 4186.7852 6135.8838 0.0000 13199.0225 13201.6475 7492.7983 13956.9658 6575.0498 0.0000 884.8231 3693.4373 10221.5742 2859.4382 5665.6343 4682.5308 3859.5066 11920.2559 147.0235 14841.2285 10869.6582 9997.2461 3036.0698 15990.8418 12468.8662 1090.8722 14523.4082 229.2419 3263.1804 15724.3867 10912.4932 14215.0488 12691.1680 1528.4287 8548.6553 13764.8018 6168.4658 13743.2432
7882.2100 21947.6484 16701.4062 7783.0332 3949.6995 10248.9551 8545.5088 17541.1758 5196.6250 10319.0029 12882.7031 17794.5801 4247.0474 6109.3813 0.0000 13144.2451 13126.7979 7653.2036 13977.2207 6619.9980 0.0000 891.9330 3680.8748 10175.8184 2857.0720 5636.6411 4682.2520 3852.1021 11944.2012 274.4792 14844.5117 10929.4883 10023.3018 3016.6899 15947.4619 12393.9609 1106.3766 14434.2041 267.0287 3434.3557 15499.2129 10914.8867 14196.6836 12674.0947 1543.1273 8559.0137 13712.7324 6192.7295 13703.8496
7938.6318 21816.0762 16753.7480 7809.0527 3659.9146 10260.8584 8475.0566 17438.1016 5151.8457 10586.0303 12848.6836 17597.0371 4207.5703 6057.5703 0.0000 13154.5762 13126.1768 7555.1626 13938.9492 6546.3232 0.0000 881.6254 3720.5471 10115.1846 2885.0901 5583.5835 4686.6089 3840.7190 11938.0762 368.5916 14749.2031 10883.5830 10007.5322 3007.6067 15960.1328 12333.8691 1182.4166 14434.2695 235.4066 3461.4368 15495.4121 10926.0508 14175.0576 12671.4834 1563.0930 8585.7617 13737.3691 6141.6597 13731.2881
7868.4648 21934.9609 16812.9395 7710.5674 4027.0359 10300.9785 8400.2148 17518.0059 5087.7490 10758.2002 12865.0723 17645.7305 4175.1567 6072.3848 0.0000 13246.4131 13101.2266 7583.1147 13944.5947 6555.6392 0.0000 875.1337 3708.8115 10175.1826 2845.9353 5654.7686 4679.6904 3837.0081 11993.6416 262.2235 14726.8770 10844.6006 10016.5596 3084.6140 15972.7432 12303.0293 1109.2983 14410.0986 272.7880 3410.3027 15644.5312 10894.4502 14171.3301 12785.4072 1551.0116 8561.1260 13688.0859 6217.5063 13729.3945
7844.6001 21985.0977 16858.5566 7766.1025 3963.3750 10225.7480 8607.2432 17630.9883 5140.5000 10669.5156 12909.2734 17473.8730 4194.8076 6132.4634 0.0000 13197.8291 13144.7949 7561.7930 13956.0791 6518.1699 0.0000 909.1981 3612.6099 10175.1221 2806.6594 5636.2207 4672.2324 3847.8516 11920.9717 343.1196 14744.5645 10884.3652 9990.8906 2999.9648 15945.6338 12401.3691 1089.2188 14452.6445 272.0752 3369.6331 15566.2471 10913.5850 14191.1016 12780.8633 1484.8586 8445.1992 13717.3428 6169.2432 13630.7021
8007.5903 21956.7422 16757.4961 7788.3760 3766.4082 10277.4912 8414.2139 17481.4766 5107.9858 10719.5752 12908.0996 17646.1914 4189.4604 6098.7666 0.0000 13275.0117 13132.9756 7570.3721 13929.8867 6555.7314 0.0000 883.8965 3639.9805 10199.7949 2929.9731 5686.0654 4712.5454 3865.2944 11947.0303 269.0659 14844.5410 10823.6924 9988.5654 3020.9683 15910.6865 12402.1045 1109.0748 14439.2842 251.8344 3376.2319 15643.4688 10954.6006 14240.0029 12712.9893 1478.5713 8511.4668 13672.4385 6195.7793 13716.8750
8052.4390 22066.6602 16955.8125 7733.2461 3626.4221 10270.9297 8535.8242 17588.1309 5141.3574 10589.3926 12847.6914 17646.6777 4260.8516 6037.5278 0.0000 13198.3525 13112.7080 7631.5513 13958.0020 6587.8315 0.0000 891.3198 3563.0405 9916.6260 3021.4905 5702.5098 4681.0132 3822.5278 11981.5361 310.9808 14846.5762 10892.5254 9992.6074 2951.9272 16025.9541 12414.0166 1021.5963 14454.6016 254.8853 3478.6848 15736.3496 10915.4346 14169.8525 12781.6553 1560.3744 8603.0166 13694.0723 6181.7349 13695.3428
7969.4062 22013.4668 16766.0840 7792.7134 3456.5891 10258.7490 8398.6582 17463.4688 5126.0684 10372.8018 12773.8359 17624.2246 4181.3267 6087.0884 0.0000 13128.7227 13162.6465 7547.2495 13963.2656 6508.3784 0.0000 910.7507 3723.7844 10157.3545 2887.7378 5639.4263 4677.2681 3808.3752 11889.8398 492.7156 14736.3818 10948.6416 9912.5596 2990.8755 15958.4199 12384.1426 1137.0608 14546.7354 282.4684 3494.3691 15558.7383 10931.3486 14209.7314 12698.5605 1643.4225 8509.2256 13678.5088 6172.8179 13796.7119
7801.5864 21988.7598 16733.8848 7756.0991 3638.5100 10293.9697 8410.3770 17609.5684 5216.6694 10005.2744 12893.2598 17628.6797 4229.2480 6110.5430 0.0000 13370.9922 13036.4424 7614.0381 13955.7510 6512.5151 0.0000 899.3962 3686.5073 10113.6055 2865.5105 5641.0933 4691.3574 3856.9409 11923.8936 183.7397 14785.9844 10855.6113 9983.4668 3085.5095 15948.2988 12332.1387 1122.5391 14505.7070 254.6744 3270.3835 15517.9678 10954.1328 14226.0479 12723.3760 1602.5671 8525.2812 13747.3359 6165.2549 13659.4189
7915.2456 21868.6230 16715.0547 7704.0469 3922.4500 10325.7480 8664.5186 17559.3242 5150.0425 10371.8623 12862.7188 17568.8340 4195.1230 6076.5801 0.0000 13288.5391 13115.4678 7608.7754 13947.6533 6592.3574 0.0000 904.5562 3534.5227 10087.1836 2832.4895 5591.4531 4675.7739 3822.1082 11891.1191 255.0980 14701.0654 10889.4023 10014.4658 2963.4668 16004.2627 12409.0420 1105.2321 14435.4502 226.5796 3358.3352 15463.6260 10920.8223 14161.3623 12634.8408 1489.0034 8442.0850 13742.9033 6201.4146 13611.3838
7487.6685 21905.2441 16844.5371 7806.4878 4178.6289 10305.9756 8657.0293 17551.4414 5090.9736 10938.1729 12787.3398 17603.5293 4150.7334 6055.9766 0.0000 13332.8516 13039.0244 7523.4316 13970.2881 6549.4775 0.0000 890.9302 3517.5742 10277.6709 2780.2822 5649.2568 4687.1641 3856.4563 11943.4365 464.1010 14789.4365 10865.3516 9999.4658 2938.2356 15928.4521 12377.1445 1145.1222 14400.6328 264.1122 3544.7690 15620.5850 10937.0947 14198.3105 12722.7822 1468.4716 8580.8955 13704.9570 6145.2290 13545.9473
7274.4873 21963.3730 16716.8457 7810.2222 3872.5879 10266.3945 8455.0127 17572.7266 5074.7891 10945.5605 12912.5898 17722.6191 4218.1885 6057.0020 0.0000 13183.6045 13163.7275 7514.0996 13962.7100 6584.8721 0.0000 886.9022 3573.7803 10180.0684 2899.5105 5631.6167 4685.4712 3822.2769 12018.0576 440.3062 14768.5830 10809.9609 10058.4990 3055.9468 16021.1787 12383.5732 1069.4462 14461.0117 238.8679 3557.0244 15738.2031 10949.9746 14193.4180 12669.4756 1538.0487 8550.0391 13761.9912 6139.5425 13722.0742
7358.8818 21950.7715 16736.8457 7772.0596 3665.0037 10241.6338 8478.0684 17537.4043 5158.2158 10728.9082 12859.2676 17649.4258 4165.7007 6048.9917 0.0000 13314.0557 13020.0996 7592.6938 13912.8467 6579.6011 0.0000 897.6777 3643.4236 10099.2998 2866.7659 5728.5400 4712.0332 3827.9412 11913.3164 429.8936 14782.7881 10890.2842 10020.6904 3162.3152 15942.5068 12357.6943 1099.0221 14583.0918 245.3549 3541.8306 15712.9717 10925.6152 14240.2012 12705.1172 1657.4948 8524.8398 13764.4316 6182.5190 13721.6895
7684.6406 21906.5312 16717.9492 7743.6631 3921.9380 10255.7598 8442.8438 17597.4746 5097.0693 10719.9053 12906.9736 17608.5312 4166.8066 6141.6694 0.0000 13299.2090 13102.8223 7503.7070 13975.4980 6638.0435 0.0000 895.8231 3631.4539 10277.5117 2910.6350 5518.9858 4702.8799 3835.3894 11912.0537 424.6434 14868.4697 10881.3818 9972.0586 3140.0103 15934.6523 12417.8838 1083.7468 14457.5645 230.2290 3541.2661 15427.5996 10968.0020 14224.5713 12662.8184 1592.4517 8411.3662 13703.0410 6223.5825 13557.5811
7825.7666 22006.4785 16700.2598 7737.3989 3772.2708 10271.3438 8445.1621 17613.6660 5175.1030 10747.1934 12836.1729 17682.8965 4189.9331 6131.8281 0.0000 13098.1748 13067.3096 7564.8262 13998.3643 6575.6851 0.0000 893.2213 3593.1355 10231.2041 2907.1855 5601.3511 4682.1392 3885.3760 11850.7998 324.1579 14759.0107 10847.1738 10041.0137 3179.1794 15975.1963 12384.3193 1209.7281 14490.2168 271.5767 3474.7764 15563.5156 10927.4873 14216.0615 12674.0439 1683.1112 8427.8135 13800.5459 6207.3262 13611.2490
7790.9678 21877.2988 16702.9141 7816.0913 3663.7520 10227.6602 8567.9990 17507.3379 5136.8140 10591.3291 12878.0098 17551.9316 4195.8042 6015.2822 0.0000 13218.2891 13020.0176 7610.5825 13944.0107 6599.7837 0.0000 888.5585 3589.0310 10103.0928 2835.8032 5733.9761 4693.1606 3880.4490 11984.6133 317.8580 14741.4570 10888.4062 10018.7197 2989.1511 15962.1865 12330.5605 1117.6342 14571.7334 256.0194 3467.6956 15601.0586 10909.1387 14162.5742 12604.1943 1575.2140 8591.8281 13743.5107 6167.9077 13738.8379
8038.1279 22000.2148 16836.3242 7798.1299 3926.0146 10318.8740 8499.7432 17554.4316 5170.1313 11105.0039 12934.0215 17748.4668 4188.0171 6115.9453 0.0000 13346.8350 13095.1377 7530.2656 13963.3691 6626.0552 0.0000 903.0945 3675.8518 10301.6338 2857.3193 5606.9570 4696.6016 3863.7378 11964.3770 411.4700 14843.1699 10832.0771 10008.5420 3088.3267 15962.4219 12395.7910 1112.4713 14579.7549 234.4330 3653.0566 15735.5186 10932.6152 14252.6689 12684.0400 1515.7249 8585.7920 13761.9375 6189.1465 13793.1309
7942.8643 22096.4277 16673.1758 7809.7700 3825.4526 10284.5371 8488.5547 17456.9824 5155.6084 11005.2920 12843.4336 17576.1348 4253.0151 6130.3477 0.0000 13214.9219 13128.6348 7516.0435 13932.5420 6504.5615 0.0000 908.8709 3644.3052 10139.2373 2825.1943 5588.6709 4666.0557 3809.2957 11910.8496 151.9249 14790.5645 10827.1133 9940.7744 2968.5603 15992.7471 12398.1172 1147.8188 14648.4326 245.1365 3524.4341 15794.6250 10936.2295 14164.2158 12739.5605 1595.1453 8547.4678 13736.1523 6191.0732 13804.5557
8048.9243 21982.2031 16678.9668 7804.8701 3550.5085 10250.2559 8431.8018 17454.1680 5169.8359 10874.1846 12912.0127 17727.3750 4252.7905 6073.5996 0.0000 13333.8027 13189.5146 7545.2769 13962.4346 6509.8271 0.0000 883.0416 3684.7954 10184.8945 2895.8643 5681.4541 4686.5083 3829.7549 11945.7266 257.9810 14812.8623 10873.3711 10022.9951 2913.1021 15935.5332 12366.8047 1110.2336 14418.1016 238.3793 3433.6472 15682.8027 10942.6855 14182.8633 12724.9512 1655.1875 8516.7061 13721.2090 6195.9932 13640.7393
8037.9575 21906.1680 16970.5645 7705.6382 3892.1270 10247.6865 8489.2422 17453.3281 5065.1431 11422.2090 12895.9209 17794.1875 4187.8853 6082.9297 0.0000 13305.2520 13101.0107 7524.6689 13968.1094 6533.8125 0.0000 897.4819 3690.1250 10131.0479 2903.5105 5639.3564 4673.0576 3840.9131 11902.8877 294.0470 14773.7969 10881.9541 9975.2080 2998.0603 15987.4824 12409.8398 1148.3978 14628.3027 261.8900 3574.4434 15557.2969 10949.2256 14158.5098 12735.4053 1621.5869 8492.5137 13733.1768 6163.0156 13578.0967
7727.2461 21937.1562 16909.4199 7791.2827 3800.7273 10275.4990 8593.2500 17493.7578 5160.7207 11177.3174 12835.0537 17655.7441 4217.6577 6100.4570 0.0000 13293.1133 13156.9023 7618.3481 13935.5566 6600.0039 0.0000 902.3132 3787.7971 10183.3643 3033.1704 5634.1655 4692.5562 3851.7300 11978.9873 190.5912 14899.4082 10853.9287 10009.8555 3051.4548 15989.1426 12416.4375 1189.0219 14441.8721 271.3648 3452.2483 15630.4785 10926.7871 14191.6357 12658.0215 1519.3889 8615.3096 13703.5244 6196.6772 13719.2842
