15854.0654 15372.4014 13870.1162 3256.3135 123.9689 7772.5640 20061.0234 16515.9395 5765.6533 13864.6807 7699.7559 10263.1367 3247.8767 6862.9585 29.2616 9332.6455 10153.0088 4813.2617 11358.0127 7359.3833 0.0000 6924.6045 4958.8413 8312.3330 12134.0879 4069.4497 2917.4932 2785.4155 9086.9424 2080.4038 13284.6348 9973.2451 12083.9287 4481.2793 13042.5439 10554.5010 3942.6470 13745.3516 1670.7773 6308.8467 11876.7930 5968.1191 13826.5801 6238.9463 1569.4366 3325.8962 10221.4170 7034.1099 10967.6924
15730.7637 15343.7119 13694.8184 3531.4365 424.6462 7766.3008 19920.1445 16461.6660 5810.8945 13754.4512 7518.1968 10361.1377 3303.7310 6852.4033 36.9042 9054.9824 10137.4277 4832.9658 11337.5439 7329.1641 0.0000 6812.7729 4924.4697 8385.1660 12088.1064 4067.4390 3791.9868 2785.4509 10929.8701 2072.6704 13275.5166 9892.0566 11984.7295 4733.3418 12995.0234 10567.2754 3859.6194 13776.2910 1562.6969 6516.5391 12097.2295 6027.2280 13886.3008 6678.6953 1397.6346 3350.6343 10232.7148 7010.3394 10889.5889
15884.9570 15258.4268 13561.8105 3777.5764 513.5851 7728.7090 20047.9688 16424.3867 5832.9512 13612.9219 7631.0264 10249.0254 3363.2092 6827.9668 47.4465 9042.6943 10119.0215 4789.4536 11326.3682 7363.8467 0.0000 6943.6626 4929.4839 8446.4883 12166.5166 4150.4956 4283.7910 2766.8789 11931.5625 2147.3083 13279.1748 10063.9453 12025.2900 4628.5308 13055.4463 10557.3223 3808.0386 13881.0537 1612.0555 6668.9780 12207.6562 6075.8521 13838.1025 6790.0503 1673.5282 3391.7515 10230.6221 7021.5513 10877.5518
15923.0518 15201.2227 13939.6055 3669.2285 513.8975 7778.9858 19948.8633 16555.5703 5751.5244 13197.9844 7557.2251 10302.0605 3303.1533 6783.1514 35.8715 9111.6670 10068.6230 4746.3037 11338.3066 7365.8276 0.0000 6907.2158 4923.1895 8495.9131 12118.4824 4059.5212 4195.0122 2834.2283 11698.7734 2098.0500 13264.5732 9928.8496 11972.6279 4501.1958 12982.3369 10523.9570 3744.7324 13649.4639 1610.7156 6345.6172 12366.6582 6101.5967 13858.8721 6652.9780 1535.0873 3311.2141 10222.0693 6966.6289 10645.2598
15780.8984 15265.8750 13669.1260 3636.2019 524.5703 7844.3960 20009.7871 16551.9043 5837.2778 12782.0049 7592.4609 10345.1045 3330.0435 6734.0894 29.1531 8967.9072 10066.8740 4746.2725 11362.2412 7330.6270 0.0000 6857.0049 4859.3677 8282.1035 12068.1006 4094.4026 4191.3755 2813.0381 11575.0576 2031.4514 13253.9014 9970.5244 12039.9326 4466.5415 12959.2910 10536.4258 3788.5479 13788.8525 1688.7421 6085.7817 12137.9111 6053.6411 13848.3867 6685.2539 1448.8511 3371.4077 10228.0684 7023.2998 10704.3174
15658.5586 15276.3447 13584.9463 3746.8894 555.3129 7759.7271 19961.7227 16559.2285 5812.6475 13805.6562 7605.7944 10341.3105 3318.3960 6837.5259 28.9559 8948.6074 10114.2754 4803.1626 11297.8887 7398.2632 0.0000 6939.8184 4971.0854 8476.2920 12109.2178 4210.0137 4160.1719 2797.1094 11492.1123 2160.0999 13281.7988 9981.7285 11967.7090 4577.1895 12961.8379 10472.2275 3932.3032 13810.9912 1639.7412 6748.0220 12144.6484 6085.8057 13808.4512 6700.5522 1617.4153 3348.4907 10233.9727 7000.3770 10866.3447
15776.7646 15316.1162 13688.2578 3709.2371 513.9890 7726.0347 20023.1426 16547.5625 5848.1064 13575.1904 7617.4043 10217.0527 3338.1572 6734.9932 29.1299 9098.2891 10048.4277 4724.0972 11379.4814 7343.5288 0.0000 6969.6445 4936.8169 8406.6162 12086.3457 3986.3027 4115.1182 2795.2805 11675.9375 2172.5398 13330.7930 9993.5615 11998.7266 4572.8438 12996.6543 10614.4893 3834.5500 13844.6182 1629.4136 6619.7002 12278.2334 6118.5913 13861.9414 6773.2817 1524.8331 3314.8604 10205.3174 7004.0356 10938.4160
15774.7979 15335.1113 13602.3271 3759.0708 534.2729 7782.0347 19905.0078 16604.3555 5695.2715 13627.2480 7560.3428 10138.1230 3330.6521 6897.5049 32.6206 8991.0020 10102.8740 4710.2627 11392.2617 7318.4204 0.0000 6891.3301 4900.9312 8480.1846 12087.2910 4064.1130 4083.5452 2832.6938 11729.0439 2171.2607 13268.8135 9933.8936 12065.8691 4698.6187 12941.9873 10565.2539 3820.9924 13893.9697 1630.8818 6644.6260 12016.6504 6083.2871 13835.0352 6719.1851 1580.2566 3332.4453 10227.4082 7052.3682 10952.6816
15812.1367 15262.1172 13552.4434 3620.8010 532.0645 7778.7393 19915.5859 16513.1094 5819.2480 13642.1904 7606.0195 10097.7744 3328.7288 6754.3145 33.3854 9180.9941 10010.3252 4814.3271 11280.6523 7412.0854 0.0000 6957.3882 4966.4961 8384.5986 12082.1094 4158.0698 4170.7808 2761.9399 11540.8057 2210.3142 13285.9580 9979.6621 11925.9473 4572.4111 12962.8350 10553.3076 3858.1399 13789.2402 1598.6885 6648.0889 12036.0449 6065.7085 13794.5508 6656.9351 1557.5571 3296.3777 10234.4443 6985.7451 10790.6230
15860.8447 15195.9463 13816.6279 3675.5698 509.9384 7769.3755 19882.8281 16501.8965 5755.6577 13090.0693 7622.6177 10046.9648 3340.3557 6853.9976 35.3858 9048.0850 10012.4854 4738.0815 11339.9463 7346.6006 0.0000 6948.0386 4988.1313 8515.3682 12029.2852 4205.3496 4110.0640 2787.6357 11514.4395 2123.0964 13299.7783 9929.6055 11974.2568 4591.9941 12989.6416 10546.8193 3875.8770 13763.3906 1573.9052 6249.4058 12005.3438 6104.4062 13779.5225 6708.5376 1411.2156 3387.3440 10217.2021 7003.8491 10850.0830
15848.1104 15268.5703 13871.1016 3709.0872 559.9356 7743.2661 19888.4961 16571.2656 5875.0278 12748.8037 7630.5654 10204.4648 3387.9678 6788.0830 39.2385 8968.6260 10147.9561 4716.6938 11320.0820 7398.6553 0.0000 6916.2666 4924.7661 8434.7227 12036.7285 4139.5815 4103.6392 2776.5320 11480.4922 2100.5461 13304.7900 10043.7227 12055.8877 4430.7456 13031.9717 10569.0068 3889.5334 13750.4424 1638.4967 6017.6626 12089.3623 6075.1655 13825.6494 6776.3135 1521.2477 3345.2920 10217.5635 7070.2539 10758.5020
15906.9199 15346.1826 13739.8066 3717.2170 566.0482 7778.7773 19994.2363 16482.7930 5794.0610 13717.5596 7612.2285 10265.2275 3385.0588 6801.5210 33.8323 9119.6963 10148.4561 4772.5410 11256.0488 7323.4824 0.0000 6973.3809 4865.6323 8363.1172 12083.6631 4236.6016 4118.8608 2833.5667 11610.8223 2201.4155 13223.0586 9961.3545 11949.0410 4670.0059 12986.4482 10534.7539 3836.0999 13754.1426 1573.6071 6642.4390 12245.0508 6048.8511 13842.0977 6737.5947 1722.4407 3498.1094 10253.8857 7027.8369 10867.5986
15966.7686 15312.4951 13774.5039 3715.4739 514.1637 7756.8242 19944.4062 16514.0000 5802.5249 13538.5215 7584.8564 10160.1562 3340.5457 6818.3906 29.7150 9240.3135 10148.1201 4747.2168 11312.0547 7341.9692 0.0000 6934.7607 4904.2061 8404.1768 12088.4980 4027.6592 4115.5767 2817.9507 11438.0029 2185.1865 13260.9678 10019.7217 11933.9053 4597.8477 12977.0566 10557.2139 3852.4495 14047.8154 1610.6055 6569.8779 12152.7539 6058.5811 13768.6611 6725.6514 1640.5923 3418.3110 10229.2344 7000.6543 10714.6240
15752.0938 15270.6143 13747.0146 3631.0781 505.3293 7689.3867 19994.2500 16635.5859 5787.0850 13418.6982 7639.1641 10138.9951 3359.1326 6789.0195 31.0579 9229.0234 10071.7285 4734.5986 11345.7383 7346.0010 0.0000 6893.6475 4801.6328 8434.2705 12027.4707 4149.1772 4025.5859 2816.8679 11300.8105 2180.0759 13283.3086 10007.1895 12055.6982 4569.3877 13035.0977 10551.9668 3799.0488 13631.7559 1672.4459 6497.3389 12057.5107 6059.3032 13833.2539 6655.4116 1573.2723 3354.8445 10189.7695 7001.2139 10852.2021
15763.0371 15220.2588 13710.7490 3657.7900 515.9542 7782.0015 20011.0840 16562.3320 5779.7554 13574.3174 7591.3696 10089.5117 3388.5288 6827.1787 29.3690 9044.6318 10017.9717 4723.5054 11323.1631 7312.3584 0.0000 6883.4888 4961.6294 8426.7207 12061.6387 4139.7900 4080.1609 2775.4434 11392.1875 2156.9431 13301.2441 9968.8975 11980.4150 4394.3574 13039.7246 10530.4375 3876.5571 13819.0469 1641.5382 6396.3613 12128.0020 6078.8574 13765.8467 6651.4512 1609.5750 3394.8081 10229.1426 7034.1665 10753.7920
15812.7998 15205.6650 13711.8955 3686.1101 454.5208 7770.5127 19925.6699 16558.5898 5798.7314 13713.3311 7540.9771 10356.3828 3352.7493 6871.1108 31.9267 9042.7236 10093.6689 4780.1396 11325.7988 7404.3223 0.0000 6816.9229 4941.9121 8623.2168 12081.1562 4094.3911 4013.5774 2785.6926 11245.1289 2068.2927 13300.3398 9924.5391 12068.3662 4220.7769 12988.5605 10562.2529 3847.5156 13892.3643 1592.8711 6270.9478 12118.9707 6031.1030 13832.2900 6668.2925 1517.0026 3406.3928 10226.4170 7081.1675 10818.2217
15880.8232 15189.5156 13752.0410 3600.2974 491.8068 7690.4263 19986.6797 16530.3691 5788.2476 13527.5830 7625.6597 10306.8232 3372.0674 6741.7656 30.8811 8986.8252 10058.7627 4706.0073 11327.0928 7314.8188 0.0000 6856.1670 4885.1348 8469.9102 12083.4805 4252.2495 3993.9832 2786.2642 11298.9209 2150.1023 13212.8271 9988.4121 12037.3193 4223.5811 13031.0811 10605.1211 3940.1069 13855.9980 1656.2974 6310.6045 12176.3262 6058.9395 13844.2480 6689.4473 1659.0409 3342.8379 10174.6016 7010.7324 10772.8535
15986.0146 15340.7500 13696.3799 3587.3337 461.5252 7766.1416 19976.0566 16596.0898 5917.8545 13470.8037 7530.6206 10439.6240 3314.3606 6777.3047 27.0765 9089.5059 10074.9980 4669.2686 11328.7783 7381.9399 0.0000 6958.3408 4916.6841 8367.7402 12122.7979 4023.6438 4022.2107 2806.6240 11255.2891 2233.0549 13239.1426 9895.6465 12011.7764 4670.3979 13015.8574 10552.4121 3841.4504 13865.8066 1578.5502 6573.4331 12096.9238 6039.0835 13776.9609 6731.8301 1566.2578 3314.7478 10199.2344 7030.5215 10802.7490
15807.9814 15319.3945 13584.0166 3683.4873 477.9002 7735.9097 19852.9492 16497.7969 5900.9395 13572.1436 7597.2842 10254.1836 3330.1592 6814.7905 34.3705 9084.7266 10129.5820 4829.0312 11348.3604 7358.3979 0.0000 6951.6069 4936.3423 8342.0234 12074.2998 4061.4351 4018.2202 2824.1909 11245.8623 2167.3008 13275.3682 9955.6426 11957.7871 4415.8506 12958.4795 10570.9365 4000.7490 13550.7627 1658.4280 6461.5137 12290.2861 6037.3057 13849.6543 6659.2095 1642.5327 3336.8853 10226.0674 7056.7119 10966.0205
15732.4629 15295.7119 13701.1680 3662.9316 462.0008 7770.4624 19883.5273 16560.2852 5789.3188 13705.2773 7596.3706 10250.8760 3327.7676 6817.9561 37.4629 9178.2334 10087.7217 4762.8555 11316.1777 7315.6855 0.0000 6915.0854 4916.6167 8378.2979 12054.2041 4099.7583 4077.6194 2826.7700 11364.1367 2107.7871 13274.4971 9936.7578 12020.7812 4053.0574 13025.0361 10571.9424 3950.6877 13775.1299 1708.3983 6300.4355 12110.7793 6082.3560 13877.5469 6646.3711 1564.6936 3326.5029 10236.6885 7026.2661 10937.9414
15838.8037 15241.3662 13453.3115 3639.0618 419.1761 7754.9067 19875.9492 16542.3652 5804.3623 13647.7031 7584.9053 10279.0742 3358.8682 6832.9297 37.8584 9029.8438 10074.8545 4744.0034 11308.0986 7361.0737 0.0000 6903.5210 4922.0215 8436.9385 12023.8506 4150.6343 4031.9595 2779.4631 11296.8398 2167.5720 13269.9619 9890.6875 12039.2441 4315.6885 12958.5059 10549.2471 3831.1367 13764.2236 1498.0350 6395.9844 11837.1992 6092.0532 13772.5264 6726.1699 1591.2266 3338.8936 10202.8799 6984.2065 11001.6738
15773.1279 15291.3428 13536.1855 3695.2063 466.1734 7775.8940 19921.8926 16644.5762 5835.5366 13597.9941 7572.5264 10227.1094 3397.1636 6778.6826 38.8902 9111.7002 10099.0645 4796.2920 11310.1904 7374.7095 0.0000 6930.1357 4949.8530 8380.3359 12074.1182 4183.2227 3976.1970 2796.9021 11312.2959 2227.4524 13297.4316 10020.6631 12057.3174 4517.1680 12939.7607 10533.9580 3803.1101 14008.6855 1597.4673 6509.4536 11985.1445 6059.7373 13822.1895 6705.9424 1588.4564 3391.4587 10218.9658 7009.0146 10804.9922
15847.5830 15286.4707 13849.5352 3683.2986 537.1573 7729.2012 19986.9492 16523.3730 5800.7100 12982.9678 7551.6104 10350.4980 3277.9795 6749.6328 34.0987 9071.8594 10031.5566 4751.6475 11367.6367 7325.6929 0.0000 6884.1934 4842.5400 8433.3828 12068.4053 4085.8147 4031.4280 2816.4263 11325.5156 2152.7520 13268.1650 9998.8672 12012.1865 4368.0181 13032.3145 10588.2412 3863.1892 13830.2959 1648.0909 6104.3721 12215.3877 6071.0854 13764.3672 6667.4136 1582.9213 3295.6719 10208.6826 7060.1104 10787.5361
15908.5703 15294.3389 13788.1846 3640.3018 485.4982 7754.1030 20046.0078 16612.0117 5806.0913 12513.7197 7602.8159 10344.6875 3321.4119 6846.3428 41.4807 9135.4893 10170.1631 4772.9990 11337.1992 7298.3594 0.0000 6948.7080 4916.7158 8459.1797 12005.1523 3967.2039 3994.9849 2784.0193 11157.2842 2136.8877 13307.6035 9963.8936 12027.4561 4399.1729 12943.0186 10486.6641 3782.0884 13903.0566 1591.9727 5790.1465 12158.3721 6083.3081 13806.4717 6704.7412 1539.6976 3297.9417 10204.8662 6993.3091 10888.1416
15839.4346 15189.3701 13743.1055 3622.6943 433.9295 7795.6846 20016.6387 16539.0898 5839.5962 13415.8418 7580.5732 10256.7432 3305.9868 6813.4219 35.4757 8956.2119 10098.2988 4758.5732 11367.7080 7386.7451 0.0000 7001.1772 4918.1411 8412.1934 12115.8926 4040.5310 3920.0593 2810.8215 11103.6865 2268.4080 13243.6748 9901.4141 12111.9561 4893.3940 12979.9531 10497.2041 3859.1179 13763.9658 1711.6782 6475.2710 12188.1367 6044.5879 13821.0645 6686.3525 1656.7053 3333.3411 10218.2852 7007.1992 10906.0205
15824.1670 15217.3145 13560.1777 3676.3479 529.2996 7734.7314 19955.2500 16536.3652 5852.6172 13587.6182 7588.2637 10387.1621 3288.6340 6864.4360 27.6687 9081.8955 10101.5488 4719.2002 11353.6768 7490.4971 0.0000 6930.6211 4994.6382 8554.9014 12115.4688 4087.0786 3964.3464 2811.2222 11297.6045 2199.0598 13314.1836 9968.4365 11964.2041 4470.0034 13044.1455 10534.0625 3871.8896 13764.1885 1683.0157 6552.5283 12144.8027 6022.0615 13853.2490 6650.6401 1728.4832 3371.4905 10215.8506 7052.3936 10774.8154
15674.7783 15334.6250 13645.9287 3663.1230 478.3901 7718.2554 19959.6035 16629.7891 5785.5508 13813.9082 7619.2764 10227.0840 3344.8291 6815.6030 44.4015 9136.0312 10061.4951 4736.2661 11423.3516 7387.8213 0.0000 6875.6602 4956.1890 8298.4141 12067.4365 4219.3779 3978.6792 2741.9460 11223.1621 2263.0249 13298.8154 9947.6406 12009.4678 4660.8511 12986.8350 10556.1631 3843.4080 13671.6221 1583.4221 6731.4414 12066.7588 6027.3188 13814.9180 6725.7524 1630.3894 3389.5232 10205.8682 7026.7881 10935.9199
15701.4346 15339.0928 13734.7705 3662.3796 437.5491 7713.2822 19997.0977 16533.7441 5817.6558 12632.2861 7533.5049 10396.9023 3351.6694 6790.5830 38.3297 9024.6152 10055.4297 4765.3511 11322.5186 7336.7090 0.0000 6916.6079 4935.3618 8360.4023 12071.4004 4028.7217 4007.4861 2805.8198 11203.6738 2124.6252 13232.2979 9949.3467 12010.2461 4238.7637 13024.1875 10533.6533 3807.2910 13623.5244 1673.8015 5937.1343 12082.6426 6042.5093 13841.5840 6691.3076 1477.8309 3340.2539 10238.6533 7010.8838 10818.9258
15981.6318 15287.5400 13782.3193 3634.1777 436.5158 7716.3638 20065.4922 16564.6680 5813.0610 12009.1299 7632.7554 10285.4971 3300.5266 6759.6968 27.0299 9134.4033 9950.3701 4687.2485 11328.3545 7404.0508 0.0000 6908.3608 4861.3135 8336.1719 12133.0342 4048.8352 3935.2488 2779.6802 11220.5215 1982.8047 13246.0527 10036.2041 12018.0732 4060.4082 12981.7529 10544.6992 3862.0940 13442.2490 1600.4110 5433.0508 11963.3574 6075.7568 13835.0566 6643.9526 1336.0897 3363.9294 10210.3066 6984.4517 10753.7900
15839.1162 15281.6963 13711.8945 3686.4146 403.9680 7789.9033 19941.7891 16554.6602 5886.9692 13927.7393 7679.2021 10323.2344 3337.9260 6814.7002 26.0490 9088.3750 10173.9297 4765.3091 11319.1865 7351.6387 0.0000 6869.9160 4878.0200 8540.8203 12076.1992 4117.9683 3985.9119 2813.7788 11339.8555 2220.8784 13268.6504 9955.2969 11978.2432 4732.6479 13019.6797 10526.7666 3787.8792 13741.8896 1625.6050 6824.8413 11934.6240 6082.5112 13850.4414 6655.7178 1621.8372 3320.7104 10205.4873 7023.9912 10818.6797
15712.8701 15223.0898 13794.5068 3645.7207 512.3893 7780.1304 19953.9258 16403.3008 5786.6343 13578.9551 7580.0776 10541.8672 3359.5664 6854.6870 26.7242 9127.1826 10068.4658 4799.6421 11296.8076 7256.2197 0.0000 6884.2944 4895.3281 8255.2871 12016.4033 4096.7778 4027.4583 2779.7737 11510.8428 2212.6423 13268.2646 10046.9111 11963.9814 4596.0747 13053.3115 10582.0117 3791.0164 13973.0176 1565.4799 6612.0776 12382.9053 6086.1509 13834.2109 6674.7061 1646.6351 3341.8516 10266.2471 6979.2852 10896.4072
15660.8916 15305.7314 13648.0889 3659.6611 496.3578 7758.5840 19996.4277 16503.3281 5786.7139 13530.7197 7589.1660 10127.0322 3348.0701 6765.8779 34.9951 9130.2812 10156.7334 4813.6499 11338.3398 7392.9966 0.0000 6915.5420 4954.6621 8374.1182 12020.6758 4117.5425 3969.4805 2840.4504 11142.9102 2262.1113 13246.8867 9907.0312 12025.0137 4842.5659 13011.4785 10505.9141 3897.2917 13696.0137 1653.1486 6634.7300 12229.1514 6056.0918 13845.6641 6630.2930 1640.2993 3362.9075 10197.7012 7008.7690 10796.5088
15818.3301 15300.7070 13792.6465 3602.1287 488.6359 7792.1753 19943.5957 16506.3887 5820.4028 13324.9092 7585.9189 10377.1982 3344.9048 6802.4517 35.4820 9082.8730 10012.9238 4821.8936 11340.3984 7389.8530 0.0000 6960.4131 4930.9141 8407.5713 12101.3174 4164.7295 3912.0474 2776.3599 11027.1787 2268.8684 13303.0859 9987.3701 12025.3154 4760.5605 13011.0898 10523.0391 3939.1350 14056.1484 1684.9843 6519.0801 12052.4414 6062.6958 13801.9951 6657.6875 1564.1755 3344.4631 10194.2344 6950.0562 10828.3398
15769.2383 15222.0781 13578.5391 3674.6643 459.4969 7767.0181 19989.1094 16546.3398 5848.8081 13663.6113 7577.9380 10279.5518 3276.2324 6901.8809 34.6804 9047.0664 10045.0801 4788.8115 11327.0088 7311.5767 0.0000 6855.1357 4935.9092 8609.2227 12136.7744 4168.3599 3966.7512 2828.3281 11241.6475 2244.5481 13253.1250 10019.5576 12015.6621 4849.8110 13041.0791 10589.4707 3827.8040 13916.6260 1559.2286 6580.8760 12057.0654 6060.4209 13820.0508 6624.9595 1659.8541 3390.0083 10242.1143 6979.2104 10881.4785
15967.2246 15342.8008 13577.1240 3593.1555 473.0152 7721.2783 20020.2188 16606.9199 5742.4756 12723.2910 7682.4297 10354.2900 3276.3838 6836.6455 38.9326 9185.2441 10082.5273 4798.6699 11368.3516 7323.5796 0.0000 6868.2285 4966.8232 8524.7061 12110.1963 3998.1738 3924.5774 2797.0955 11186.5303 2170.4238 13279.5879 10040.8643 12023.1260 4816.8389 12982.6738 10570.0635 3957.2139 14069.7578 1615.9470 5967.7432 12127.5459 6068.1724 13819.0850 6639.7036 1451.4434 3369.6611 10208.8408 7020.0977 10806.1592
15905.1719 15238.6406 13699.4248 3605.0408 522.1467 7786.3687 20089.0645 16485.1602 5786.4126 12267.4141 7635.6875 10131.2119 3302.6184 6778.0547 31.5374 8984.4844 10079.5049 4807.4707 11322.4492 7333.1562 0.0000 6933.8364 4903.7241 8324.3145 12041.0742 4040.6763 4025.4507 2756.0417 11386.5693 2146.9587 13315.7490 10124.7139 11979.3164 4228.4023 13017.9922 10590.0342 3826.9290 13734.8994 1568.9360 5807.4331 12183.4170 6062.0894 13824.2998 6677.0059 1460.2177 3348.2676 10244.3789 7023.5830 10863.6074
15771.0752 15274.5273 13628.6904 3630.0173 451.3187 7782.2700 19919.0059 16562.4297 5765.5547 14046.2998 7588.1396 10065.1074 3320.9368 6838.7051 37.0951 9026.5957 10054.0615 4756.4253 11340.1699 7258.4565 0.0000 6874.8101 4968.5908 8244.3281 12060.5342 4147.4102 3974.9785 2804.5898 11218.9150 2189.7898 13262.6113 9925.5996 12042.4209 4628.9575 12955.6250 10557.5273 3904.6567 13696.7285 1585.8461 6792.5376 12086.3652 6029.8906 13783.6582 6662.5854 1716.4133 3396.6487 10239.8662 7018.8267 10869.6689
15960.2168 15283.7168 13695.5996 3719.0002 554.9464 7778.3193 19911.3398 16541.4082 5774.5698 13367.0215 7614.7344 10111.2930 3329.5156 6800.1260 40.5529 9223.6123 10127.2324 4797.4170 11386.1689 7315.0703 0.0000 6895.4902 4898.9692 8446.3506 12068.4482 4150.3862 3920.5630 2810.6472 11264.4766 2216.3052 13276.7422 10013.9688 12081.8760 4709.0952 12984.5469 10531.9766 3731.2529 13546.3340 1571.5681 6458.9839 12253.8408 6030.5469 13861.1406 6623.1553 1579.5541 3462.3967 10217.4180 7038.9624 10788.1328
15887.2783 15157.8350 13687.1250 3647.9614 519.8219 7724.3921 19962.6895 16548.1016 5828.9854 13423.6201 7623.2217 10318.8027 3348.3584 6829.3203 32.7104 9211.9668 10078.7656 4815.2261 11309.3311 7430.8706 0.0000 6913.0464 4960.1226 8265.1865 12135.2793 4192.2866 3952.6536 2816.6448 11241.5459 2228.5869 13301.0684 9906.7275 11990.8193 4995.2588 12930.3330 10524.8135 3849.5747 13895.3604 1623.8060 6490.5996 12100.6113 6084.9517 13792.0762 6592.2773 1597.1407 3346.3240 10226.9141 7014.1313 10680.3789
15794.1338 15282.4082 13614.8555 3600.5898 444.8107 7758.8833 19991.8086 16548.3145 5881.6445 13715.2197 7575.5269 10176.5645 3316.0591 6800.7017 35.8077 9087.9658 10075.5605 4792.7222 11333.8740 7426.6875 0.0000 6939.2563 5014.8486 8531.6055 12109.8887 4059.5781 3961.6865 2808.3311 11155.6543 1986.8503 13256.2295 9872.7197 12085.2012 4586.4438 13009.6094 10493.8184 3887.8362 13767.8359 1589.9506 6492.9087 12019.5342 6049.0181 13872.8311 6612.3218 1520.3519 3386.7273 10185.2529 7052.3213 10952.4580
15870.7568 15211.7480 13812.3516 3644.6775 442.5628 7777.5815 19983.7930 16536.9473 5727.5044 13917.9482 7615.7949 10240.2412 3297.9783 6786.4287 34.6875 9011.9541 10130.1270 4745.3462 11309.1934 7379.5293 0.0000 6846.1094 4964.6992 8449.1826 12078.8711 4087.0786 4014.2136 2773.5710 11293.6309 1877.4286 13272.8223 10077.9697 11952.9844 4486.5547 13024.7256 10614.4316 3739.5132 14013.0723 1696.1742 6574.6353 11877.7285 6026.6104 13865.5283 6715.8145 1585.4041 3305.2358 10250.2451 6980.1772 10890.6348
15716.7949 15368.1553 13774.2354 3638.1250 415.7433 7738.9219 20021.1094 16624.9844 5834.8447 13833.3555 7610.7930 9989.3721 3359.5955 6757.5254 30.8262 9006.1436 10123.9316 4766.7549 11357.1719 7352.1719 0.0000 6857.8765 4862.3516 8286.7910 12075.9863 4107.0386 3975.9580 2825.2527 11196.5352 2190.0818 13241.5020 9999.8164 11971.0371 4603.7456 13001.7705 10518.0771 3830.8535 13965.6436 1669.0962 6702.8315 11868.4854 6049.9707 13804.5967 6727.5532 1557.5756 3352.6694 10222.9814 6986.8896 10803.2725
15989.9580 15344.5762 13800.7168 3634.3457 497.2371 7782.7695 19902.3320 16439.6152 5756.7539 13846.3623 7616.7368 10297.1602 3289.5315 6812.1265 34.6317 9046.9658 10101.3887 4791.7773 11327.9062 7386.7456 0.0000 6919.0444 4856.6504 8481.2656 12079.1162 4033.5779 4073.8879 2770.9514 11429.0098 2179.5146 13251.8223 9964.9258 11935.6650 4491.4380 12988.1807 10537.7725 3908.6921 13787.5244 1571.8547 6697.5942 12160.8125 6050.3013 13806.2334 6641.2754 1677.1259 3356.1887 10202.7041 7050.4014 10856.4678
15879.0713 15320.7148 13939.7979 3626.4736 475.5867 7769.3638 19995.5469 16535.7207 5859.3857 13850.9268 7633.6592 10272.5791 3332.0469 6827.0562 35.9883 9155.2861 10005.6514 4730.2026 11339.5156 7347.4521 0.0000 6931.2441 4956.2324 8589.0986 12114.1318 4168.7930 3972.7900 2788.4814 11220.3643 2151.9436 13307.8330 10021.8926 12094.9688 4474.2021 12986.8691 10499.3838 3816.6902 13669.5547 1640.4897 6751.4834 12169.7090 6077.4243 13879.6816 6599.0190 1709.4158 3344.6357 10226.3154 6999.7651 10747.6230
15798.9082 15253.4561 13798.7451 3580.7998 417.8443 7751.4038 19971.7461 16504.7559 5781.9722 13719.6592 7652.7075 10215.3984 3320.8967 6820.8413 42.1190 9016.8096 10163.3906 4698.9932 11348.1748 7313.7822 0.0000 6931.4292 4981.1714 8405.6924 12108.4004 4180.6821 3937.7188 2804.1121 11128.8418 2173.8027 13306.6836 9933.5723 11982.9492 4607.7378 12968.6787 10589.1553 3953.5776 13818.8643 1663.4003 6578.4209 12140.5840 6138.1426 13883.5146 6624.4160 1711.2585 3322.2920 10253.5273 7003.8682 10842.8789
15833.3447 15377.9424 13618.4756 3627.7493 435.1887 7759.7505 19917.1289 16503.7246 5795.2041 13757.4775 7588.9785 10371.0762 3365.9788 6733.6138 41.3416 9076.6055 10044.8340 4818.7642 11312.2852 7293.2905 0.0000 6885.3892 4883.7510 8403.4707 12095.3057 4246.6675 3955.0232 2785.7205 11283.9395 2138.1406 13234.3867 9938.8398 11929.2109 4904.2632 12998.3252 10527.3613 3860.8435 13680.2285 1665.3389 6565.3662 12076.7695 6086.2959 13815.7773 6716.2617 1511.5955 3393.9844 10226.0576 6973.4932 10820.2354
15713.5498 15246.0605 13469.5674 3658.6951 470.0126 7746.5635 19964.6230 16503.3223 5736.3960 13755.9795 7606.9731 10322.9727 3307.1367 6963.5879 33.7759 9176.7910 10071.8633 4745.9517 11315.6367 7381.5571 0.0000 6976.1216 4948.3105 8467.8252 12138.0020 4058.6548 3922.3997 2783.7432 10962.3877 2133.2041 13239.7695 10013.4512 12063.8809 4447.8589 13012.9268 10584.0908 3811.0342 13690.0752 1587.6892 6650.4121 12186.3115 6037.0205 13833.2314 6629.9648 1583.9247 3276.3401 10211.3936 7037.2446 10873.6895
15855.5830 15370.2207 13719.9824 3654.6035 433.3725 7742.4253 20077.7734 16496.0410 5773.9976 13933.0605 7643.7646 10038.1768 3302.2129 6840.3374 36.0115 9111.9307 10153.8037 4829.1333 11339.5303 7410.5078 0.0000 6942.0483 4946.4023 8491.9131 12218.6270 4138.0151 4014.7468 2874.1208 11061.9863 2139.6277 13238.6855 9980.1328 11978.3984 4537.5190 12943.9141 10617.0205 3847.6133 13943.4688 1629.4803 6784.8735 11978.7305 6037.2217 13852.6123 6675.2964 1580.7124 3346.4954 10224.1943 7020.3496 10825.3691
15679.2100 15313.3154 13801.6328 3642.6052 445.9229 7796.0229 19981.3457 16516.1035 5921.8901 13965.4297 7674.7021 10228.3428 3388.0088 6764.9546 32.0322 9234.6289 10181.3740 4803.6201 11328.8887 7265.5107 0.0000 6951.7124 4820.9946 8360.3955 12096.5049 4149.6787 3968.5762 2783.4060 11431.5439 2138.0789 13304.2285 9953.2861 12050.6338 4590.2373 13008.4570 10564.5703 3810.0879 13755.1172 1673.3281 6780.7607 12075.1855 6080.4062 13837.7725 6664.1611 1669.1389 3377.8513 10230.4307 7030.2852 10814.0781
15818.1230 15172.1924 13488.0195 3687.5232 511.0517 7776.5508 19989.7832 16647.3730 5794.3584 14020.3848 7570.2441 10362.6211 3400.2097 6827.0205 29.1077 9140.3008 10075.3496 4766.7378 11317.4355 7393.8916 0.0000 6947.6675 4942.6084 8521.5859 12125.5928 3990.0574 3996.3298 2779.3206 11367.9326 2138.3743 13328.9668 10044.6123 12036.7021 4584.2002 13049.5869 10639.4941 3787.1951 13888.5176 1622.3118 6814.7520 12185.3730 6055.2446 13886.8926 6583.2446 1618.5299 3322.2275 10238.5684 7023.2407 10901.3057
15797.5498 15412.3486 13697.0400 3585.9373 447.7554 7731.3892 19942.3203 16609.7480 5750.8105 13470.3994 7581.6191 10206.5635 3369.5601 6807.4829 30.5231 8906.6836 10144.5020 4831.1650 11334.3203 7397.5547 0.0000 6922.2271 4930.3149 8435.3633 12148.7051 4073.9795 3978.7583 2811.3469 11339.0146 2046.1344 13300.3975 9962.1201 12032.7793 4394.3525 12985.4688 10505.9033 3845.2891 13549.1387 1609.8174 6391.1606 12249.5352 6043.3374 13817.3486 6607.8403 1539.2631 3300.7161 10231.1250 7047.0649 10943.0498
15873.1318 15433.2852 13869.3662 3639.4731 525.6035 7754.3750 19813.5996 16485.0938 5811.4717 13113.1416 7623.8823 10337.7686 3282.5427 6800.3237 28.6360 9142.0430 10075.3906 4793.3623 11355.0879 7311.0112 0.0000 6910.4321 4896.0615 8318.5869 12093.2100 4115.9590 4046.0073 2812.9233 11412.8037 2024.6437 13294.1875 9972.0039 11884.6846 4140.1641 13058.0615 10537.2666 3867.9116 14025.2031 1615.3850 6133.3267 12336.9980 6080.3003 13880.5742 6694.5337 1466.2925 3314.3728 10207.5566 7026.5244 10879.5547
15889.9131 15310.3594 13846.7891 3631.8767 464.4223 7778.3057 20019.4688 16606.8281 5820.7915 14151.4189 7500.6040 10214.5020 3302.4658 6754.9263 29.6855 9069.8867 10039.5381 4733.4277 11326.6865 7313.5039 0.0000 6910.0474 4890.6562 8429.4863 12119.2031 4078.4092 3978.1641 2836.2769 11286.7217 2112.3835 13317.7109 9953.6885 12043.1826 4611.1958 12984.5273 10568.2148 3827.3494 13724.0391 1586.2745 6966.6997 12124.5107 6079.8320 13792.7900 6675.8687 1621.1340 3379.6790 10218.0947 7003.8047 10882.2666
15970.2451 15289.0576 13717.2979 3688.6785 441.3586 7774.8721 19904.1250 16495.4336 5805.0127 14059.6953 7620.5796 10212.4121 3362.0642 6755.1743 34.9353 8998.0244 10086.1328 4705.7100 11338.9932 7350.3452 0.0000 6970.4595 4896.2812 8442.0557 12132.8223 4115.5020 4025.5679 2808.8521 11251.1445 2116.6060 13271.9043 9978.1982 12011.5557 4442.6709 13002.8281 10539.0918 3874.4121 13805.1641 1670.2947 6837.8877 12046.7686 6009.4775 13790.3770 6731.8882 1621.3845 3370.7852 10233.0742 6998.0703 10878.2900
15730.0801 15223.5332 13658.2852 3564.9158 489.3752 7749.1274 19938.8105 16302.4824 5850.6709 13536.5352 7577.5640 10227.9668 3331.9102 6929.7036 29.0770 9052.4580 10093.9912 4709.9517 11334.5137 7346.7129 0.0000 6888.6392 4923.7788 8419.2520 12069.6006 4036.7986 4023.4595 2780.3538 11221.7949 2048.8538 13236.6523 9937.6855 12067.9326 4292.4932 12957.1035 10492.2578 3904.0205 13744.1318 1664.9331 6518.7085 12306.9707 6047.4023 13800.9033 6709.2710 1587.5040 3307.9822 10206.9150 7037.5342 10876.5322
15757.7598 15197.5684 13692.1924 3650.7402 440.4734 7778.1797 19896.3008 16497.4961 5796.9448 12959.6406 7558.8774 10128.2852 3323.9573 6857.1221 30.8641 8905.7695 10051.5312 4776.0190 11354.4854 7358.2739 0.0000 6891.5601 4946.7305 8507.2090 12003.3340 4129.2388 3977.9526 2801.4832 11166.9990 2297.7476 13308.3320 9865.6836 11919.4189 3787.8103 12995.2266 10523.1846 3871.3030 13627.8408 1658.8466 5980.2412 12130.7998 6076.5635 13811.4844 6656.3682 1655.2329 3391.9792 10198.7334 7008.6733 10791.2129
15844.1465 15306.7715 13643.9561 3677.7446 558.1615 7757.6528 19963.4141 16559.0293 5813.9053 13865.7285 7591.3828 10127.0264 3307.1033 6801.8892 28.3798 9011.3193 10081.2920 4784.1177 11317.8223 7338.7720 0.0000 6960.4595 4903.2490 8656.1221 12048.9541 4369.0957 4062.3477 2796.0093 11531.4922 2543.6912 13313.0439 9915.8545 11993.3086 4158.0698 12983.7236 10594.0254 3819.0601 13758.0391 1650.8568 6566.6230 12183.9121 6058.5762 13833.5146 6735.8105 1733.3945 3391.1997 10267.8359 7020.1660 10855.8682
15709.5938 15370.5986 13817.4062 3635.4968 542.4510 7742.7905 19936.9082 16550.1953 5738.1445 13066.0723 7543.9634 10354.6172 3303.6416 6747.3823 32.8739 8980.3877 10130.7695 4698.7163 11335.4082 7395.4067 0.0000 6939.0337 4954.6577 8432.6670 12013.0850 4112.7310 3989.1208 2755.8811 11339.0439 2072.7207 13300.5977 10033.0264 12011.0645 5186.4771 12947.8799 10551.6143 3927.2214 13628.8955 1597.3729 6369.1499 12275.1309 6064.3564 13818.9336 6720.8638 1422.1609 3372.0923 10214.2480 7049.6245 10898.0205
15858.1514 15351.1826 13662.6494 3637.7429 526.1026 7782.0698 19967.5430 16489.8086 5837.9136 13000.2041 7601.8223 10253.7090 3281.6650 6878.2183 39.4576 9157.1318 10138.9854 4814.2900 11344.2051 7329.1318 0.0000 6920.6851 4978.9956 8388.3447 12162.8633 4017.2703 4075.0007 2762.8718 11449.6973 2196.8379 13297.8809 9936.5439 12024.9639 4731.8110 13103.6113 10592.7021 3851.9570 14004.5908 1521.1477 6294.9604 12202.4648 6099.7026 13844.1230 6682.2314 1559.4808 3346.9021 10200.4014 7023.5786 10734.1094
15736.3799 15355.8535 13572.8516 3656.5112 477.4436 7823.6621 19894.1562 16582.0723 5682.6890 13276.9707 7561.8018 10244.7695 3342.7192 6886.0728 30.9785 9077.4443 10194.2500 4704.2261 11368.8398 7440.3525 0.0000 6936.1855 4966.1714 8403.5176 12027.2354 3976.4097 4035.8853 2774.6064 11311.3408 2206.6326 13300.6963 9863.0869 12069.4902 4820.5596 12981.7676 10497.7080 3868.7686 13635.9512 1637.2664 6355.4795 12128.6230 6048.8579 13839.8105 6695.7769 1541.2505 3288.4099 10224.6592 7023.8398 10957.9814
15718.7568 15242.1768 13754.2549 3638.7317 457.9623 7784.7188 20007.0215 16606.4082 5769.6382 13213.7617 7642.3003 10278.7725 3323.9692 6879.5747 28.3906 9037.5273 10053.1348 4726.3774 11368.0850 7356.0825 0.0000 6940.6143 4980.3247 8181.5889 12066.3633 4170.9873 3979.6882 2787.9187 11272.1084 2173.0942 13285.8486 9970.2334 12013.2607 4648.4673 12973.7295 10517.3223 3797.9607 13427.3027 1517.6272 6398.7905 12000.3369 6055.5229 13868.8535 6658.6509 1567.4586 3361.0039 10226.3887 6991.7998 11014.8301
15834.5068 15249.9512 13843.7451 3612.7732 465.0096 7736.0205 19968.6680 16534.7754 5747.5757 13120.7080 7534.9136 10310.1162 3356.2871 6763.3560 26.4024 9137.9541 10188.7480 4697.1987 11317.2441 7416.9810 0.0000 6903.7793 4939.6016 8378.0352 12017.2461 4113.1528 4033.9731 2754.7207 11353.0254 2268.9626 13268.3359 10030.4482 12046.9971 4635.0986 13015.9961 10577.5596 3879.6140 13705.4824 1634.1986 6391.0439 12125.6289 6093.7559 13806.4736 6635.6621 1371.7953 3350.6143 10204.8115 7027.7783 10932.5908
15826.6113 15279.8066 13701.3906 3616.5623 453.1956 7771.0630 20062.3496 16671.4805 5808.8408 13272.5439 7582.1118 10308.9902 3341.9949 6795.0044 32.9715 9151.3223 10058.5957 4794.8574 11329.2041 7385.9727 0.0000 6788.9780 4950.6274 8390.2852 12114.2070 4198.6494 4017.6960 2820.0027 11451.1719 1982.6776 13256.6777 9895.8857 11925.2656 4415.8096 12984.6973 10520.4336 3847.2498 13944.8389 1636.9540 6126.2603 11871.9023 6077.0317 13793.0391 6616.9443 1404.4869 3317.7466 10212.4707 7003.7510 10687.7021
15900.3066 15197.6719 13701.6572 3691.4302 511.3388 7817.8955 20029.6504 16610.4082 5767.3223 13107.2441 7651.2451 10350.2090 3367.5020 6764.4575 33.7726 9023.7002 10040.2070 4764.1758 11286.3389 7321.9927 0.0000 6757.4751 4928.9668 8397.0049 12179.1768 4181.5752 4029.2932 2830.2991 11411.7939 1778.6073 13310.3223 9962.7373 12017.7695 4234.0093 12998.4150 10619.6826 3828.7185 13758.0400 1605.7766 5959.1362 12037.2441 6080.2710 13799.5664 6638.6416 1383.8104 3376.1677 10275.5908 6990.6348 10718.8701
15806.3232 15270.4512 13816.3105 3654.3127 535.3436 7768.9092 20017.6973 16580.0527 5856.9019 13430.4609 7586.6055 10223.1436 3349.5493 6851.8447 32.2798 9115.9609 10090.8613 4742.8037 11372.8682 7333.1338 0.0000 6917.8940 4938.4937 8401.9727 12057.5576 4075.5261 4026.8601 2834.7219 11243.4766 2162.2290 13261.4590 9984.0732 11971.2139 5211.1182 12970.3008 10560.7227 3824.6465 13851.5518 1644.2140 6506.1890 12035.9512 6053.4399 13855.9238 6611.8271 1451.9081 3453.3772 10243.3350 7010.8320 10777.8604
15885.7021 15293.1904 13729.5811 3646.8726 478.5974 7743.6377 19990.2852 16537.6230 5830.0073 12973.9717 7575.6987 10249.2900 3332.9270 6869.0625 33.7696 9113.5898 10196.1514 4773.3945 11344.3027 7367.7554 0.0000 6896.4053 4783.8369 8321.1582 12120.2148 4033.6357 4076.0139 2780.7957 11345.9170 2025.0884 13299.1348 9975.1094 11983.2188 4611.7554 13035.3652 10542.7021 3843.9275 13832.0762 1614.8267 6172.3911 12258.8809 6078.7285 13822.1641 6701.2837 1412.1940 3385.5264 10216.4365 7041.7910 10977.2861
15921.1133 15304.4756 13760.6611 3655.8835 474.0063 7780.7588 19970.7422 16510.4082 5812.1841 12721.1924 7690.5986 10359.7324 3452.6025 6815.1304 38.1908 9300.9199 10052.3447 4840.4663 11315.6719 7435.1685 0.0000 6945.3623 4885.7080 8289.8359 12065.0664 4125.9312 4004.1904 2794.0857 11531.9072 1896.5679 13306.3789 10065.6123 12072.6514 4720.5049 12984.6162 10477.0420 3888.4946 13918.2500 1597.5415 5986.5464 12278.7979 6091.5151 13813.3740 6667.7480 1282.6360 3374.1409 10215.5273 7060.5088 10709.6162
15944.8398 15180.2686 13732.9102 3694.0955 501.2419 7714.2749 20013.4766 16506.5664 5810.8735 13678.0557 7599.3779 10281.8379 3314.8511 6762.9248 48.1239 9237.5469 10037.9814 4777.2188 11380.3564 7410.5137 0.0000 6960.9414 4914.0464 8553.2002 12042.9609 4208.2773 4020.0842 2821.3730 11457.8057 2242.1433 13221.9365 9945.6221 12039.8955 4708.0776 13050.2764 10603.7168 3817.4395 13894.0332 1575.6691 6572.2969 11842.7891 6035.1392 13838.9199 6657.8032 1536.4506 3319.2756 10234.5420 7049.2583 10855.2227
15825.0420 15289.1572 13677.7139 3630.6738 495.2065 7724.1777 19869.1270 16670.5352 5785.6118 13203.4795 7596.7617 10255.5820 3288.6892 6793.5381 48.6963 8981.2812 10085.5234 4725.7930 11322.5791 7378.7314 0.0000 6945.0610 4954.3042 8414.9551 12008.4688 4097.5742 4030.1609 2804.2527 11198.3311 2262.6326 13227.1895 9984.7129 12048.4082 4194.9771 12928.5215 10524.2891 3858.7954 13824.5234 1609.5358 6303.2246 11996.5908 6031.1064 13753.4590 6788.0229 1613.3837 3328.6099 10205.3154 6983.9243 10858.1680
15751.1787 15245.2559 13611.0557 3706.3965 473.3706 7773.8496 19926.4004 16560.8672 5903.8535 13418.1191 7564.4360 10270.0322 3355.0132 6756.3389 34.8467 9180.5566 10063.9346 4722.4805 11315.1777 7344.0083 0.0000 6982.0366 4899.4673 8448.4844 12053.4385 4123.4121 4049.2778 2791.4961 11328.6914 2174.0256 13258.0244 9969.2480 12012.3193 4639.8799 13013.0117 10544.4609 3897.4993 13624.9385 1625.0692 6543.8228 12147.7031 6037.5020 13823.7764 6714.2017 1560.1335 3373.6619 10239.8672 7023.2666 10830.8164
15772.0820 15183.2852 13614.9395 3667.6050 460.0697 7720.5737 20017.7129 16512.1973 5822.5908 13540.4209 7540.7275 10151.8066 3346.0503 6873.8325 27.9753 9153.2979 10070.6816 4762.4229 11298.6406 7421.0288 0.0000 6739.2349 4956.4878 8522.5186 12050.4678 4097.7383 4038.9014 2810.4614 11475.6582 2192.2371 13253.3154 9905.1221 11996.5723 4423.6538 12960.4658 10525.2168 3889.2966 13859.2012 1752.8593 6423.2139 12022.0215 6054.3882 13771.6699 6635.9556 1555.2311 3357.7605 10190.0625 7030.1953 10746.9131
15676.5400 15169.6250 13810.6924 3620.5208 491.3196 7771.8477 19910.7402 16486.1387 5834.0117 13510.6377 7523.6294 10239.0029 3319.9570 6754.3677 32.6346 9059.2295 10055.2393 4785.6934 11331.4141 7401.1943 0.0000 6712.8286 4892.5469 8486.3535 11925.5654 4200.1870 3979.4590 2814.1755 11340.4346 2064.1995 13270.0420 9983.4805 11983.3096 4685.9800 13030.6553 10525.7627 3861.2964 13727.6406 1657.0353 6431.7554 12077.2852 6023.5854 13856.2002 6643.7070 1445.3612 3407.9077 10235.0664 7057.3076 10763.5801
15789.9414 15298.2275 13748.2588 3653.9800 509.1495 7798.7261 19946.8457 16519.6074 5739.3462 13303.0596 7624.4360 10217.0518 3364.6394 6809.5386 33.3434 9102.1035 10031.8203 4792.0562 11340.6992 7330.1392 0.0000 6963.6626 4941.1143 8568.1895 12069.2822 4242.2432 4048.4248 2784.5708 11274.3379 2281.1152 13259.5771 9951.6602 11991.7100 4263.7100 12988.9775 10598.7910 3773.6724 13704.8486 1689.8364 6283.6997 12062.9883 6050.8330 13833.9531 6723.6694 1665.1508 3332.7703 10219.5938 6991.0371 10899.4805
15832.7920 15254.6465 13612.8350 3630.5425 452.6281 7693.1797 19852.6914 16497.5273 5797.3599 13390.6992 7630.9307 10193.6045 3320.4626 6808.4932 31.4649 9045.5557 10093.5127 4758.1621 11328.8174 7308.9136 0.0000 6968.5073 4933.0869 8367.8281 12081.8604 3973.7864 4003.0867 2799.3906 11250.8311 2296.1204 13312.2793 9978.2627 11985.2061 4267.5615 13032.3350 10623.9971 3890.5684 14019.3652 1548.4305 6294.2979 11968.8477 6082.6338 13860.1641 6650.3813 1699.9183 3372.5916 10198.4971 7016.7080 10918.1572
15838.1602 15235.0918 13593.4395 3677.5591 420.9911 7737.2944 19903.9531 16578.1523 5874.5518 13346.6885 7505.1465 10281.1602 3343.0383 6804.2930 30.5585 9042.1582 10032.2510 4703.5093 11357.3643 7288.7886 0.0000 6930.6367 4841.2031 8317.2568 12066.2588 4031.6689 4005.5259 2815.6028 11109.1396 2391.1306 13260.2705 9950.6875 11974.6816 4188.6631 12953.2383 10522.5469 3874.3323 13975.2100 1583.4969 6324.6621 12160.0449 6052.9468 13864.3467 6656.8535 1732.9298 3418.5911 10243.5312 7033.4126 10713.9756
15803.0400 15245.4238 13825.6523 3652.3484 441.4108 7752.7671 19868.2539 16534.6211 5779.2026 13165.0215 7586.8154 10263.6113 3342.1812 6820.0303 26.3693 9115.1475 10142.5020 4764.2378 11356.2988 7305.9580 0.0000 6983.6948 4982.5713 8289.9463 12078.3594 3981.2559 4002.0503 2810.4800 11292.0059 2094.7717 13280.5811 9975.3926 11971.9746 4132.5620 12985.6416 10586.3926 3833.4268 13688.6436 1628.1244 6155.0464 12279.7539 6091.1709 13860.3994 6694.4673 1508.0157 3251.6304 10226.3301 6999.3452 10861.1914
15838.9004 15207.2969 13901.9473 3677.0762 501.1982 7755.8525 19946.9688 16575.0586 5749.5439 13390.1416 7616.7114 10235.4941 3374.4700 6886.8345 30.3353 9190.6807 10096.0879 4798.5996 11315.3418 7274.2251 0.0000 6967.5269 4924.1729 8282.8477 12266.4395 4179.1748 4051.7319 2785.2449 11481.5059 1857.2854 13259.1250 10011.2637 12015.2305 4204.6802 13000.9141 10571.6602 3851.2415 13771.1885 1628.1440 6223.7354 12269.0010 6072.4478 13809.4209 6672.0215 1344.4094 3322.2427 10210.9346 7025.8066 10895.5098
15845.5479 15430.0332 13847.0723 3676.2012 461.7404 7756.8579 19969.4160 16541.8848 5882.7554 14121.7256 7577.2661 10392.6299 3335.9602 6782.0454 30.1141 9025.3564 10046.2012 4726.1157 11350.0078 7358.1812 0.0000 6993.7397 4902.5449 8330.4590 12157.1104 4048.9587 4029.6187 2812.4893 11338.3066 2008.6951 13276.9590 9963.9277 12043.5479 5337.7578 12968.4385 10577.0977 3927.8547 13891.5605 1584.1986 6837.3872 12145.0527 6091.4092 13845.3916 6656.6284 1430.2045 3400.2834 10222.2227 7031.5029 10886.0840
15790.8867 15296.1543 13520.9561 3706.5383 424.0641 7806.2671 20022.1211 16564.4785 5796.4087 13681.2783 7649.5439 10329.2480 3274.3018 6778.2524 29.4856 9229.1289 10089.4717 4681.6445 11300.8936 7327.6875 0.0000 6953.4233 4860.0630 8495.3027 12088.7998 4144.5752 4049.1938 2796.2468 11275.3926 2301.2007 13297.6777 10030.5996 12019.8574 4676.9878 13046.5469 10518.7598 3758.0154 14055.0381 1528.7172 6629.5889 12004.3096 6055.5186 13831.6748 6639.8057 1812.6974 3428.5735 10245.7900 7048.6377 10793.5020
15924.3135 15354.7725 13484.7266 3661.6079 448.7108 7756.4429 20021.7539 16411.2793 5869.6748 13789.9883 7630.8027 10165.5371 3343.9487 6756.5342 34.3352 9125.1982 10105.0010 4823.2720 11378.3789 7333.1104 0.0000 6960.4424 4948.2710 8383.2852 12105.6641 4108.6812 4012.7803 2758.8799 11061.4297 2656.5024 13329.2334 9980.3379 12069.4365 3826.5085 13012.2939 10474.8945 3842.4648 13768.3096 1573.2639 6761.7480 12015.4619 6024.8755 13875.6875 6726.6445 2359.6292 3309.7866 10153.3457 7013.4082 10921.5811
15763.8887 15334.9668 13689.3076 3652.9431 519.2200 7729.6299 20035.3242 16556.4980 5796.0098 13711.9512 7640.4834 10291.2402 3312.4971 6862.7007 33.5994 9077.9316 10100.1934 4839.8652 11301.7842 7354.1401 0.0000 6945.3457 4916.5703 8470.6455 12033.6162 4062.4773 3997.7947 2801.1670 11262.3408 2185.5393 13280.4287 9941.2754 11987.8242 4397.9575 13022.4131 10570.7861 3871.8699 13922.9287 1648.5468 6573.2793 12047.7207 6065.1753 13812.9971 6791.5562 1608.6505 3330.6362 10209.3916 6989.1436 10844.8789
15940.3750 15310.7637 13634.7148 3669.1072 587.3859 7743.7109 19966.6699 16564.7227 5824.2275 13582.7363 7595.3960 10250.7529 3323.6169 6764.8364 35.5161 9217.9082 10108.2900 4745.7051 11322.1455 7379.8315 0.0000 6891.6450 4946.5952 8575.2881 12050.6689 4203.9502 3975.3562 2793.5027 11382.6719 2043.2676 13255.8281 9979.5879 12044.6992 4885.6216 13002.0234 10563.5352 3865.5356 13650.3057 1655.7357 6510.9814 12408.2725 6058.3311 13819.1641 6726.4902 1581.0027 3459.2168 10248.0732 7021.9941 10806.6084
15695.8379 15281.1709 13817.9482 3682.9155 524.2978 7770.3569 19923.1074 16606.6934 5858.8037 13838.0791 7712.9419 10314.5215 3307.7031 6711.3403 39.7633 9034.4678 10044.3926 4756.4023 11378.0078 7376.3613 0.0000 6922.8721 5002.7158 8541.0928 12121.6855 4013.5454 4051.0408 2819.6052 11406.8008 2224.8896 13293.5342 10007.8320 12069.8564 4571.3638 13090.0410 10504.4180 3954.4539 13852.1982 1689.5061 6723.6353 12212.8613 6087.7178 13868.7490 6692.2681 1780.9382 3328.0884 10215.7930 7018.1157 10792.1445
15907.8535 15257.4258 13732.1650 3631.1538 550.1126 7757.3320 20073.7129 16562.8711 5827.6475 12977.1738 7585.6992 10137.0283 3292.9658 6738.4067 35.2693 8936.8564 10022.7871 4734.7417 11334.2207 7372.8052 0.0000 6835.6489 4932.9297 8424.1260 12158.8750 3926.1033 3977.2883 2775.3540 11418.9375 2047.7506 13229.4336 9946.8232 11961.8594 4006.9209 12981.1025 10546.0010 3825.4500 13972.6875 1629.4990 6092.3945 12122.2109 6086.2441 13808.5146 6620.6060 1650.1571 3321.1580 10211.4795 6998.4258 10803.6406
15822.6064 15153.6855 13686.7051 3676.6816 512.2285 7763.6353 19963.5293 16481.2773 5860.2651 12544.1416 7539.8027 10259.0820 3363.5325 6824.5537 37.3537 8990.3818 10122.7812 4726.2861 11338.9287 7381.8921 0.0000 6880.6113 4839.6006 8550.3701 12148.5312 4282.9116 3965.6396 2813.3972 11418.6992 1804.6791 13278.9150 10032.7236 12033.2451 4234.6387 12987.3516 10540.6406 3874.5442 13680.7549 1659.9143 5719.5674 12099.8242 6031.3379 13812.0020 6653.1230 1343.1605 3430.7065 10220.6094 6993.8125 10968.6504
15843.4629 15350.5400 13682.3506 3705.1931 482.6635 7715.5889 19956.4219 16462.0195 5759.4844 14227.8203 7670.9253 10291.9385 3343.9634 6820.2759 40.0503 9059.1523 10120.7148 4786.7104 11302.6494 7364.1997 0.0000 6955.0781 4959.7358 8540.7549 12113.7861 4161.9883 4046.3801 2778.7461 11304.1416 2169.3472 13283.2178 9944.8203 11947.3574 4933.1519 12967.9814 10569.9795 3910.5725 14076.8018 1629.7382 6997.4731 12145.3301 6079.7246 13867.2480 6768.2764 1598.6035 3341.4805 10193.2891 6983.7476 10897.9199
15858.1299 15382.5732 13624.3223 3655.6714 496.3630 7766.9648 20068.0859 16551.2188 5786.0469 13502.4580 7617.4199 10370.2412 3401.2463 6897.4194 37.4481 9267.5869 10059.9160 4783.1758 11307.2432 7253.6094 0.0000 6921.3091 4856.5361 8390.6377 12095.6201 4079.7847 4066.1558 2844.3743 11419.7998 2130.9163 13259.0879 9900.0742 12006.6768 4759.5728 12950.8789 10557.0381 3832.1541 13670.6270 1666.5415 6542.9131 12040.7285 6095.7656 13768.4385 6752.2974 1581.2845 3280.9229 10209.5215 6992.0859 10949.5820
15889.4434 15276.7305 13674.0449 3704.4426 501.3254 7752.7109 19948.6484 16517.8887 5832.4028 13564.7119 7542.4824 10059.6709 3369.2957 6785.5742 33.6735 8941.4443 10108.2520 4831.1733 11288.5420 7296.1445 0.0000 6896.9888 4848.7075 8391.6553 12052.8936 4170.7500 4030.6704 2818.9500 11341.8623 2074.9014 13260.5752 9950.8926 11970.9775 5091.1406 12984.6641 10488.8623 3855.9841 13761.3105 1658.5127 6539.8325 12210.6475 6103.8354 13746.2725 6705.7598 1356.9310 3345.8337 10251.1836 7012.4795 10759.3447
15912.2852 15254.2412 13736.7773 3687.3032 525.1247 7753.7881 19970.7637 16547.7773 5874.0991 13574.9629 7588.7476 10243.8057 3294.8108 6899.5791 33.0893 9057.5898 10139.8691 4753.0381 11389.4541 7361.5908 0.0000 6876.3267 4990.7109 8428.3691 11983.1133 4154.3433 4087.7407 2785.0073 11352.4219 2213.5249 13324.3369 10028.2100 12087.4717 4354.3018 13010.7930 10545.8105 3829.1343 13758.7900 1545.4595 6495.1592 12237.7520 6076.2583 13853.3467 6743.3594 1614.9241 3286.2720 10204.9619 7018.8765 10796.3291
15639.1436 15284.4834 13545.3643 3629.6462 455.0080 7691.9600 19933.4512 16577.1074 5843.7456 13836.0547 7599.6987 10271.4707 3315.2559 6826.5630 39.5242 9010.1445 10008.2002 4781.0244 11306.1299 7299.3711 0.0000 6835.4487 4951.8037 8418.6436 12088.0898 4204.5923 3989.3442 2805.2446 11121.7871 2226.3196 13210.5156 9895.9531 12026.2363 4411.5112 12968.1328 10540.5146 3833.3052 13573.1582 1607.7329 6597.6226 11850.2080 6044.2051 13773.2744 6655.2915 1699.7742 3336.6096 10228.8740 7013.9409 10826.1719
15741.4697 15243.9531 13466.2051 3627.2063 515.5121 7718.1147 19839.2969 16495.6953 5776.5972 13122.2559 7611.4233 10388.2080 3315.0376 6732.9546 34.2957 9155.1143 10075.7891 4740.3169 11315.3447 7344.6079 0.0000 6923.5127 4936.7969 8298.7852 12045.4434 4080.3418 3968.2021 2793.3062 11187.5420 2126.5532 13245.2607 10063.7109 11938.2246 4820.7402 13027.7236 10582.9189 3833.0679 13841.6826 1650.8408 6250.6592 12201.0479 6054.2754 13760.3047 6600.1758 1558.0688 3416.6548 10197.4590 7017.7134 10864.2080
15931.1914 15274.6416 13794.0957 3547.6355 466.7387 7766.3120 19955.5469 16540.1992 5759.2222 13259.1094 7689.6855 10346.2959 3308.1174 6774.6016 28.3013 9131.0225 10047.9473 4683.8140 11327.5381 7462.6016 0.0000 6897.0439 4938.0132 8375.0156 12028.7432 4036.8545 3979.1748 2770.6272 11100.0928 2239.6040 13249.4717 10001.0068 11972.9766 4377.3110 12970.7627 10508.3936 3867.9360 13697.8672 1578.2344 6371.8135 12317.1504 6028.6665 13714.4736 6660.0654 1678.7567 3339.8984 10198.9160 7007.1953 10643.2646
15928.5020 15182.9668 13741.5068 3629.5833 444.8953 7738.0581 20012.0508 16512.9258 5783.0850 13465.8818 7581.6187 10208.0801 3347.2468 6855.8174 33.3752 8837.2041 10147.7568 4764.6074 11346.5186 7430.3213 0.0000 6883.1904 4925.8647 8348.5811 12050.8428 4165.7437 3977.3022 2805.4019 11132.7061 2136.3735 13254.4336 10073.7441 12081.1553 4699.6099 13017.8350 10593.6660 3860.2869 13597.1094 1636.1613 6444.7139 11974.3818 6005.7549 13868.0967 6619.0522 1504.9640 3417.9055 10229.2725 7065.0771 10815.9258
15704.2305 15250.2686 13720.3193 3627.6255 468.0092 7763.2856 20111.9277 16583.9512 5772.3604 13137.2871 7580.3447 10190.3262 3338.9053 6837.5298 36.6497 9062.3760 10015.9502 4795.4771 11363.3320 7383.3926 0.0000 6877.9038 4930.7095 8319.5586 12074.9951 4116.3950 3960.6414 2828.1836 11242.4492 2314.0745 13307.1553 9992.7363 12024.6621 3912.0315 13054.1279 10565.4590 3747.6426 13824.9219 1552.4240 6160.0801 11982.1172 6039.5317 13879.1025 6622.6245 1703.0939 3361.3142 10222.8271 7018.0254 10919.3535
15892.2998 15237.2041 13729.0029 3636.4363 453.9455 7746.9844 19916.0410 16562.6602 5849.0288 13205.3359 7532.5903 10359.6797 3310.8811 6818.3555 37.1370 9051.1719 10179.5801 4747.1616 11320.0518 7312.9497 0.0000 6945.3501 4917.6982 8541.9199 12002.6162 4037.2307 3985.9954 2783.1741 11276.9043 2161.1919 13278.5811 9921.1357 11974.9785 4679.9268 13039.9443 10503.7217 3891.8518 13562.2578 1585.3038 6336.3696 12073.3799 6094.8516 13853.6543 6650.5332 1516.7977 3385.0190 10240.9561 7035.6792 10743.5684
15809.1104 15199.0928 13727.1807 3626.6890 501.5429 7748.8701 20002.4824 16429.2949 5868.3638 13317.9307 7573.5474 10243.9766 3275.1592 6826.1948 36.6016 8971.6338 10123.2939 4706.1318 11333.6602 7376.6318 0.0000 6929.6597 4939.7515 8403.2148 12101.3828 4091.2319 4055.8115 2804.8765 11505.2529 2123.8826 13278.6494 9894.8809 12059.0459 4818.0664 13034.2764 10562.8418 3890.1699 13633.6338 1698.4764 6340.7070 12177.4170 6037.6675 13832.1748 6671.4756 1445.0551 3292.3613 10243.1377 6992.0244 10823.5293
15817.8379 15229.1279 13729.7246 3633.4204 461.3904 7814.4326 19972.0723 16655.3555 5754.8364 13320.9688 7535.2202 10111.2148 3338.9902 6789.9346 34.1103 9032.6426 10123.4297 4686.1548 11360.3008 7365.0640 0.0000 6938.4136 4915.9219 8473.2168 12056.2363 4036.6975 3931.5356 2812.6130 11340.0264 2221.2305 13286.7207 9960.2285 12041.1309 4426.4736 12972.4336 10501.5654 3767.0950 13811.6113 1675.2723 6402.4185 12218.3848 6090.7036 13817.2002 6616.4229 1452.6445 3325.8643 10202.7314 7010.2979 10746.0967
15888.0264 15362.4785 13689.9238 3702.7454 449.4716 7762.6611 19901.0586 16444.0059 5790.2544 13114.7031 7610.9932 10249.9639 3305.8896 6828.9453 33.4939 9164.4727 10144.1094 4781.9180 11292.6855 7379.6924 0.0000 6951.3770 4925.6138 8410.8740 12081.4521 3979.2319 3980.0474 2819.5547 11348.6318 2138.4587 13278.9492 9952.6924 11963.0127 4873.0952 12934.9004 10601.2754 3868.7197 13720.4287 1720.8857 6318.3364 12103.0176 6088.6113 13837.1768 6642.6460 1538.3757 3390.7734 10224.5303 6997.0156 10942.5332
15895.9766 15295.2588 13826.1650 3623.8171 443.2450 7814.6802 19959.4473 16526.4082 5808.8008 13536.4307 7601.7842 10139.1289 3332.0989 6808.0898 30.5313 9204.6924 10011.9521 4827.0430 11347.2949 7330.4297 0.0000 6892.1182 4969.9619 8486.6045 12152.5195 4236.8926 4000.5579 2786.3401 11290.7803 2088.5754 13237.8428 9949.0342 12046.8350 4608.8486 12972.0576 10574.8623 3936.9319 14118.8408 1598.5922 6461.6460 12118.9355 6053.7983 13849.1484 6640.3696 1462.1600 3342.9087 10250.4102 7057.6060 10877.7939
15605.0566 15478.7637 13789.0039 3561.0811 419.2450 7823.8989 19929.6816 16632.5742 5733.2349 14205.5059 7664.5713 10364.8945 3400.0308 6820.2061 25.7868 9222.9785 10091.5195 4859.2163 11371.3037 7340.0654 0.0000 6923.8398 4864.5220 8276.0293 12193.7705 4163.3267 3913.4639 2750.0657 11035.0879 2055.2388 13362.2188 9980.7715 11968.4570 4281.7305 12960.2607 10565.9375 3831.4839 13977.5635 1541.3656 6832.9375 12017.4355 6041.0991 13888.1123 6673.5923 1613.8319 3348.8064 10220.9326 7007.5171 10942.3096
