1
1025
4
7
12
525
15
1039
1041
533
534
23
536
541
35
38
39
44
48
566
56
59
574
63
64
1093
583
72
589
304325711
591
83
88
91
96
612
100
614
101
104
616
619
111
629
119
126
127
128
131
136
647
651
653
146
149
151
155
159
672
162
169
170
685
178
181
693
184
186
194
202
718
312782546
723
726
215
218
731
733
222
223
226
235
749
312782574
250
255
258
262
266
271
795
797
312782628
294
295
302
307
319
325
329
843
337
342
345
351
353
867
361
362
366
879
369
886
378
382
895
385
390
394
395
398
402
403
918
920
409
926
414
928
425
429
952
961
463
470
985
475
993
1002
491
1007
1011
502
1017
507
1020
1022