18412.2344 18389.3750 8294.9678 5292.4897 1515.7065 5987.0688 23599.2031 16030.7168 5826.9155 12875.2959 10844.1377 17265.5156 2645.6611 6760.6206 1.0950 21747.7891 13609.0840 6404.0898 12316.5840 7765.6025 205.3113 3231.5042 3866.3542 11434.0107 8903.5537 7126.0566 3822.1929 3381.4639 6126.0820 172.1335 16311.7295 9346.4619 11863.0938 6228.6255 15786.7354 12839.3232 4074.4275 13164.7676 3696.6355 3475.8320 6225.4199 7888.2036 17437.4844 7065.6694 702.5720 7740.8164 14502.8555 8928.2910 13819.7969
18402.8008 18403.6973 8386.9551 5297.4673 1652.9965 5999.5835 23590.3516 15935.6807 5771.2002 12826.8848 10772.8330 17243.9199 2630.4839 6732.8042 0.9669 21695.1348 13691.8076 6344.9922 12310.2148 7634.4297 223.9109 3252.5806 3830.3413 11435.1416 8900.9473 7071.1895 3815.8193 3379.8430 6166.9619 180.0973 16321.0615 9217.4268 11790.0469 6236.7026 15796.1709 12917.5527 4065.9214 13140.8252 3718.4561 3490.2251 6228.5801 7909.7046 17446.1836 7067.6836 724.8925 7638.6982 14447.0000 8963.9766 13780.3613
18328.1035 18507.2070 8270.5439 5204.8247 1779.1940 5998.4307 23565.5098 15899.2754 5789.9697 12837.1699 10716.6172 17103.0527 2627.5334 6687.4302 0.7849 21859.4219 13544.8545 6384.6343 12324.1797 7637.8730 230.2411 3248.2668 3887.7703 11406.3242 8960.1992 7185.4346 3831.6106 3388.0679 6193.2329 181.9207 16304.6631 9265.7666 11848.3389 6219.4141 15746.5469 12851.2441 4008.7312 13253.2031 3740.9612 3496.4033 6160.1875 7933.3550 17354.9297 7102.0684 675.5986 7667.9360 14440.7207 8923.5840 13717.3379
18408.9688 18316.9668 8139.7310 5231.0049 1652.8953 5972.9932 23552.2344 15898.4795 5782.7339 12822.4570 10783.1377 17173.2617 2566.9927 6740.3789 0.8400 21745.8965 13665.5391 6414.3447 12271.7236 7695.9312 232.3271 3242.7712 3880.8914 11343.5781 8908.5166 7296.0781 3825.8550 3357.2742 6156.9336 174.0810 16215.3418 9203.4385 11708.6260 6161.6689 15774.8955 12837.0068 4062.3694 13318.6738 3753.9780 3449.0901 6220.0552 7896.5503 17313.5918 7071.0000 686.3958 7559.1387 14413.3613 8904.0596 13753.7256
18452.4688 18412.1797 8208.8740 5287.6504 1462.6809 6030.8604 23752.7559 15923.0703 5732.5952 12858.9424 10829.3096 17033.9688 2658.5732 6727.2212 0.8691 21863.1504 13553.6084 6375.7861 12320.3643 7685.9233 192.4940 3205.6152 3911.6660 11343.3613 8965.4922 7341.6616 3837.4692 3363.5803 6111.5337 185.4362 16321.5684 9304.5020 11772.3340 6173.6465 15843.4072 12935.0957 4068.8765 13306.7031 3761.2209 3478.8438 6313.4116 7892.0693 17345.1699 7023.3804 816.6353 7628.2026 14477.3213 8903.6787 13890.8955
18445.7480 18475.8535 8256.4785 5286.6230 1436.2961 6037.2241 23685.2559 15970.2510 5697.5439 12823.6426 10810.1807 17091.3262 2624.4780 6758.4233 0.8782 22280.9414 13586.2266 6380.8467 12346.0068 7651.0205 204.8787 3210.5835 3936.3479 11410.0781 8957.9268 7199.4863 3873.1357 3380.0962 6125.3887 186.9137 16312.8438 9294.1836 11801.1953 6164.3970 15838.8750 12835.2080 4031.1162 13063.5215 3828.1128 3488.7229 6394.8350 7898.8418 17439.9102 7125.6631 750.2717 7588.3872 14527.9287 9004.3242 13844.8389
18292.0840 18418.2773 8219.6895 5257.0117 1703.5177 6078.8960 23540.1699 15955.6045 5768.4473 12792.5283 10814.0557 17330.3848 2635.8496 6803.6899 1.0248 21856.8867 13630.6182 6407.3818 12338.8750 7624.3369 247.9950 3228.4365 3935.6431 11175.9395 8870.9463 7130.6133 3831.9453 3328.1133 6190.8696 187.4695 16305.1787 9249.7383 11758.3350 6200.3018 15859.0771 12956.3477 4101.6689 12935.5703 3733.3752 3477.3074 6279.4902 7888.1958 17390.5039 7040.6743 716.4802 7565.1143 14512.2393 8913.3760 13778.3398
18238.6191 18509.6250 8171.0869 5355.3613 1573.5059 6061.0513 23580.5176 15811.2764 5762.3716 12803.4541 10876.8008 17168.4688 2556.7354 6717.3145 0.8581 22063.0645 13674.5938 6423.8320 12319.5645 7721.6353 233.2889 3216.0947 3900.9248 11363.6533 8911.2695 7183.8145 3841.9946 3326.9939 6218.5317 176.3804 16363.0850 9264.9912 11896.9248 6217.3325 15850.0605 12936.5146 4172.9053 13153.4688 3738.9519 3462.4087 6334.7173 7839.3945 17492.4434 7047.4810 840.2012 7428.8882 14508.3877 8983.6641 13865.6104
18437.1094 18480.6777 8220.1045 5332.8618 1447.5812 6002.6348 23632.1738 15988.9072 5766.2759 12840.3047 10860.4785 17199.4141 2635.2727 6777.8867 0.8244 21766.8438 13567.7803 6421.6616 12389.7070 7692.8442 216.9152 3203.3677 3845.4695 11549.3076 8931.0039 7337.4590 3844.1208 3395.1448 6144.2993 172.1071 16388.8008 9360.1768 11806.2959 6168.3721 15941.4297 12922.3105 3998.2117 13446.8018 3751.2336 3471.6799 6277.3569 7821.7422 17515.3887 7105.8682 791.8448 7584.5322 14467.2891 9018.1104 13869.8721
18402.4707 18466.4062 8171.0103 5301.7622 1822.7206 5962.6011 23557.0039 15865.7109 5805.8457 12862.4189 10794.0088 17247.1758 2616.3501 6719.3613 0.8005 21828.6699 13639.1504 6383.0586 12317.0420 7686.5210 219.1919 3251.8110 3907.3286 11450.9102 8918.5146 7339.3442 3815.4448 3355.6450 6088.2632 175.5267 16313.3486 9194.4941 11786.5938 6173.9561 15769.6738 12841.8682 4074.9297 13109.1875 3760.5876 3476.6028 6319.6514 7874.7881 17389.8828 7031.8130 802.3452 7679.6934 14496.8418 8922.4336 13790.5068
18540.6699 18474.1680 8220.8213 5352.2363 1904.2041 6047.9580 23569.8223 15859.0469 5795.4561 12853.0918 10899.6953 17132.4863 2588.5962 6769.8638 0.8807 21800.2520 13663.0312 6475.3379 12336.4785 7681.7046 200.6637 3216.3379 3918.6646 11528.3535 8916.4336 7201.7485 3817.0713 3346.5774 6222.0132 181.6434 16381.7734 9276.1621 11814.9502 6160.8413 15943.8389 13033.5049 4111.1396 13360.5840 3674.3796 3470.3960 6224.4263 7852.7729 17479.4434 7044.5220 687.4395 7651.7969 14523.3545 8987.2939 13830.7627
18429.7715 18409.9941 8347.3252 5361.9546 1515.0002 6063.2451 23654.1660 15916.9746 5766.9575 12839.6211 10802.7119 17368.0508 2645.1663 6662.6699 0.7619 21721.7031 13754.2520 6362.0811 12351.4170 7756.0815 253.0206 3202.4338 3883.0947 11515.8320 8963.0498 7167.9995 3826.7244 3296.5955 6198.7393 170.8524 16301.7715 9329.2285 11835.6201 6181.9937 15844.1582 13008.0645 4092.4514 13143.8486 3714.8516 3465.1460 6194.2925 7906.6748 17437.8730 7026.6392 719.0842 7660.2012 14509.3662 8986.6094 13848.5195
18394.4199 18424.2656 8333.6113 5301.7383 1642.2107 6042.4907 23526.1055 15956.4395 5700.1689 12835.3193 10753.2100 17324.5176 2613.9172 6710.3174 0.8306 21720.5781 13735.2402 6480.9697 12252.0557 7674.9229 273.4582 3230.9211 3922.1685 11567.7959 8831.0166 7201.8950 3827.9700 3362.4351 6207.3994 174.0914 16272.4766 9297.2109 11800.8662 6246.5947 15758.0918 12812.9219 4041.5444 12988.0928 3776.2747 3489.1326 6304.7471 7922.0435 17399.5684 7078.8442 655.8587 7697.7222 14495.6055 8926.5020 13920.9492
18361.9922 18387.7871 8292.5596 5302.1636 1579.7100 6000.4932 23651.9922 16006.5049 5727.9937 12798.2598 10780.6426 17162.5059 2629.8118 6790.8174 0.9213 21523.1270 13647.3574 6429.8696 12316.9082 7684.9941 231.3201 3166.7173 3836.4404 11502.0557 8962.0479 7112.2373 3849.2893 3341.2263 6205.8779 180.7064 16286.7998 9354.3926 11848.7568 6182.4194 15798.2383 12826.0117 4012.9346 13236.1660 3777.8679 3482.8652 6317.1885 7880.2046 17382.5645 7106.5488 646.3437 7582.2065 14457.2607 8902.2031 13827.0439
18468.8555 18350.3730 8261.5117 5356.7036 1734.3750 5973.5825 23625.1426 15980.7305 5822.4937 12816.5078 10856.5889 16901.6211 2642.3555 6831.5947 0.8916 21980.5957 13635.2715 6417.1357 12306.5762 7622.6875 187.3583 3101.3530 3910.0979 11390.4775 9101.7002 7299.3652 3824.1885 3364.5151 6187.8462 181.2856 16341.2344 9264.5654 11786.3096 6197.4277 15833.8994 12849.3594 4024.9326 13038.6406 3778.3237 3453.2004 6231.4141 7890.7578 17448.1016 7126.7354 758.2551 7796.4287 14454.0576 8880.0752 13764.8984
18349.5117 18441.7324 8122.1431 5305.2754 1978.3751 6024.5112 23658.8516 16049.0049 5799.2168 12833.7129 10845.4160 17183.4082 2673.1270 6845.7144 1.0252 21962.6719 13644.6309 6408.8081 12359.0684 7696.6245 204.5758 3185.8076 3923.7642 11532.1201 8881.8604 7099.3062 3830.9561 3360.3918 6143.8442 177.3894 16303.4375 9196.5537 11827.4805 6203.9448 15822.5381 12831.3145 4075.4041 12956.7285 3733.5972 3459.7761 6200.4321 7847.9131 17415.7129 7030.7227 879.3566 7729.5425 14495.1777 8891.3818 13878.3652
18339.1191 18523.5117 8063.9219 5280.8032 1745.3848 6029.4819 23635.1367 15991.6836 5763.7554 12851.4561 10765.2852 17166.8359 2635.5928 6721.8438 1.0202 22007.7109 13593.4717 6430.8750 12350.2090 7754.6533 233.6491 3206.6130 3935.3967 11406.9014 8920.3604 7204.1528 3852.9146 3384.6072 6197.1885 177.8793 16321.7217 9352.9766 11828.5811 6233.1016 15870.6094 12943.0645 4129.2705 13375.7363 3653.0320 3498.9902 6217.6226 7827.9399 17508.3848 7114.0059 753.1037 7698.5688 14528.3096 8938.1719 13860.3701
18496.7109 18437.6797 8215.7764 5269.5659 1836.9736 6065.2461 23632.1738 15998.7109 5703.1792 12840.1875 10800.8760 17358.8789 2595.4146 6812.3120 0.8678 21940.0176 13694.6660 6431.4727 12387.7812 7723.2944 241.4114 3248.3401 3939.7100 11337.9717 8993.8535 7220.1592 3851.6553 3369.8809 6158.2012 178.2613 16370.0645 9302.6709 11854.3564 6230.0889 15842.3564 12876.6787 4012.1858 13190.6211 3697.2896 3479.7458 6225.9321 7852.4673 17475.8652 7094.2075 701.5476 7598.8745 14528.7891 9035.6064 13833.9297
18454.1523 18423.7129 8245.7607 5219.0078 1791.9216 6010.8516 23672.6934 15933.7529 5815.5664 12885.7725 10834.6641 17288.1836 2580.1733 6844.2793 0.8263 21747.4629 13707.0518 6427.9487 12284.8750 7661.5601 231.4646 3289.7578 3843.3921 11204.3350 9016.9443 7248.0020 3839.8823 3376.9641 6129.8159 184.4521 16383.1387 9308.0527 11852.5615 6207.7622 15813.3525 12786.6377 4029.4668 13147.6426 3629.0803 3456.0542 6202.5469 7922.6514 17465.5371 7056.5269 648.5473 7641.5034 14499.0801 9010.5586 13848.6592
18364.0664 18569.1836 8364.0029 5291.2876 1918.2415 6003.9512 23601.0059 15978.0039 5895.4863 12791.0107 10784.1807 17406.4570 2561.7515 6695.0439 0.9106 21579.8438 13654.9531 6423.7134 12385.3369 7762.9639 192.3857 3217.5605 3965.4036 11602.3682 9009.3945 7259.3521 3855.6880 3356.0425 6167.7666 171.9946 16381.9473 9272.5928 11912.5518 6271.0239 15782.1816 12850.5703 4059.3096 12877.8252 3691.6055 3519.4756 6200.4897 7888.7026 17394.3984 7062.5659 757.6465 7617.8638 14485.0029 8960.7832 13867.3379
18311.4238 18667.7129 8279.0889 5254.1719 1868.6998 5971.7500 23671.5527 16084.0430 5664.9722 12838.5527 10897.4600 17231.6816 2624.8369 6750.6851 0.9556 21897.9980 13658.6611 6410.2983 12409.3809 7666.4292 209.1969 3171.7063 3935.5015 11391.6631 8947.4346 7131.7661 3828.8330 3319.5188 6129.9043 172.4400 16374.9844 9338.4268 11844.2793 6214.0918 15852.2070 12926.7725 4177.4502 13019.7861 3725.3464 3489.1143 6323.3843 7898.3174 17477.8965 7101.4277 767.2372 7566.3237 14527.8877 9011.6592 13869.7246
18324.4727 18340.1055 8245.6650 5248.4854 1564.9441 6060.0396 23659.2520 15943.3096 5934.0938 12857.7021 10786.0225 17222.0137 2679.7056 6816.0430 0.9382 22027.9590 13658.1123 6423.6558 12306.6943 7663.7544 254.5857 3212.9663 3899.1392 11338.8916 8886.0479 7176.4170 3849.9377 3342.0361 6163.5923 174.7594 16333.7539 9167.0195 11800.4775 6246.6353 15809.6143 12923.6279 4068.2490 13294.0439 3716.1428 3474.4077 6378.4746 7906.6382 17476.9238 7098.2036 816.9152 7515.3560 14492.6992 8928.5889 13815.8730
18356.6094 18460.8984 8350.4033 5267.5405 1683.6660 6084.9229 23613.7734 15781.0361 5748.8071 12811.3906 10811.7090 17098.0586 2627.2722 6757.7881 0.9031 21931.4121 13538.2900 6361.4258 12299.2812 7687.8213 247.5665 3217.7085 3907.1990 11408.6377 9031.5391 7131.6079 3835.4988 3368.8633 6181.9434 172.4772 16316.4395 9182.8037 11829.3340 6197.5112 15782.8789 12879.4277 4045.3787 13037.0811 3721.6262 3460.6780 6274.4155 7904.9507 17444.0527 7064.4370 698.9317 7681.4360 14446.4023 8917.7188 13718.5166
18541.2656 18533.9980 8399.0225 5311.7471 1520.6061 5975.9863 23652.1016 15787.5068 5802.2910 12795.1670 10792.1445 17187.3535 2664.0938 6753.3984 0.8652 21715.5371 13628.1992 6416.0698 12300.1084 7671.3911 232.1499 3197.3262 3939.2483 11417.0303 8965.0771 7252.4116 3825.8494 3350.9060 6171.5801 177.0404 16390.9316 9243.6318 11775.5117 6170.7153 15873.7949 12950.0752 4060.8323 13097.2490 3774.5781 3466.3083 6386.7866 7904.3486 17417.2051 7061.5542 751.6497 7636.9395 14522.0547 8994.1055 13839.0283
18453.6348 18449.5059 8279.9922 5297.4082 1535.0806 6017.5537 23736.7793 15915.4932 5931.5371 12818.8057 10777.9287 17405.5527 2601.2900 6819.0640 0.9206 21820.5488 13595.8232 6442.1611 12319.1299 7703.4829 242.6526 3176.4089 3863.4297 11449.6758 8973.9697 7176.0317 3819.7375 3389.9561 6177.4756 179.1199 16306.7334 9290.6523 11782.6729 6142.5845 15795.7559 12817.3564 4153.9805 13017.8203 3839.7148 3471.4836 6453.2227 7888.2109 17370.2969 7175.5742 770.4335 7646.5610 14480.2676 8986.9297 13800.4521
18355.3516 18494.9980 8288.2227 5228.3599 1467.0778 6040.9727 23658.0039 15981.5273 5734.6460 12818.9053 10858.0352 17250.3340 2641.8130 6717.0288 0.8751 22249.5352 13663.6787 6401.8862 12329.0635 7709.5923 262.4745 3195.9097 3904.1042 11390.6807 8962.9893 7178.8691 3832.0491 3343.1589 6201.5210 171.1632 16341.0430 9319.2051 11845.3076 6169.6221 15810.8584 12897.6318 4139.9741 13183.0840 3749.5818 3458.3635 6297.3911 7903.8340 17392.6211 7102.3936 682.0822 7699.9922 14457.8652 8965.8857 13898.6787
18463.8574 18436.2227 8255.0762 5286.1479 1455.5974 5985.4121 23397.6172 15814.3574 5791.5566 12843.9209 10833.2490 17282.9824 2649.2417 6787.7651 0.9687 21726.4160 13684.3301 6379.8843 12321.9775 7724.6782 244.4890 3221.9995 3887.6345 11382.4043 8917.5928 7188.4639 3825.8933 3359.2532 6157.9780 168.8350 16263.8291 9258.7393 11780.0420 6123.9517 15772.6592 12849.1182 4026.2678 13199.5342 3720.7449 3454.4221 6107.8696 7880.6934 17401.2891 7069.2095 780.8954 7676.1030 14468.1846 8925.3916 13882.1475
18348.4297 18399.9629 8118.9521 5326.2920 1355.7389 5984.4761 23650.9805 15875.3984 5799.9043 12823.7959 10743.0654 17103.3359 2603.2515 6758.2759 0.9509 22041.1699 13623.4951 6397.0835 12308.1758 7682.1895 221.1465 3238.0308 3926.8687 11362.9160 8943.2441 7187.3418 3825.1755 3360.7595 6122.5742 177.0318 16321.7354 9343.4238 11866.1289 6176.0142 15810.8682 12923.3818 4099.8989 13089.8184 3702.3726 3460.4421 6179.3677 7898.6196 17430.6172 7058.2368 690.8973 7679.1064 14512.2969 8932.1279 13822.1309
18452.4590 18455.9453 8188.6587 5300.4468 1620.5234 6006.8193 23692.2207 15896.5840 5700.3901 12826.0742 10760.1006 17334.7266 2595.8655 6781.7563 0.9210 21963.0547 13627.1299 6333.9131 12299.9434 7684.5010 219.5883 3241.9536 3888.2358 11352.9268 9003.7598 7106.5708 3836.1960 3357.7468 6268.3818 178.1433 16311.1289 9299.4658 11771.7451 6211.1118 15842.7344 12925.8320 4053.9634 13363.7832 3737.9790 3466.6577 6244.1167 7871.8442 17449.8516 7077.3823 666.4505 7691.9751 14491.2471 8973.8701 13824.3525
18340.6602 18383.0918 8182.6592 5255.8486 1434.8342 5989.8301 23637.1113 15842.1562 5950.7842 12829.0020 10812.1367 17180.5586 2616.3406 6618.4531 0.8801 21853.0391 13602.5371 6321.3618 12350.1582 7685.3179 229.8359 3223.1895 3923.0776 11508.0098 9065.5352 7165.4492 3832.0640 3409.0647 6177.9692 190.8500 16327.9844 9316.3926 11792.3428 6207.6177 15822.6807 12929.8867 4048.4944 13338.9141 3787.4121 3464.6355 6234.3447 7880.5283 17471.5117 7052.3618 766.3416 7673.6245 14433.7334 8928.2041 13711.5234
18462.9395 18398.8711 8317.5078 5307.9214 1732.9155 6017.2305 23631.4414 15867.3730 5690.0718 12840.7178 10855.8857 17297.6191 2607.7515 6706.8438 0.9297 21862.1953 13623.7734 6375.1313 12302.4160 7648.0010 228.5607 3202.4707 3886.7864 11419.8018 8917.7725 7207.2729 3831.4939 3337.0156 6125.2612 186.2089 16293.1582 9321.4287 11829.1807 6206.4302 15851.3027 12888.0381 4015.7346 13404.3945 3657.8210 3483.2576 6175.9111 7867.0503 17393.8633 7064.7905 769.7590 7581.0786 14480.4355 8967.1309 13955.9639
18464.1992 18471.4805 8292.4551 5289.9819 1937.7344 6050.2119 23674.6133 16027.7422 5826.1421 12859.4580 10783.4453 17042.9844 2589.7749 6726.8745 0.9497 21807.5293 13620.1504 6406.0352 12308.9111 7663.5288 188.0362 3211.1702 3863.4507 11426.7998 8967.0537 7301.2705 3811.8135 3376.7742 6092.0615 176.8511 16250.1875 9216.6611 11765.1514 6151.0898 15708.6162 12776.8613 4055.9915 12996.5762 3812.8921 3503.3665 6277.5654 7904.4272 17335.5312 7080.9854 716.0332 7624.6411 14427.0381 8938.7178 13713.6816
18274.3691 18375.7637 8286.2275 5279.6382 1667.0237 5953.9893 23632.9453 15888.8125 5715.1021 12923.4502 10792.0488 17043.4590 2619.5935 6654.6919 0.8530 21794.7793 13570.9277 6407.4697 12288.4033 7670.1553 198.2314 3230.1809 3938.3958 11420.6855 8919.2256 7148.4912 3796.6802 3365.7671 6112.8003 171.8209 16277.9385 9281.3369 11734.9736 6159.3296 15820.6436 12887.8506 4127.7710 13427.4141 3703.7830 3462.9851 6230.0898 7866.8384 17449.7324 7045.6191 773.7858 7719.6782 14443.7715 8857.1416 13793.1299
18412.1406 18356.0742 8329.8721 5260.1074 1684.0002 6012.9312 23742.1992 15874.2441 5707.2964 12855.7324 10749.1973 17168.3066 2630.9680 6710.1245 0.8968 22018.1191 13654.4092 6370.7510 12303.3662 7634.4448 206.0738 3263.1775 3910.9482 11362.4492 8931.8027 7230.0605 3809.0454 3369.4121 6234.0557 180.3627 16299.8730 9218.4941 11750.1318 6175.9692 15759.5781 12859.6641 4012.9795 12953.1934 3764.8591 3486.7620 6132.4697 7855.2695 17446.5312 7052.1509 798.4349 7662.7842 14478.1807 8911.2529 13862.0645
18662.5840 18397.9277 8261.7598 5350.5024 1529.8923 6049.3457 23599.6855 15801.9053 5765.0098 12867.1006 10829.0098 17293.9180 2594.6409 6675.9282 0.8046 21717.8105 13595.9697 6412.3975 12267.8193 7638.3003 197.0768 3267.9382 3899.9199 11490.9629 8941.0312 7270.7954 3847.4233 3375.2219 6163.8740 181.9532 16298.1973 9233.1924 11746.8350 6200.7007 15847.2715 12925.7227 4082.9583 13230.7344 3762.2454 3464.0190 6231.8647 7905.8662 17428.9336 7080.9893 801.4874 7630.4385 14495.1309 8931.3164 13847.4727
18498.0547 18379.5273 8258.6572 5321.5371 1581.7509 6016.4756 23528.6289 15958.4385 5770.4966 12882.0830 10838.0449 17124.5625 2639.5972 6720.7563 0.7239 21581.5293 13669.3535 6326.5688 12247.9844 7694.8882 172.8400 3197.1235 3839.7178 11220.7822 8900.5254 7204.1060 3846.3450 3353.4045 6093.8291 177.4219 16281.4092 9303.2080 11801.8721 6223.8745 15814.0811 12840.3809 3980.3652 13183.8096 3714.8906 3464.8457 6347.5654 7887.9219 17364.4824 7107.1196 753.6561 7615.5820 14489.9229 8898.0420 13863.2373
18393.5762 18513.3750 8256.8262 5314.8403 1576.9144 6025.1895 23583.5703 16079.7266 5794.4644 12816.5381 10775.7725 17072.5078 2617.4092 6762.6694 1.0439 21819.1992 13671.2305 6451.9927 12385.0527 7778.7471 185.2780 3225.7119 3920.0188 11376.9844 8891.2764 7044.5850 3856.7812 3406.8943 6136.0225 173.3294 16316.6758 9324.1162 11941.2988 6285.0767 15790.7803 12888.1943 4121.7402 13107.7334 3879.9812 3515.1389 6322.2017 7906.4521 17430.5371 7133.2275 747.4824 7535.7544 14499.2334 8970.0020 13858.1357
18536.2871 18457.2012 8302.5723 5261.3066 1594.4333 6044.4121 23598.6562 16034.3799 5791.9814 12898.7402 10858.2959 17284.7715 2610.2292 6727.6489 1.0724 21968.7031 13796.3848 6455.8765 12368.0215 7653.0664 256.0101 3260.3057 3907.5029 11308.2090 8901.4307 7292.6216 3829.1987 3347.9163 6161.3213 176.9012 16317.8955 9279.9736 11809.5684 6213.1426 15782.9023 12850.0791 4014.0884 13072.3037 3768.5090 3509.3828 6137.4546 7939.3252 17331.9688 7132.2065 801.3195 7689.4800 14528.5801 8878.1182 13881.2568
18317.6426 18389.2168 8381.8975 5295.0811 1726.2754 6040.8052 23622.6016 15879.5615 5740.7339 12820.6719 10778.6748 17160.2871 2641.3298 6724.4604 0.8662 21742.5176 13629.2773 6341.2559 12299.7422 7572.8350 286.3868 3236.8198 3827.1294 11520.5840 8974.6445 7237.7544 3815.8044 3391.0889 6154.3389 183.7278 16276.7666 9293.0586 11746.5273 6201.0508 15716.2275 12748.5010 4048.8245 13173.1533 3806.8943 3453.6528 6181.1885 7892.9214 17301.6660 7048.6484 782.3123 7628.8384 14418.3779 8843.1387 13784.9902
18208.5176 18380.5488 8274.4893 5283.4795 1861.6606 5987.9888 23678.6172 15978.9434 5769.3276 12809.7178 10720.9727 17322.1582 2684.1931 6685.8955 0.9213 21663.6426 13621.1377 6343.6079 12309.7842 7656.4165 245.3396 3225.6350 3903.7268 11504.0469 9012.1514 7247.8555 3822.4465 3369.2771 6231.6719 185.3041 16245.5977 9258.5410 11774.8320 6176.6421 15834.2803 12933.0166 4041.0791 13115.3408 3705.5947 3452.4292 6292.4263 7886.3325 17352.0762 7031.4668 664.4651 7740.8350 14432.1162 8944.9863 13812.1504
18221.4805 18473.4902 8207.1309 5260.6934 1661.4749 5958.9136 23801.0039 15813.3955 5784.8877 12864.8037 10695.3350 17355.0020 2613.9890 6773.2168 0.8661 21746.5684 13619.9160 6427.0352 12281.3662 7701.9854 241.8582 3291.9644 3874.7190 11441.5850 8991.5430 7196.2051 3854.9817 3402.5935 6143.0737 175.7593 16261.6875 9325.7549 11715.0156 6144.0879 15744.5576 12799.6768 4044.1475 12987.6748 3769.6458 3495.8074 6186.8276 7884.3291 17384.9512 7030.0190 772.4039 7640.8633 14400.1074 9007.4697 13864.3838
18313.4629 18425.8359 8084.2808 5246.7124 1293.2787 6002.1743 23718.3887 15958.0020 5695.4907 12780.4219 10824.4922 17359.9824 2686.5305 6774.3257 0.8408 22045.6797 13685.7900 6368.2539 12247.1904 7651.8579 239.4966 3233.3108 3793.6350 11442.4404 9024.8623 7224.3994 3824.6721 3355.9973 6160.0161 168.8956 16307.7842 9261.6953 11646.3838 6192.7021 15699.3945 12772.2715 4117.7837 13049.3779 3728.0649 3463.7009 6249.8657 7919.3042 17372.3477 7097.9321 717.0080 7550.1558 14424.3896 8857.9697 13691.2295
18520.3301 18549.3730 8302.9775 5283.2046 1413.9187 6005.6099 23548.7871 16040.2305 5676.9058 12880.3604 10793.6191 17119.9766 2656.5950 6777.2881 0.9440 21710.3555 13731.5527 6428.0894 12393.4502 7648.2217 223.0508 3199.8167 3891.3857 11480.9775 8845.1836 7216.6396 3809.6621 3363.2629 6190.1777 186.3104 16417.8281 9330.0820 11834.7168 6210.3057 15942.4092 12943.4697 4044.6450 13353.1367 3690.6936 3502.8809 6322.0073 7917.9487 17523.0195 7059.6055 737.5726 7559.5190 14574.5801 9044.2529 14018.0039
18486.5508 18551.9980 8359.0957 5317.8096 1600.8512 6018.5083 23462.6152 15991.9707 5699.6528 12808.5996 10840.4941 17154.9766 2649.2529 6854.7900 0.9715 21824.9980 13722.6670 6479.5762 12425.9121 7739.1455 230.8086 3238.7146 3882.3552 11293.6338 8845.3086 7119.3506 3854.1562 3342.1096 6207.0176 176.6055 16352.1377 9308.2852 11850.8838 6201.6377 15916.3008 12904.8408 4013.8154 13507.9502 3713.1646 3481.5195 6276.8979 7908.2368 17481.0527 7049.1187 755.0936 7709.3003 14456.8379 8910.8057 13911.5488
18514.9316 18571.7949 8258.4971 5306.8677 1862.0151 6045.7900 23568.2441 16143.3936 5715.9204 12777.0410 10764.0566 17089.3086 2623.5149 6759.2446 0.9328 21804.5176 13542.6123 6399.8784 12361.2295 7721.2148 209.9214 3233.8149 3866.8030 11442.2861 8861.4082 7123.0405 3853.2869 3375.8054 6245.7529 183.3570 16344.8672 9312.3916 11883.1094 6157.6274 15909.7852 12917.4805 4086.3071 13227.3672 3677.9929 3501.8879 6430.6655 7868.4370 17434.3652 7108.8140 819.8883 7641.3608 14496.0371 9013.2549 13775.8916
18404.7168 18451.0254 8330.6660 5329.9541 1957.7144 6066.5093 23551.9551 15934.5723 5775.0444 12831.2070 10800.8340 17268.3438 2642.9333 6710.6289 0.8175 22115.9688 13619.3926 6399.2974 12297.3975 7639.4824 183.9345 3207.9463 3903.8276 11617.5723 8882.0410 7346.5312 3836.1411 3372.8828 6207.7832 186.4200 16351.1025 9218.2998 11784.3535 6203.0195 15855.8877 12927.4570 4073.4541 12966.2354 3717.8452 3505.4565 6526.5356 7889.0679 17400.1035 7095.7026 823.8336 7616.6001 14486.2422 8950.1211 13783.4697
18504.9492 18482.3652 8209.3623 5310.5225 1743.4497 6093.3516 23511.0430 15969.0908 5733.3208 12865.6045 10872.9512 17117.7402 2609.1780 6726.0752 0.7438 21838.5312 13592.5205 6434.4321 12302.2998 7709.9502 167.9338 3184.9551 3890.7373 11329.8955 8966.6934 7149.6953 3838.9141 3340.0083 6150.3857 176.3701 16370.9219 9232.5439 11847.5830 6233.8994 15761.3320 12883.4824 4078.7510 13188.7656 3681.4028 3478.0801 6391.1987 7903.8745 17471.9863 7088.8354 709.5992 7477.8032 14562.7236 8938.9980 13830.5566
18381.4629 18436.8984 8076.7290 5256.7485 1575.9150 6054.2388 23563.4258 15973.0928 5751.1001 12847.0723 10982.6279 17251.8789 2629.1179 6776.1851 0.8357 21930.4707 13757.5166 6460.8516 12338.7598 7666.1006 198.7083 3193.5247 3901.8721 11511.3867 8904.4365 7239.6919 3825.8164 3353.0652 6136.2949 189.4480 16294.1094 9207.8311 11837.0303 6147.2256 15856.5947 12814.3916 4169.9536 13271.5000 3779.7368 3457.7297 6258.2280 7869.9858 17418.0098 7076.8042 725.9849 7616.1309 14515.3574 8993.1836 13970.4902
18623.6406 18314.0000 8251.3145 5271.7144 1469.8865 6011.2324 23607.2578 15870.7627 5767.7275 12850.5361 10892.6699 17323.5020 2593.7791 6711.0249 0.8173 21656.1055 13587.0557 6477.8423 12340.6768 7653.3022 208.5761 3238.0596 3859.3188 11364.3057 8919.1865 7186.4922 3819.7817 3368.5471 6172.4512 185.8110 16312.4922 9161.4297 11873.3564 6191.5684 15859.2070 12900.3516 4096.9194 13087.8506 3693.9583 3467.8235 6251.1616 7870.3955 17449.6387 7073.0239 763.3854 7662.1528 14505.8770 8922.6572 13831.0146
18490.7656 18335.6289 8213.3193 5315.5376 1543.2832 6014.9683 23626.4316 16000.8389 5841.0449 12801.1543 10785.2803 17083.0996 2599.1611 6724.6338 0.8871 22009.8555 13579.7402 6358.6235 12331.1104 7719.0459 221.7097 3219.5789 3935.9216 11332.8760 8870.4082 7150.7256 3857.6394 3343.9277 6049.6870 178.2807 16294.0244 9216.5723 11813.0840 6210.2295 15833.7285 12986.3340 4078.6902 13064.5000 3804.8079 3473.1860 6286.0273 7832.8979 17465.8105 7078.3750 761.6818 7626.7891 14533.6387 8970.7500 13779.0791
18237.2207 18429.5781 8188.1943 5264.4658 1541.8754 6026.7183 23611.4961 15936.1768 5774.0200 12776.4600 10788.0693 17343.6152 2595.7629 6819.1060 0.8738 22017.9219 13618.7041 6432.0259 12342.7266 7740.6787 232.3243 3233.9331 3920.8813 11601.9072 8928.1680 7285.3296 3863.1169 3331.1287 6103.5610 179.8957 16311.6074 9192.0303 11757.6279 6135.8384 15878.3525 12965.0693 4030.3782 13162.4521 3831.4189 3492.9902 6396.2207 7863.8066 17434.8340 7042.4380 745.7897 7590.2363 14479.4541 8947.1025 13832.9287
18341.6035 18387.6465 8092.2593 5311.6851 1625.6383 6000.9272 23578.8945 15859.9141 5682.1836 12793.0586 10751.2607 17084.3828 2589.0027 6750.1050 0.8675 21741.3672 13631.0078 6391.0547 12298.9170 7654.4854 195.1800 3210.1978 3904.6125 11405.9141 8972.5625 7093.8516 3828.2651 3364.7668 6127.2031 179.2725 16362.9795 9289.8428 11776.0059 6161.0591 15824.3428 12866.4941 4065.1479 13193.0273 3639.9436 3465.7402 6151.0166 7875.5000 17489.4590 7035.7139 715.9767 7580.7358 14489.6221 8945.2432 13857.6436
18421.8848 18519.6074 8159.6870 5334.9941 1968.6382 6003.6919 23475.2441 15912.3418 5794.8628 12820.1875 10805.6982 17273.2871 2645.6841 6765.4888 0.9380 21647.4512 13665.5713 6404.5439 12329.6982 7709.7407 196.9094 3183.5396 3881.4756 11189.3223 8941.4609 7169.8569 3805.2290 3376.1116 6179.2734 176.6103 16356.5947 9298.5576 11813.3535 6189.4370 15834.9619 12923.0020 4112.6367 13146.2754 3712.3997 3460.4290 6039.6968 7873.7578 17382.8809 7024.1904 721.7628 7683.1182 14489.1777 9006.4082 13828.8330
18385.4922 18521.8535 8229.0762 5309.0781 1817.9534 6015.0669 23449.3633 15992.0244 5763.1196 12847.0098 10882.3320 17199.1289 2681.9966 6723.9219 0.8902 21832.9160 13669.8457 6469.4526 12372.2305 7729.7378 227.6254 3242.0903 3910.3911 11476.0928 8880.6631 7249.1367 3831.2681 3409.7749 6149.5698 171.1947 16389.9980 9313.9189 11819.3740 6219.6113 15913.2188 12937.8799 4063.6765 13083.2803 3678.1997 3483.4998 6326.3032 7830.9858 17555.2441 7028.3711 703.2825 7733.8970 14591.7510 8969.6875 13878.0596
18388.3320 18302.7773 8272.5225 5234.5571 1756.2906 5944.6753 23390.0840 15978.5498 5790.1221 12788.2002 10686.2383 17157.9180 2624.2649 6853.7075 0.9795 21546.8633 13502.2920 6372.4419 12319.7695 7726.8379 273.8014 3235.7117 3932.6616 11560.0371 8900.9463 7282.1577 3856.2607 3382.5652 6175.1714 166.3237 16300.2988 9272.8311 11847.9727 6273.3379 15876.1797 12936.9961 4020.7454 13237.4717 3754.8696 3503.0811 6269.8179 7895.1196 17516.8848 7037.6963 723.1661 7740.3589 14481.8701 9073.0283 13810.2930
18349.6289 18367.5840 8280.7295 5261.0737 1625.8907 6068.7119 23558.4492 15925.2764 5668.3022 12824.7139 10821.7490 17144.2754 2545.3865 6836.5366 0.8642 21878.4609 13679.5879 6417.4165 12354.5469 7685.8916 263.6333 3181.8943 3944.2239 11362.4834 8905.8789 7159.7002 3838.1958 3382.4434 6232.6475 175.3222 16285.7227 9267.8135 11848.7891 6264.4043 15807.1172 12930.7031 4040.1562 13130.7324 3695.9531 3475.1541 6112.0356 7914.6641 17322.9219 7058.5151 790.3976 7464.5884 14484.5967 8945.9863 13766.5742
18420.5039 18395.8438 8249.7393 5290.8574 1327.7231 5991.9917 23656.9238 15879.9033 5883.7866 12843.3975 10808.0781 17082.6445 2581.3904 6796.3999 0.7698 21761.7402 13656.6631 6389.6880 12314.3457 7695.4941 245.0570 3203.1853 3887.3901 11450.6172 8892.5176 7138.1362 3841.7163 3371.6863 6117.6846 172.5182 16262.6689 9313.5840 11935.6689 6163.2290 15757.4346 12762.4863 4018.8428 13114.1113 3725.3677 3451.9280 6224.2725 7895.0234 17325.1602 7062.7168 717.1769 7669.4102 14442.3857 8952.9043 13709.8379
18232.1055 18294.9551 8086.0308 5304.8662 1739.6301 5916.5820 23563.4336 15773.1543 5849.7686 12829.3301 10812.4023 17142.3359 2593.4346 6664.9321 0.8562 21544.2480 13540.7725 6351.2236 12305.6934 7630.3965 239.3290 3233.1028 3878.3521 11404.2070 8842.8369 7141.1304 3822.6270 3334.8396 6183.8047 180.5714 16159.4873 9276.8096 11761.6680 6141.6553 15787.9561 12843.1133 4048.6162 13362.1172 3797.9912 3463.7288 6403.8125 7839.7603 17296.6875 7063.4878 714.3300 7742.7363 14402.1494 8948.1680 13802.2979
18246.9199 18495.3633 8296.5283 5290.7119 1584.3816 5995.3833 23728.0957 16038.3730 5764.3916 12882.6885 10813.5371 17115.2715 2637.6121 6756.1187 0.9007 22142.9453 13534.0977 6400.6426 12362.3613 7673.1655 236.2500 3241.6216 3923.6643 11517.6240 8990.6318 7274.6548 3814.7144 3347.0422 6230.6670 190.7550 16326.4287 9287.5039 11849.0137 6143.6523 15818.5850 12892.2158 4071.5623 13430.8994 3697.1426 3479.5356 6215.8403 7913.1514 17441.0000 7083.9058 705.0824 7620.5718 14441.6729 8882.7930 13714.0146
18372.5938 18340.9004 8363.4648 5296.1807 1424.1343 5967.2349 23565.7871 15973.7539 5858.3735 12858.0918 10738.4727 17060.9023 2659.4553 6709.3345 0.8737 21862.7988 13666.9111 6355.0176 12302.3740 7666.5732 209.9990 3203.9509 3883.9587 11379.3027 8955.9863 7220.4365 3818.6931 3373.0007 6093.7983 169.5696 16310.8740 9260.2480 11826.2314 6170.0864 15852.2236 12973.6250 4094.4644 13040.5625 3813.7349 3474.1802 6279.4741 7853.8369 17341.8457 7037.4585 663.6360 7605.0503 14459.4492 8951.5205 13711.0645
18276.3516 18531.7227 8246.5557 5280.2178 1504.9304 5987.9536 23561.9766 15911.3916 5780.9565 12867.8193 10775.6279 17121.5371 2591.1416 6667.3286 0.7938 21879.2383 13594.6553 6369.3467 12325.6777 7761.5830 277.1376 3280.9639 3938.5137 11355.3213 8971.7178 7244.1616 3807.7437 3331.2583 6122.6621 170.6407 16251.6787 9294.8643 11851.0674 6201.8398 15845.8535 12923.7275 4098.9238 13155.3047 3762.3235 3461.5388 6373.9585 7886.1572 17367.7070 7027.2959 710.8475 7670.9346 14431.3457 8997.9463 13758.4512
18145.7578 18353.7930 8255.2207 5316.0513 1528.8943 6009.9653 23589.0840 15918.0342 5906.7759 12774.5479 10767.5615 16977.0879 2682.1689 6760.3154 0.7046 21801.8262 13520.1396 6345.9839 12304.9971 7695.1421 248.2758 3279.0110 3917.3733 11309.0127 8931.3574 7254.8267 3840.4431 3383.7432 6151.7651 179.2900 16273.2832 9240.5732 11741.8076 6195.5410 15737.7490 12794.8828 4105.6460 13104.1377 3713.5588 3470.1609 6252.4800 7860.7051 17313.0020 7099.7075 740.1716 7597.1694 14404.6396 8935.2607 13797.8145
18216.3223 18428.5527 8199.8770 5259.0137 1569.6726 6050.8613 23571.7578 15832.6611 5831.9854 12875.1592 10742.4141 17126.2305 2577.1311 6761.1948 0.8864 21803.3867 13535.6768 6422.6836 12283.0723 7694.4712 255.4707 3214.4751 3881.5403 11356.0010 8980.7930 7166.7500 3831.3459 3364.2549 6138.8120 180.8825 16282.2695 9273.8350 11820.6016 6162.7847 15830.1689 12900.8555 4053.4592 13029.8203 3819.3052 3455.4990 6310.6157 7831.1309 17412.8105 7045.7793 741.6006 7627.8193 14423.4160 8972.3145 13821.2354
18500.0000 18538.4590 8238.3154 5297.6475 1827.1406 6011.1880 23640.8105 15902.9746 5854.5273 12929.1475 10849.0898 17340.3438 2605.0383 6724.7705 0.9903 22085.5840 13626.4365 6454.7520 12334.6992 7733.7690 244.5554 3225.8250 3891.3516 11455.8623 8965.5762 7276.3662 3833.3049 3377.2332 6127.5488 176.2390 16354.4648 9272.1846 11854.5146 6213.5674 15820.2676 12848.9268 4085.4060 13219.2783 3762.1279 3462.4885 6234.8052 7936.7988 17415.1504 7061.3735 757.7216 7619.9961 14536.4619 8938.8896 13803.4219
18448.9707 18498.9512 8280.9492 5264.4629 1727.3757 6038.7012 23789.3086 15903.7217 5729.7686 12859.3115 10760.1094 17394.1484 2621.0222 6724.1094 0.9334 22047.3809 13600.3486 6383.0610 12309.5615 7640.1929 215.1897 3165.8096 3882.8542 11447.2344 9058.7021 7158.6841 3827.5203 3369.8621 6186.0156 181.6997 16388.5039 9317.9551 11799.4580 6207.3740 15806.1582 12895.5410 4065.0469 13147.5215 3636.4495 3460.6931 6249.4258 7944.6958 17448.9277 7128.2236 748.7986 7776.7334 14480.7285 8864.1484 13761.5342
18255.1094 18414.4609 8162.8506 5315.9912 1634.1152 6089.5332 23592.5762 16068.3887 5699.9736 12848.2324 10718.9375 17201.5508 2666.6582 6737.1699 0.9008 22003.3965 13687.3652 6365.5396 12354.2510 7637.3545 228.2996 3167.6936 3856.6116 11511.6104 8887.9316 7131.3896 3859.2336 3359.9485 6197.2070 175.0896 16316.5664 9259.2422 11807.2051 6193.5010 15746.8623 12909.2002 4081.1438 12939.8096 3792.1338 3461.7017 6376.5513 7894.4521 17414.9785 7143.1328 776.3720 7680.9756 14516.9668 8943.7949 13876.7617
18498.7734 18356.4746 8294.5156 5289.6548 1579.3055 5974.6313 23884.6055 16011.0840 5799.3179 12783.8145 10819.5752 17259.3633 2645.2095 6724.8188 0.9014 21753.9551 13663.9658 6398.6182 12304.4131 7661.6416 186.2949 3187.4587 3864.8601 11316.8467 8942.1514 7256.9146 3833.1743 3327.0325 6192.5195 173.9818 16322.1934 9303.7695 11857.6094 6191.7920 15820.9893 12822.0859 4079.0117 13048.2188 3615.5789 3472.3789 6161.1411 7890.5518 17432.6562 7112.3325 754.9752 7548.4956 14448.1045 8928.2656 13755.0684
18434.9004 18457.0137 8280.0713 5349.7480 1577.4985 5994.7241 23601.3320 15924.7852 5835.9082 12814.0732 10891.9023 17131.0410 2650.5464 6745.6636 1.0015 21742.2305 13617.3896 6380.1392 12273.9424 7672.9351 197.1322 3200.6548 3892.3867 11379.4082 8954.8457 7242.3467 3840.6062 3369.8916 6134.5986 186.9910 16346.8184 9183.7256 11782.7314 6261.5635 15797.5449 12816.9229 4021.3235 12867.6904 3784.5356 3485.8254 6228.4805 7890.3979 17429.6641 7050.9277 725.8396 7631.4888 14492.1484 8872.9590 13817.2607
18260.4277 18572.9258 8265.8262 5303.5967 1573.8152 6053.0459 23679.3945 15938.6035 5936.3447 12847.9111 10805.1230 17137.6699 2619.5930 6795.6128 1.0753 22038.5879 13688.6572 6397.1470 12344.0449 7667.4302 229.7816 3209.5767 3868.3635 11512.7949 8965.6729 7261.2197 3850.6846 3351.5815 6159.8364 178.2057 16327.5898 9339.3936 11813.5137 6225.6509 15730.0586 12820.2998 4051.7173 13066.6074 3701.3416 3498.2161 6340.9316 7914.4458 17440.7715 7095.4316 779.7414 7620.4482 14486.4492 8966.7588 13864.0811
18559.4297 18501.7012 8226.7275 5326.4546 1731.3403 6078.2749 23844.5859 15862.9844 5697.4746 12869.8311 10955.0176 17386.9766 2628.1960 6839.5176 1.0304 21836.8945 13743.2295 6483.6816 12340.9473 7724.2676 217.7199 3191.9187 3875.4976 11589.2295 8931.0703 7238.4902 3827.0215 3365.5679 6119.8447 179.5804 16431.9453 9314.4434 11777.8184 6246.8262 15931.0684 12963.0996 4018.6733 13322.3945 3698.0786 3482.0671 6350.6470 7926.9131 17555.2383 7102.5137 765.4205 7549.2222 14565.8135 8967.4404 14001.8008
18766.0664 18486.4297 8352.6309 5304.2275 2115.2271 6055.6313 23821.8301 15930.1152 5796.4985 12859.0020 10858.7422 17402.3340 2618.5439 6748.7344 1.0728 21921.2559 13725.7783 6362.2900 12327.9570 7772.4243 167.2517 3225.8401 3905.4526 11411.6455 8983.8047 7195.1748 3809.2134 3375.8279 6169.8267 182.1300 16362.6553 9349.6436 11785.7686 6230.8555 15845.3740 12934.1133 4086.9377 13275.8564 3679.6604 3472.0745 6257.5239 7924.9414 17393.1270 7046.4653 736.1888 7658.0322 14481.5264 8985.9688 13992.3896
18567.4141 18467.8301 8193.9971 5227.4185 1736.0510 5997.0928 23649.5957 15810.9521 5746.6055 12810.6953 10838.6182 17348.9043 2679.5115 6709.6909 0.8723 22130.4590 13659.2979 6377.6875 12279.9023 7671.5317 190.4477 3262.0896 3848.8242 11271.2842 8987.2158 7309.7129 3839.9285 3331.0347 6250.8599 175.7060 16300.9355 9265.6504 11806.1426 6213.9458 15737.7080 12915.8848 4040.9465 13324.0439 3740.5493 3480.3330 6192.8604 7895.0601 17396.4316 7117.7217 798.4523 7619.5903 14486.9434 8985.5254 13766.7656
18305.6914 18434.5645 8206.2734 5293.0063 1872.5293 6029.2354 23703.9316 15962.9463 5776.0933 12766.0117 10819.2832 17340.6152 2650.9082 6779.8677 0.8796 21925.4688 13657.5127 6363.2700 12307.3330 7709.6348 214.0031 3264.6104 3960.1355 11514.0430 8990.4287 7166.7251 3829.4404 3348.9648 6178.4243 172.3011 16310.1133 9286.1426 11798.6182 6232.2104 15779.4756 12908.9961 4062.2480 13110.6221 3671.4031 3453.1389 6244.2075 7861.7461 17449.2930 7089.4473 708.0842 7682.9673 14471.9736 8908.7627 13799.2656
18299.7480 18510.0684 8283.9355 5262.7705 1730.5255 6052.2896 23464.0840 15967.6035 5699.7402 12913.6318 10845.7266 17289.7637 2595.4058 6758.5713 1.0348 21894.2559 13743.2490 6473.5605 12354.4912 7647.4907 248.5143 3192.2209 3925.0510 11522.3125 9037.3828 7052.3550 3813.0403 3367.0544 6178.7847 180.7275 16332.4355 9290.2783 11842.9727 6208.9829 15883.2842 12913.9629 4106.2334 13328.6533 3763.5198 3486.0901 6199.9424 7901.9648 17416.7461 7106.4639 735.8787 7603.4419 14578.3203 8940.4932 13863.7334
18492.0977 18433.5469 8260.5186 5262.9722 1709.7769 6022.9209 23755.8965 16097.0928 5758.5815 12862.5254 10844.8408 17444.9961 2641.8721 6764.3696 0.8929 22087.2305 13715.2344 6432.1440 12369.7686 7685.8291 176.7433 3173.2300 3920.6812 11504.5557 8991.8896 7348.2471 3834.2554 3348.3379 6211.2168 179.9283 16380.7129 9355.5400 11855.4707 6248.8135 15815.9922 12869.6816 4079.0244 13089.1396 3804.6421 3496.2278 6262.2520 7948.4146 17503.9902 7135.1714 781.2745 7673.0029 14555.4131 8999.6641 13913.9980
18412.7012 18546.1328 8231.7832 5276.1621 1613.4407 5989.2876 23724.6016 15905.9775 5793.5376 12810.5898 10802.2051 17158.2988 2611.0667 6714.7007 0.8309 22005.0957 13557.7373 6460.6064 12332.2471 7670.5620 259.5518 3125.7717 3858.5500 11310.9023 8885.1553 7129.1587 3830.7173 3369.3840 6169.6636 170.7415 16344.6289 9202.0518 11727.3076 6159.7065 15749.4404 12840.3594 4120.3047 13089.4502 3727.9875 3450.9619 6186.4961 7877.4692 17419.1543 7071.3740 695.4262 7610.0835 14431.5908 8888.3203 13744.5000
18247.0527 18460.0762 8301.3721 5272.3662 1601.9801 5991.3364 23707.2441 15875.6836 5749.9731 12835.2129 10844.3438 17240.5566 2613.8792 6702.1387 0.8837 21711.8262 13599.4688 6360.2139 12332.8574 7684.3555 307.5627 3136.4573 3857.0327 11331.8643 8880.5576 7186.4062 3830.2822 3352.7483 6211.1040 183.6256 16305.9072 9299.1074 11760.5156 6156.1016 15826.4004 12943.9521 4084.5210 13338.5479 3747.4180 3481.5630 6262.0801 7912.2168 17437.2793 7063.9902 751.7277 7648.6616 14492.3633 8901.1211 13827.7920
18487.9629 18414.4805 8277.9248 5255.1753 1660.6746 6033.6621 23590.8887 15914.7354 5837.7808 12849.8682 10806.4609 17222.0645 2570.3218 6812.9399 0.9387 22124.0371 13703.8506 6392.2563 12328.2168 7724.6001 244.9606 3252.8933 3858.2258 11327.6104 8849.3242 7199.0132 3865.0024 3351.2058 6248.3267 188.3402 16379.7373 9303.3213 11817.6592 6160.6572 15872.6367 12929.8203 4042.3872 13093.5049 3730.4590 3494.6760 6192.0151 7868.3750 17518.8203 7046.0034 728.3092 7647.0386 14555.3398 8988.3330 13901.0332
18433.2031 18505.3945 8323.3652 5342.5557 1518.5913 6007.3569 23638.6836 16009.5176 5748.5186 12883.4023 10832.1943 17231.1113 2586.6455 6803.8467 0.9491 21896.8262 13729.5713 6429.8130 12320.7803 7667.9868 241.5014 3228.4241 3877.1128 11406.3447 8864.5420 7131.7925 3861.9609 3341.4443 6259.6851 174.4387 16306.5410 9382.3223 11805.1621 6182.0283 15825.3672 12865.8545 4096.9111 13353.1074 3860.5244 3500.5352 6339.7349 7869.0806 17407.1230 7135.5630 726.8320 7634.3467 14536.7324 8934.1670 13760.8838
18436.8887 18499.3848 8432.5029 5308.8125 1514.5088 5996.5259 23424.2676 15862.9863 5738.5776 12801.1992 10826.3301 17036.8750 2622.9490 6773.5444 0.8834 21593.9004 13625.4941 6461.6533 12324.3047 7681.3564 226.3458 3205.6792 3912.2893 11378.5420 8872.5156 7158.6240 3869.2454 3389.9934 6243.1460 174.4702 16325.1611 9263.7188 11892.2373 6203.6641 15846.1318 12857.8389 4056.4285 13398.3223 3924.2720 3482.6731 6231.8594 7848.5024 17446.7383 7092.0879 722.4206 7525.0796 14465.6484 8936.7148 13896.9229
18382.2949 18374.8750 8267.0352 5275.5083 1607.5278 6024.0996 23527.2812 16019.4453 5682.1265 12810.1436 10784.6172 17074.6641 2655.8516 6817.4883 0.8368 21855.2422 13643.4355 6429.6807 12304.0557 7675.1846 235.1432 3228.3071 3952.8340 11414.4668 8922.6484 7161.2886 3813.3159 3361.5662 6156.1108 179.4013 16290.5605 9117.8271 11790.9697 6213.6821 15794.7197 12906.9014 4091.7935 13287.5361 3754.3198 3459.5435 6219.6870 7896.7622 17374.1602 7070.1655 760.4928 7637.8721 14467.2861 8945.3740 13771.4590
18401.5176 18372.1484 8127.4595 5265.9688 1613.3680 6066.7207 23486.9551 15885.2305 5678.5723 12778.8555 10767.8701 17079.1445 2670.5212 6670.7241 0.8925 21533.6270 13580.7881 6381.8906 12313.6523 7673.6230 246.3277 3252.4421 3962.2769 11344.0293 8918.2324 7227.4966 3818.0945 3349.7646 6101.5923 172.0966 16337.8184 9257.8359 11816.5205 6219.7148 15822.3740 12867.3887 4112.4429 13067.8467 3698.7432 3473.9155 6243.9507 7852.9707 17427.7207 6990.0474 747.6246 7676.9189 14455.3350 8936.9062 13907.7344
18527.6270 18363.7344 8225.3867 5268.1040 1573.0720 6025.1421 23472.3477 15942.9893 5794.3892 12806.9971 10865.0674 17135.8398 2620.5266 6782.6455 0.9469 21696.0957 13677.4658 6407.9146 12349.7305 7687.7319 218.5165 3220.7327 3952.4456 11394.8037 8954.7109 7174.0103 3831.8962 3340.5476 6121.0376 170.5058 16342.8730 9345.6426 11794.6318 6193.9053 15878.9014 12931.3008 3992.5684 13018.9590 3646.4595 3495.8162 6214.1382 7887.0571 17409.8906 7077.8384 744.6279 7569.5776 14517.0879 8939.6514 13965.3916
18374.1699 18434.3770 8275.8994 5292.6597 1678.0676 6038.5615 23600.5000 16008.6357 5828.4448 12835.9873 10849.2471 17049.7266 2624.5344 6789.1323 0.8036 21732.0898 13692.2500 6374.2979 12379.5469 7667.5552 201.9654 3256.7542 3923.5750 11411.7256 8987.8213 7313.9814 3819.4722 3361.9160 6137.5933 178.0827 16319.0479 9303.3232 11831.6699 6167.2700 15868.5742 12897.5615 4049.1970 13281.5791 3782.5803 3467.3682 6228.2544 7894.0806 17454.3730 7101.7158 729.2632 7630.5581 14490.6611 9000.7148 13823.8564
18373.9922 18492.3105 8205.1553 5320.9722 1555.0781 6018.5854 23704.9473 15891.3096 5743.6797 12797.0254 10775.7246 17209.9473 2616.9453 6754.2046 0.9636 21915.6738 13550.8447 6404.4751 12279.2354 7702.4395 248.2974 3239.7427 3878.4475 11356.0068 9001.4355 7101.2397 3841.7668 3364.1582 6146.6919 177.5078 16308.1084 9282.5371 11798.1406 6181.2524 15803.7871 12861.7500 4005.0833 13117.6348 3647.6873 3467.8110 6280.3726 7887.9038 17454.7910 7112.4585 768.1313 7644.9414 14479.2764 8950.5166 13771.5459
18464.5957 18545.8574 8384.3584 5305.9854 1393.9259 6003.2896 23659.5742 15993.6377 5880.8179 12772.1357 10803.3984 17246.7012 2625.5981 6765.0698 0.8136 21571.1699 13776.4189 6429.1177 12358.6406 7760.0435 216.3533 3238.1755 3919.9617 11619.7910 9074.4834 7245.2388 3830.4299 3391.3284 6150.7100 184.8919 16358.9902 9268.1494 11878.1260 6156.5459 15841.3691 12950.4951 4102.5576 13115.8027 3862.4607 3453.6675 6190.6045 7867.6191 17466.8555 7087.4409 719.7009 7687.0181 14495.8779 8979.7979 13975.0635
18362.2520 18445.8203 8316.3662 5307.9424 1937.6007 6019.6133 23617.7773 15952.7422 5802.6953 12808.6494 10827.2988 17232.6680 2541.0315 6692.2959 0.7928 21799.1797 13637.5938 6429.5137 12366.3594 7662.7153 193.9335 3223.1848 3878.8582 11512.4209 8952.1299 7226.6792 3837.8276 3368.9998 6232.0132 185.1740 16307.8965 9278.0918 11813.0352 6239.1401 15858.8828 12861.7295 4056.2637 13194.1191 3721.4519 3496.2092 6401.3584 7871.1987 17479.0176 7015.2036 816.2862 7599.0737 14511.5010 8984.0957 13804.6982
18553.5938 18411.2734 8223.6621 5254.8315 2063.1553 6013.1440 23596.8184 15850.7402 5824.7896 12845.2051 10800.8057 17215.9629 2554.4688 6718.0435 0.8591 21698.6426 13639.5762 6409.2134 12363.8311 7652.1831 200.2118 3235.9131 3919.1528 11350.9414 8972.9141 7114.9229 3809.1265 3341.3135 6121.1060 177.3457 16353.3096 9272.3965 11858.8506 6188.5547 15830.7812 12887.8652 4124.7788 13059.5713 3741.7463 3489.5017 6350.1304 7900.8032 17406.1797 7075.2075 712.1312 7685.0112 14446.4707 8950.6641 13750.3008
18341.3633 18441.1562 8210.6641 5298.6660 1547.0188 5990.1943 23568.8477 15863.0293 5702.5947 12860.9766 10883.2275 17193.7402 2573.4287 6800.0830 0.7832 21650.9102 13658.1221 6380.6309 12301.6709 7602.7905 204.2912 3239.7197 3906.4150 11320.7744 8992.4600 7149.2437 3824.4883 3388.7854 6143.5742 180.6995 16225.2930 9284.5518 11756.2822 6180.3516 15799.6309 12768.8047 4112.8237 13043.9336 3581.2375 3463.9282 6296.5552 7877.8340 17323.3398 7042.0859 759.3368 7627.9688 14430.3760 8927.7637 13836.9326
18315.0215 18483.9004 8197.6914 5325.8423 1440.6687 6031.2080 23597.8867 15827.2783 5687.5630 12864.6250 10811.1221 17347.8359 2631.3245 6767.3823 0.8541 21777.8242 13685.0518 6465.2344 12345.1289 7648.5630 202.4283 3204.7485 3916.3350 11529.6631 9002.7871 7272.7383 3837.0879 3352.2097 6101.6997 180.1134 16347.3789 9322.6719 11774.7529 6192.4761 15901.2168 12842.2607 4036.2898 13113.5322 3752.8462 3470.3757 6340.2344 7812.6899 17422.9551 7066.9883 680.0154 7678.0791 14460.8320 8905.8564 13972.3506
18260.6191 18334.2051 8277.6562 5285.6152 1536.9739 6032.0049 23650.1191 15995.3145 5795.0063 12857.0791 10749.4121 17145.0508 2700.4290 6679.6943 0.8911 21993.2109 13555.2744 6390.5718 12301.0420 7664.1973 224.7978 3265.3040 3923.5920 11394.7881 8869.7568 7271.2783 3841.2866 3363.9641 6077.9009 171.1341 16328.4111 9204.7109 11724.1738 6158.7456 15813.3115 12943.9756 4063.0032 12904.6816 3652.7207 3484.5562 6107.6616 7910.2368 17487.8848 7058.2241 744.2567 7815.4697 14483.9785 8900.5225 13691.8066
18577.8789 18405.7031 8219.9609 5290.6470 1593.3177 6010.9160 23702.8281 15901.5547 5760.0947 12796.3887 10741.3047 17393.9805 2640.4297 6732.6387 0.9481 21869.3184 13582.1006 6394.0850 12265.4424 7728.0625 220.0087 3208.5347 3923.4167 11542.2041 8900.6025 7170.3286 3821.7759 3376.2109 6217.1992 169.9952 16260.1006 9244.8887 11827.4922 6232.0317 15823.9189 12889.4668 4054.9634 13358.7305 3812.5186 3498.5574 6180.4995 7877.1851 17369.9922 7053.2427 751.0674 7580.0215 14476.8740 8913.4990 13794.4746
18581.4375 18371.2266 8205.2979 5293.5942 1735.8091 5939.6479 23606.1426 15843.4189 5706.5034 12839.4014 10756.6377 17164.8691 2596.0442 6703.2651 0.8606 21918.8105 13501.6885 6346.8096 12284.3262 7677.1450 215.4250 3171.6921 3884.2444 11414.9600 8953.3154 7224.2188 3820.4001 3331.0129 6189.2866 179.1007 16210.1338 9219.4746 11815.5098 6204.1230 15713.5381 12794.1895 4040.1672 13104.4346 3727.2148 3469.7148 6342.2612 7860.3291 17363.8848 7039.7856 807.5554 7667.9771 14406.4365 8937.3096 13680.3994
18386.1816 18445.9180 8289.7578 5296.4521 1648.6062 6046.9575 23572.5156 16035.1396 5751.3818 12941.2588 10697.7363 17272.3438 2662.9902 6770.1411 0.8826 22045.3008 13672.5488 6428.3564 12328.5361 7678.5757 213.9244 3205.9368 3910.1509 11452.3711 8950.3945 7215.8008 3842.3489 3355.9329 6158.5317 182.3217 16305.6123 9267.7959 11780.0967 6234.1992 15843.6738 12833.0850 4084.2529 13241.9072 3757.0701 3494.0356 6267.9678 7914.5576 17448.8906 7110.0859 695.7882 7671.6226 14513.3760 9041.2959 13867.3711
18177.4238 18413.7832 8190.0898 5303.3579 1501.0389 6020.9512 23576.3594 15946.6104 5875.6069 12891.4395 10783.3369 17160.1348 2628.2578 6676.0273 0.9213 21989.3770 13582.7354 6389.7192 12339.6133 7722.5386 213.7336 3210.0593 3834.3625 11277.0381 8925.6797 7169.9551 3823.8120 3356.4048 6118.4985 184.8512 16366.5010 9346.5527 11803.1826 6128.4292 15772.0566 12828.9404 3983.6521 13197.9395 3717.4507 3457.6887 6292.3843 7854.7539 17363.2461 7028.6899 734.1141 7559.4839 14487.5840 9000.2471 13886.1074
18316.7949 18446.8770 8092.1426 5315.2388 1776.9724 5976.5381 23513.4551 15952.4590 5724.8384 12815.3789 10797.6348 17026.7617 2649.0613 6687.7632 0.9603 21853.3555 13655.3457 6426.2163 12288.6670 7673.8677 236.7934 3241.1758 3815.9739 11355.4219 8952.5977 7170.0752 3841.3303 3345.2961 6109.9141 184.8121 16275.0879 9224.9062 11841.3105 6143.2617 15799.7178 12865.7061 4025.5720 13109.5674 3688.0164 3463.0669 6379.6655 7854.9219 17342.9316 7052.5347 772.3768 7682.6899 14449.4365 8857.2529 13885.7090
18417.9082 18423.7363 8325.0010 5262.1621 1658.1099 5967.4424 23587.4316 15845.6113 5905.3350 12830.3701 10827.1035 17215.2598 2636.1294 6707.5747 0.8498 21547.3926 13666.8945 6307.0811 12278.0596 7651.7944 241.7937 3248.2961 3849.6667 11439.6758 8936.6338 7181.4629 3849.7686 3364.4341 6155.2212 175.5199 16291.9756 9344.6729 11814.6504 6214.7617 15761.7246 12891.8096 4019.2295 13363.3262 3747.1646 3474.7971 6268.0708 7899.0308 17385.2207 7124.9414 732.2798 7564.9932 14436.6885 8951.7188 13706.0576
18507.0586 18492.6055 8201.4600 5296.8423 1647.8422 6055.3140 23551.3066 15932.5518 5748.2656 12825.1855 10799.0840 17058.8965 2616.3796 6852.0444 0.8834 21885.2500 13514.9736 6372.2480 12300.4658 7667.7910 241.4226 3215.7817 3955.2295 11475.4766 8890.7412 7226.0483 3845.9504 3370.1318 6154.5942 183.6895 16282.8320 9275.2061 11740.9326 6223.9868 15795.9209 12908.0127 4090.8899 13104.1172 3785.7966 3452.8845 6141.0996 7916.2036 17370.2051 7066.1699 706.8884 7633.2739 14504.1113 8892.2441 13789.2227
18448.9395 18422.3203 8245.9541 5278.5703 1703.8760 6034.0361 23680.0391 15927.7373 5732.2041 12806.1621 10805.4316 17106.3418 2619.5637 6783.5430 1.0177 21942.7500 13703.1250 6471.5991 12364.6152 7739.6943 226.3733 3206.6082 3925.5488 11325.7041 8951.8125 7230.2192 3815.5027 3398.9182 6194.4116 172.1964 16389.1387 9259.3770 11801.5059 6213.9390 15907.7832 12980.6172 4153.1577 13226.3740 3843.6833 3478.7319 6309.3071 7901.0771 17557.2461 7115.6670 732.7777 7544.9678 14514.4785 8964.2217 13817.3066
18282.8594 18482.4688 8341.1396 5272.8970 1637.7048 6054.9604 23736.3828 16097.8369 5787.3057 12832.0859 10902.3037 17437.2012 2605.0098 6771.9580 0.9212 21996.1133 13681.0361 6409.9907 12385.5391 7724.9106 219.4702 3209.3274 3857.5610 11438.9268 8868.5078 7219.5254 3841.2231 3367.4663 6230.8423 171.9267 16385.6699 9277.6914 11924.8203 6210.1260 15823.7432 12958.2246 4106.5830 13087.7207 3642.0505 3485.7839 6258.5718 7919.3394 17435.1504 7066.5977 744.7372 7672.3833 14528.3730 8998.6787 13848.9375
