16388.4766 17938.2129 12756.2559 5120.2563 6703.6011 13783.0879 11590.0557 16873.6016 4348.4419 13789.7324 13548.7236 15789.5977 6155.1968 6886.0869 0.0000 12033.5723 12358.1318 8021.3540 14044.2090 6472.0596 20.2246 2596.6328 5973.6929 10960.6465 9567.4678 3813.7473 4190.3091 3435.1245 10961.0479 280.5111 15443.9121 10029.4746 11103.2764 5179.7930 13196.1934 11270.8086 1909.5986 13445.5010 2094.0449 4120.2803 9321.7002 7473.9297 14897.8145 7736.6309 1766.4119 6741.1069 13623.3896 5480.0664 14444.2412
16282.6406 17910.2500 12775.8652 5061.2490 6770.1865 13681.5674 11657.6846 17098.8555 4311.4263 13734.2158 13473.5244 15630.6787 6097.1660 6863.2920 0.0000 12252.3662 12309.5332 8034.7495 14090.8301 6422.2764 22.3398 2579.4280 5959.3940 10768.2842 9583.6680 3758.8145 4182.5112 3403.3525 10933.4092 272.8626 15498.7793 10108.1641 11071.0400 5167.4575 13252.7881 11341.4102 1910.5752 13690.4453 2104.3894 4106.4526 9473.6104 7458.8696 14961.1250 7744.3950 1766.7881 6671.9341 13574.9990 5507.3999 14437.7510
16328.6143 17971.6250 12638.0107 5132.4048 6809.4873 13721.9668 11632.8643 16895.9219 4178.7920 13701.2822 13502.4941 15845.4180 6194.0229 6823.3701 0.0000 12371.7510 12323.7305 8050.6313 14116.1328 6419.5493 19.3996 2576.5139 6005.3125 10779.6650 9684.8086 3785.3162 4188.3296 3357.4045 11019.4043 287.3306 15534.3877 10001.1348 11106.8213 5192.7529 13196.7256 11353.9932 1953.3877 13647.1738 2092.9646 4129.7451 9534.2461 7527.7563 14894.5381 7794.4043 1797.8823 6674.9146 13589.5312 5504.3828 14467.6836
16412.9062 18069.1523 12611.4834 5117.5747 6688.9805 13732.5947 11714.5332 16891.0293 4239.5566 13780.6260 13559.2363 15479.6045 6185.6992 6898.5908 0.0000 12201.0293 12319.4941 8007.8130 14137.5957 6442.6484 19.4628 2545.4907 6047.6436 11047.9795 9677.5537 3872.8223 4188.2935 3374.1682 10998.2041 276.3312 15580.8340 10082.1250 11051.9014 5202.3149 13251.2764 11322.3691 1901.5968 13760.3008 2090.8123 4158.3071 9358.4502 7459.3140 14970.2910 7754.9209 1790.6781 6762.3594 13664.3037 5486.6875 14575.7744
16447.0703 18008.3125 12782.3154 5053.3677 6643.1562 13674.7607 11737.0215 16914.4805 4285.6167 13764.1934 13481.6270 15628.1885 6158.3169 6887.1694 0.0000 12372.2432 12314.0869 8020.5229 14138.4639 6440.2183 22.3203 2550.6284 5969.1523 10667.1475 9615.8125 3912.1560 4202.3438 3412.3730 10976.6934 277.7899 15616.7178 10041.3203 11059.9434 5159.2729 13215.1777 11315.0830 1891.4354 13675.6582 2058.2078 4104.3018 9423.3789 7449.9976 14995.7305 7754.0972 1822.6017 6720.7642 13632.7871 5434.7607 14453.7119
16264.1699 18035.4316 12663.4229 5106.4111 6605.0015 13622.3789 11753.1162 16951.9258 4289.2329 13792.1025 13518.2578 15719.8545 6128.1123 6844.7056 0.0000 12144.4072 12411.7188 8136.7969 14101.4199 6432.9629 18.1530 2562.7783 6018.8047 10731.4639 9662.7324 3884.7537 4189.4014 3370.5371 11003.6396 277.4542 15516.3340 10085.6719 11137.2188 5165.7036 13170.8945 11358.1045 1913.2285 13648.5146 2087.6006 4113.0156 9155.4512 7459.6338 14882.0107 7760.2432 1817.9287 6669.3228 13618.8252 5474.2441 14468.3535
16450.3184 17966.8516 12749.7148 5100.1313 6392.1289 13822.5352 11693.2295 16967.2246 4330.1714 13772.8213 13562.0342 15865.2412 6151.1167 6928.4878 0.0000 12216.2861 12332.4033 8091.0542 14146.6426 6492.3779 20.6814 2569.3308 5994.8613 10833.9434 9638.8770 3874.6560 4191.2275 3423.5925 10954.8545 267.6707 15579.2871 10048.0293 11162.5635 5221.6343 13155.1572 11294.8398 1923.4491 13596.3271 2104.1765 4132.1743 9290.3936 7466.1895 14968.0137 7748.0508 1841.2306 6692.8882 13646.9951 5474.0288 14351.5176
16364.0674 18111.5391 12756.5039 5099.0522 6679.3364 13740.1768 11760.8516 17074.7402 4195.8677 13816.9004 13491.9111 15608.2725 6182.7637 6851.1060 0.0000 12070.6260 12291.7637 8085.5269 14190.9434 6474.4409 25.7871 2567.0396 6032.9160 11103.8477 9641.1631 3854.7314 4195.1050 3444.7444 11004.0664 271.6805 15532.9570 9957.5918 11111.3936 5202.7314 13216.0977 11378.2793 1969.5486 13662.7588 2137.6404 4136.9453 9424.1309 7456.1006 15041.1943 7763.5391 1817.6412 6641.4385 13653.6533 5488.5005 14578.6699
16456.7500 18106.3672 12697.0117 5097.4092 6804.4775 13751.4150 11771.0264 16943.5488 4245.4619 13751.5576 13477.4512 15750.4014 6184.8506 6853.8267 0.0000 11980.5000 12397.5527 8076.9429 14154.4648 6502.8687 28.0125 2586.6697 6083.9551 10871.0977 9655.2764 3846.2432 4211.7681 3396.2114 11141.1865 277.8664 15542.3320 10062.7119 11190.4180 5199.4844 13173.5283 11348.6895 1958.5122 13655.9170 2164.6948 4131.8276 9234.8350 7493.4238 15022.4902 7792.0918 1640.0450 6546.7935 13643.6924 5444.8545 14562.5576
16246.5781 18085.8945 12614.3496 5116.5352 6664.6133 13741.1045 11529.2822 17074.6680 4319.8130 13776.2344 13468.2295 15654.8018 6182.8501 6902.8286 0.0000 12176.0039 12390.2236 8019.5151 14092.1260 6456.3804 21.9980 2608.6333 6027.3877 10954.1035 9612.8848 3893.4082 4162.8335 3395.3225 11055.2812 271.8329 15475.6543 10077.4854 11138.5322 5204.9272 13174.1836 11286.3555 1971.5463 13626.9863 2206.1143 4134.3374 9288.9170 7500.4561 14982.6387 7744.3198 1746.3136 6611.3457 13616.2764 5484.6440 14360.2314
16285.0967 17978.0391 12617.8633 5157.3735 6804.9575 13742.0674 11571.1699 16964.9551 4275.9570 13790.0479 13491.7500 15773.2070 6147.6294 6903.4370 0.0000 12146.4248 12376.3721 8086.6475 14175.7637 6442.5542 18.8896 2618.5271 6008.4741 10955.3730 9600.4248 3825.0085 4182.2891 3430.1638 10917.2637 270.6156 15536.7930 10122.3018 11134.7783 5175.7583 13167.3662 11319.5010 1912.8707 13644.1123 2160.0430 4155.7070 9304.6162 7507.1577 14948.7285 7740.8901 1818.6432 6648.9604 13626.8379 5500.9946 14451.7246
16270.3623 17912.8770 12620.3809 5086.8462 6630.7461 13743.2500 11638.0088 16891.4941 4255.6021 13781.0439 13429.5029 15567.1748 6033.2207 6880.9966 0.0000 12088.1689 12367.3154 8016.3677 14082.0615 6495.3945 24.2440 2560.6152 6068.5146 10842.4014 9600.4531 3809.4099 4188.3027 3370.7427 10936.3857 275.9605 15584.0879 10083.8252 11140.8535 5211.1963 13183.4326 11289.2266 1923.7493 13825.8389 2170.2783 4155.5522 9264.8115 7507.8018 15021.6387 7709.7285 1871.7283 6576.5420 13665.0557 5533.4238 14331.7812
16354.2051 18031.4180 12674.1240 5108.9214 6666.6035 13696.4883 11720.5420 16931.5410 4287.2070 13796.4785 13464.4287 15796.0850 6115.1807 6824.1279 0.0000 12250.4121 12393.3076 8003.3442 14137.7773 6502.2021 23.7955 2572.1233 5956.2764 10642.9609 9691.2764 3848.6313 4178.2803 3383.5586 11050.2744 289.0729 15598.9102 10180.6807 11118.6689 5210.2520 13272.6855 11406.9434 1953.6790 13808.6064 2102.7988 4130.6772 9273.1787 7459.1621 14990.7744 7719.6377 1799.3937 6626.6772 13651.2432 5515.9736 14327.6445
16503.7383 18006.8594 12763.9883 5101.3154 6711.9204 13679.8135 11726.1104 16976.7715 4341.1182 13775.4805 13497.2393 15623.5059 6097.9429 6808.0659 0.0000 12130.1689 12312.5498 8135.4434 14087.0938 6494.1743 21.9951 2596.3748 5940.0234 10785.6523 9692.2295 3790.6663 4172.3516 3311.6318 10943.4658 287.5438 15485.8193 10096.8994 11078.9590 5141.1807 13198.9062 11379.8496 1919.9402 13574.1211 2138.8059 4137.4307 9315.2422 7485.8589 14927.4229 7770.0962 1844.7235 6643.7510 13655.6855 5513.4165 14481.3145
16410.1387 17959.8750 12619.1025 5041.1890 6620.0244 13735.6621 11573.1309 16953.1348 4317.0615 13764.1338 13566.3799 15825.8750 6149.2407 6816.1226 0.0000 12110.7012 12245.8125 8123.8618 14111.9932 6409.6616 23.4940 2576.7942 6006.0483 10510.8330 9717.2656 3827.7786 4173.6689 3378.7695 10989.7383 259.3057 15507.9355 10000.8662 11051.9316 5139.9878 13220.8057 11323.6396 1915.7684 13787.4766 2061.0015 4132.6655 9309.0576 7486.8174 14931.4355 7778.2466 1836.2775 6634.2197 13630.3066 5448.9688 14376.7051
16434.2188 17862.7441 12600.1367 5129.9448 6741.0894 13731.3916 11573.5010 16874.5996 4252.8232 13717.0537 13503.1533 15759.0322 6110.3003 6909.3940 0.0000 12209.0693 12355.0830 8063.5693 14139.4766 6422.5459 17.3635 2553.3904 6047.5693 10657.2695 9636.1660 3793.9612 4201.4448 3376.4958 11019.9727 261.6425 15567.2139 10056.2949 11078.8848 5196.6855 13180.7275 11363.0010 1914.0420 13926.0576 2088.4299 4148.2915 9520.4941 7502.8232 14940.5234 7839.0830 1769.2106 6611.9561 13589.4932 5483.0986 14406.7148
16385.3359 17884.6992 12758.6787 5111.3594 6443.3257 13735.9092 11641.8506 16854.6562 4333.0986 13751.1934 13436.4600 15680.5156 6139.5664 6873.3164 0.0000 12234.6572 12365.1777 8036.4023 14090.2275 6420.0503 17.3852 2559.9587 6066.5415 10806.7129 9613.2305 3780.5371 4218.5381 3371.3689 10982.2051 271.0511 15450.5723 10065.9492 11180.1709 5167.0884 13158.6475 11321.8877 1942.6251 13610.4453 2124.0212 4184.8472 9485.0293 7458.5146 14878.1641 7687.6172 1794.6287 6539.8271 13599.8945 5466.8726 14499.9648
16412.7500 17833.2363 12626.6104 5000.5176 6283.1636 13667.6963 11647.4658 17005.7793 4310.4575 13745.0703 13445.5059 15786.7363 6169.3589 6884.8359 0.0000 12244.6377 12366.6592 8071.0522 14134.3770 6391.7910 23.9805 2624.9185 5966.1089 10863.8936 9594.1494 3768.4985 4182.8599 3454.1511 10860.2646 274.5062 15479.3594 10102.9961 11085.2139 5177.2959 13234.0186 11317.4951 1958.8148 13680.1289 2152.2686 4148.1875 9270.7510 7480.4854 14929.7158 7681.4541 1815.2272 6549.5220 13575.9434 5464.9849 14655.2607
16337.4570 17851.4043 12953.2158 5044.5605 6780.9390 13740.2207 11643.0020 17086.8750 4207.3633 13758.7578 13495.3311 15686.2139 6062.2939 6845.2300 0.0000 12188.9805 12217.6602 8009.6323 14175.6855 6499.9253 23.3833 2617.3442 6041.1636 10945.5654 9628.8838 3888.9551 4167.5283 3410.1267 11035.0664 274.7715 15550.0195 10124.3145 11151.0176 5186.2642 13231.4375 11297.2500 1906.0819 13682.6953 2126.5657 4134.6655 9457.2285 7460.7017 14997.7793 7774.8926 1741.7709 6616.5771 13572.8047 5475.0610 14544.8809
16335.0283 17841.6641 12700.1641 5148.5767 6949.6719 13746.7930 11594.1699 16956.9219 4362.6694 13761.8154 13560.4014 15808.4990 6167.9370 6940.5981 0.0000 12024.5811 12398.8232 8037.8735 14121.4619 6424.3574 25.2499 2558.1128 5943.3735 10897.6152 9606.7461 3789.1045 4156.6470 3347.2336 11039.7656 279.2013 15476.5410 9996.3389 11147.4775 5151.2275 13188.2412 11304.9971 1926.4584 13386.3447 2055.5735 4134.9971 9302.7256 7464.7529 14939.5117 7828.3149 1769.7001 6650.4814 13598.7764 5505.1392 14518.8379
16225.3164 17844.3164 12599.7715 5146.7437 6556.9292 13621.6475 11595.7344 16902.6582 4405.0234 13743.4990 13544.3418 15599.9365 6154.5469 6919.2129 0.0000 12099.0332 12358.2002 8036.1494 14156.1006 6486.2617 23.8741 2569.3662 5904.0981 11170.7070 9595.6836 3903.9041 4178.0498 3386.4490 10938.6201 271.2694 15469.4453 10131.3555 11172.8877 5137.7251 13209.6611 11358.7344 1914.5912 13604.0410 2057.9360 4133.5898 9221.7148 7421.3833 14957.6963 7701.9014 1774.9988 6768.2900 13557.4248 5523.2754 14358.2930
16267.5430 17881.7500 12656.9053 5062.0415 6540.4038 13633.4697 11686.6631 16837.8184 4389.9834 13732.3496 13503.1914 15689.3574 6132.4927 6763.0645 0.0000 12061.4199 12343.8496 8026.8130 14137.9961 6482.9990 20.9939 2591.7397 6008.2529 11024.3867 9594.9922 3796.0046 4195.0854 3406.8208 10949.5713 273.1294 15411.2744 10237.9355 11127.1699 5167.7588 13263.0830 11378.6426 1882.8163 13668.1953 2078.7192 4162.1299 9310.3926 7484.4927 14965.3066 7690.4229 1798.9181 6626.1206 13586.6094 5565.6118 14344.6396
16294.6699 17960.1172 12773.2012 5158.8789 6812.8052 13623.0107 11709.4893 16857.7129 4277.1689 13724.2334 13503.4561 15619.8359 6157.1099 6826.1060 0.0000 12272.7568 12418.2988 8085.0708 14114.0889 6515.2246 21.2098 2557.1533 6084.5107 10809.7998 9599.0264 3872.2283 4198.1255 3385.8777 11075.9111 280.2484 15533.2871 10144.6523 11125.0645 5190.6631 13195.8350 11375.5918 1932.0746 13817.3105 2100.9172 4133.8296 9300.1797 7438.4702 14914.6895 7763.0933 1743.2081 6649.8506 13623.9004 5473.4282 14648.5068
16273.1699 18114.3027 12725.9180 5223.7407 6761.5854 13718.7520 11739.0684 16947.7930 4333.9595 13802.8477 13535.7490 15768.2969 6194.5874 6852.8457 0.0000 12158.2852 12342.5898 8090.3936 14103.5498 6496.8555 19.0997 2591.6814 5913.4404 11047.7568 9587.0000 3861.6345 4190.5249 3375.2678 11024.7930 284.9864 15539.2217 10036.2656 11138.3408 5209.1206 13314.3809 11394.8672 1936.9623 13790.8477 2111.0945 4125.2061 9411.9424 7463.0015 14956.4883 7748.2148 1765.3369 6794.9912 13675.5283 5501.7119 14478.9629
16349.8037 18117.8867 12686.9785 5168.5181 6733.0820 13733.7793 11740.3887 16946.0742 4165.9761 13728.0439 13542.6025 15691.4043 6210.8657 6811.7466 0.0000 12304.6768 12332.4307 8071.2437 14070.1650 6500.8125 20.1467 2591.0725 5940.5195 11034.8125 9597.2236 3835.3042 4208.0410 3416.8911 10972.8115 281.1696 15536.5830 10055.9512 11095.1133 5141.2563 13221.2139 11219.4453 1893.3262 13552.1123 2106.4124 4097.5703 9509.5684 7457.1191 14928.3545 7813.4282 1796.5153 6738.3589 13637.9482 5443.2373 14458.5029
16107.7197 18000.9297 12678.7646 5139.9048 6698.4399 13737.8154 11719.3320 16977.0312 4156.2139 13763.6357 13497.7480 15666.5596 6196.5112 6925.0601 0.0000 11903.1494 12402.3135 7998.1079 14069.1680 6468.6953 23.5748 2582.3369 6077.8418 10545.6035 9644.9268 3756.6387 4209.2676 3416.7742 10949.4062 270.9923 15538.4922 10094.5195 11039.5889 5218.3940 13157.2295 11323.0811 1913.0808 13714.8291 2176.1289 4122.9668 9398.7207 7461.0571 14938.0459 7738.9517 1832.2638 6624.1938 13637.2949 5453.4712 14521.7686
16335.7324 18053.3203 12772.4717 5140.5864 6700.8184 13674.1084 11744.1787 16899.6074 4336.5581 13762.5791 13541.6123 15722.1357 6190.8433 6973.2334 0.0000 12344.7646 12514.2549 8040.1533 14103.1064 6387.2246 24.0730 2562.3870 6014.0776 10855.9209 9665.0391 3759.4937 4200.4888 3442.3008 10981.4346 278.8584 15548.8770 10028.3252 11034.2900 5217.3193 13222.6318 11314.7998 1932.8162 13797.8584 2096.0461 4115.5264 9338.6250 7496.7495 14969.4746 7739.8174 1790.6835 6680.8906 13581.6992 5442.5381 14623.9170
16443.8633 18010.5000 12765.0488 5031.2158 6636.4956 13729.6533 11795.5322 16907.1055 4265.6387 13742.4658 13564.9502 15753.9629 6121.6689 6908.3877 0.0000 12155.7295 12389.3594 8053.7007 14104.7930 6467.0645 17.9147 2559.7026 6019.3755 11157.5156 9679.0469 3840.5862 4197.7007 3420.6799 11000.1768 284.1684 15530.1904 10044.6846 11087.3789 5191.9414 13187.1846 11285.7461 1877.5867 13569.5518 2097.0732 4098.9443 9458.3965 7494.1514 14956.4941 7719.0405 1892.1395 6646.2832 13589.3555 5457.7637 14484.7881
16376.0781 17935.2383 12672.9941 5103.1079 6497.5586 13695.7500 11670.5615 16958.4043 4314.0225 13741.8916 13541.3594 15803.3379 6182.4204 6887.4648 0.0000 12332.1621 12370.7295 8053.2949 14142.9004 6449.5513 22.2223 2563.4502 5920.9028 11001.1318 9651.0703 3908.5771 4192.6191 3408.9526 10905.3164 271.5067 15490.5713 10043.2080 11087.0957 5166.3633 13157.1094 11297.5371 1877.6110 13298.7129 2077.0112 4150.0312 9379.9727 7501.2949 14934.8135 7729.7085 1828.9604 6729.5654 13595.7891 5474.1670 14433.3271
16258.6963 18017.8672 12676.7383 5066.7729 6520.1104 13584.7676 11638.7949 16845.3848 4316.5063 13751.6016 13505.4102 15614.6504 6125.4839 6960.9834 0.0000 12202.0000 12356.4502 7977.9023 14179.9824 6479.9512 21.4261 2561.1399 6040.5146 10660.6797 9694.3535 3679.4138 4184.6060 3398.1267 10867.8887 263.2614 15558.7744 10103.2793 11077.3232 5200.3687 13186.6191 11337.3301 1918.3729 13707.8809 2080.8826 4156.7759 9304.8447 7495.3125 14912.2998 7709.6626 1835.3676 6676.9761 13615.9580 5493.0776 14525.8447
16319.3379 17897.8535 12736.8936 5046.2051 6751.0215 13640.7373 11605.6279 16954.7109 4288.2954 13820.0117 13460.4775 15623.3262 6122.0112 6787.1797 0.0000 12398.8750 12378.9688 8052.2251 14087.7979 6459.2778 18.1350 2574.5544 5968.6226 10987.9346 9596.8564 3788.1392 4192.4590 3429.2305 10970.8633 286.1372 15505.6299 10031.1982 11120.3857 5224.0034 13197.7314 11370.7227 1949.6990 13684.7500 2111.4160 4128.5938 9348.0371 7466.7910 14983.5576 7731.5981 1792.0170 6651.1064 13581.7080 5433.1562 14597.9463
16542.0820 18140.5000 12702.5254 5076.6890 6729.1816 13741.7578 11747.7900 17076.4570 4314.9614 13811.0664 13519.5371 15657.4004 6138.1411 6895.5674 0.0000 12188.8604 12332.9238 8026.0454 14136.9092 6443.2378 20.0727 2577.9539 5940.6743 11015.2471 9609.8262 3762.8135 4196.7993 3386.5085 11047.5137 277.5710 15580.3691 10042.7510 11138.7520 5186.7407 13191.6270 11279.2646 1830.3663 13542.0830 2098.4939 4153.8022 9367.4395 7485.4819 14985.8467 7700.0342 1698.7279 6676.3672 13654.4043 5434.1694 14532.8896
16334.5361 18123.8613 12529.2334 5147.6416 6695.5273 13812.0234 11728.4229 17019.5742 4324.7236 13770.7764 13529.2432 15780.7695 6109.9893 6981.1367 0.0000 12174.5889 12342.9033 8107.5811 14209.7070 6458.5479 24.2399 2564.4822 6021.5913 10946.2305 9645.7529 3863.2705 4209.5845 3395.1470 10986.5811 271.2010 15594.9727 9978.7354 11118.2881 5191.6943 13221.4092 11398.3809 1947.4828 13593.9023 2069.3665 4142.3477 9268.0635 7475.8101 15017.4180 7752.6572 1699.3319 6695.3198 13612.8203 5521.7173 14501.2246
16511.8262 18062.5273 12559.6572 5109.2495 6843.4590 13749.0078 11669.7070 16961.0566 4363.4937 13732.3350 13563.1396 15766.4902 6178.2915 6804.0176 0.0000 12061.7139 12388.5303 8126.7056 14218.5723 6424.6836 20.0590 2606.8572 6042.6997 10751.2578 9700.5156 3863.2554 4200.7056 3370.6775 10956.3105 273.5133 15548.7607 10079.0156 11175.8457 5184.7271 13220.5410 11345.5420 1945.1177 13747.8916 2105.9087 4134.7300 9475.9746 7464.2007 14939.7549 7809.4282 1769.6167 6535.0293 13597.7637 5509.2373 14506.5889
16527.4434 18003.0840 12635.7725 5087.1060 6801.3921 13790.0332 11658.9883 16911.9414 4300.5723 13748.3809 13543.5537 15780.3643 6138.9941 6829.3228 0.0000 12147.1963 12322.1738 8042.1401 14103.7607 6438.0664 16.7380 2572.2410 6050.1782 10948.4180 9662.4307 3830.4792 4173.3076 3383.4485 11081.9727 278.1576 15526.2930 10075.8340 11119.5830 5182.9180 13194.5645 11318.7168 1969.8757 13716.1406 2144.9167 4097.1396 9543.3252 7500.9473 15010.3350 7754.4512 1790.8557 6786.3667 13611.8506 5502.9194 14582.3105
16467.2480 18033.0059 12831.7080 5046.4790 6690.4932 13694.8418 11661.4863 16960.6211 4287.9126 13739.6709 13497.4053 15674.8320 6179.8413 6907.4375 0.0000 12155.4531 12368.7520 8037.5151 14120.2871 6428.6216 19.0778 2567.3518 5996.9175 11078.6973 9580.0215 3859.5947 4160.8330 3403.5837 11112.1055 260.6432 15497.7920 10085.4688 11136.2598 5190.3364 13248.5820 11411.3281 1887.5570 13680.9053 2098.9934 4109.3232 9374.3252 7434.7695 14927.0225 7731.5303 1917.4229 6687.8345 13597.6406 5542.4502 14432.1221
16237.6299 17836.1875 12809.1689 5063.7842 6633.3945 13727.7607 11566.7480 16897.8613 4244.9434 13755.5703 13407.2051 15675.0430 6156.7432 6832.9214 0.0000 12209.9326 12310.5068 8055.1577 14113.1855 6444.7290 20.3055 2569.6350 5983.3569 10652.3408 9517.4316 3752.3291 4202.2451 3443.6433 10906.4971 271.3852 15490.8311 10108.8555 11084.7305 5158.9141 13199.0967 11305.9756 1966.0120 13593.1426 2159.5510 4169.3267 9313.9746 7464.2075 15005.2451 7717.6611 1866.5629 6610.7935 13614.7041 5491.5742 14472.6396
16407.6484 17838.0918 12805.5195 5117.5122 6717.7241 13751.7920 11531.7422 17065.7891 4169.0205 13815.6396 13430.9307 15668.5732 6143.2451 6818.1694 0.0000 12160.9033 12381.1709 7986.3003 14040.0498 6462.5396 25.1797 2575.6567 6043.9619 10870.0615 9480.5898 3852.6497 4182.0205 3399.4785 10961.9287 279.9084 15427.8047 10061.2871 11101.2471 5168.6367 13229.0039 11310.2070 1940.2706 13744.2373 2154.1172 4116.0093 9257.4492 7472.7471 14971.7588 7726.3452 1722.5098 6680.8809 13664.0117 5458.1553 14475.7900
16433.0469 17784.0371 12701.8320 5142.3198 6851.2842 13665.9150 11552.7383 16920.2539 4221.8481 13770.2627 13469.2754 15576.2803 6179.0913 6897.8271 0.0000 12231.1201 12240.0303 8031.7969 14064.0078 6425.2363 23.7812 2611.8271 5959.1426 10803.7852 9655.3477 3858.6902 4191.0786 3438.1641 11068.3438 269.1140 15498.5771 10036.2900 11018.6357 5203.9185 13170.2930 11269.3574 1889.2578 13674.3398 2062.0837 4110.3872 9334.6025 7436.4727 14841.6416 7734.3594 1839.9062 6720.4678 13590.2646 5419.6968 14461.0645
16459.2090 18062.7520 12732.7783 5105.7734 6698.7197 13698.8232 11639.4043 16963.8828 4352.7363 13807.7607 13414.0820 15557.6025 6170.3477 6844.6455 0.0000 12176.3828 12264.5234 8055.7979 14076.7656 6436.9717 21.2845 2582.5042 5953.9082 10832.4844 9649.5098 3825.4580 4216.6182 3362.3911 10992.5010 273.8530 15549.1885 10092.3721 11097.8994 5231.1084 13183.4756 11343.2139 1926.0822 13796.8242 2088.4607 4119.9575 9480.2969 7432.5488 14957.0439 7703.9800 1803.4441 6621.4404 13624.2031 5456.9585 14366.2803
16341.7588 18105.9336 12700.9209 5133.8579 6590.8979 13819.8213 11716.6318 16944.0762 4301.2466 13740.2178 13558.1465 15767.1221 6118.4702 6895.0049 0.0000 12280.4033 12361.9492 8093.3169 14106.8564 6488.3335 25.8841 2557.4031 6008.2290 11155.1162 9624.7158 3831.0051 4165.2886 3346.0801 10818.2393 278.7935 15543.0039 10029.3877 11123.3047 5177.9961 13160.4688 11328.4023 1931.9854 13249.1094 2141.9727 4084.6052 9403.3164 7513.8032 14960.1504 7810.8218 1810.5248 6604.9780 13622.4990 5471.9692 14489.6475
16304.0586 18000.4766 12701.7734 5083.7251 6555.7866 13674.2256 11727.4834 16995.2246 4318.1250 13753.6025 13556.2305 15648.4941 6099.7202 6910.5508 0.0000 12040.3604 12354.2324 8074.9746 14161.2236 6410.0493 22.4004 2550.3557 6014.6265 10633.7656 9661.9014 3786.6350 4169.2891 3336.2849 11038.2822 272.8553 15560.8271 10047.2949 11200.8359 5162.6440 13195.9951 11288.2637 1911.4294 13781.6709 2125.0483 4107.5781 9399.0801 7505.6108 14900.3154 7720.3848 1752.1406 6715.7886 13610.8486 5498.6157 14361.6621
16376.7090 17875.5176 12680.1855 5120.3911 6580.8213 13696.0000 11602.6123 16878.7637 4315.2583 13729.7627 13427.9736 15908.2275 6141.5415 6815.4883 0.0000 12285.1807 12358.8184 7958.3330 14085.4102 6480.7251 20.4911 2564.0791 5957.3784 10751.5957 9568.6855 3870.4419 4188.4287 3320.8037 11063.6270 272.7048 15503.5186 10052.1777 11084.0781 5141.9873 13194.9922 11331.3701 1934.5157 13876.1211 2092.0405 4137.6753 9311.8066 7458.8076 14927.3721 7766.5146 1749.3569 6597.6621 13619.9805 5534.6699 14337.9658
16330.9482 17864.9316 12639.1758 5091.3813 6719.1973 13706.0850 11582.8799 16821.0801 4288.9043 13742.3242 13480.7568 15683.3711 6137.3867 6880.1509 0.0000 12031.1279 12300.2441 8018.3193 14076.1865 6464.6807 23.6647 2597.9873 6053.8145 10717.4434 9673.7178 3800.6438 4209.8203 3416.5879 10932.0156 254.1334 15550.6133 10053.9023 11089.6709 5145.2256 13206.1758 11292.2930 1934.4646 13580.9199 2080.9709 4133.2881 9217.8115 7461.8857 14888.7812 7758.8940 1817.9561 6563.4312 13624.2012 5482.0088 14442.6133
16282.5498 17925.1738 12863.3164 5145.3750 6644.7358 13721.6152 11566.0479 16964.9414 4262.1431 13864.8242 13565.2402 15662.1260 6199.6099 6850.6753 0.0000 12277.6748 12287.0957 8128.2808 14082.8164 6457.3867 23.6593 2579.0974 5935.6260 10735.2930 9534.6270 3853.6145 4180.3853 3408.6777 10991.8086 279.1080 15461.8369 10026.0742 11105.6455 5164.6890 13192.2617 11410.7402 1902.1832 13460.8223 2133.4294 4181.6699 9341.8018 7463.0669 14939.2139 7767.5498 1854.6858 6686.4092 13668.8789 5503.3389 14279.3320
16465.2090 18011.0859 12724.8398 5061.5103 6709.6763 13736.1143 11767.9688 16927.2793 4284.2285 13808.2275 13527.1338 15595.5137 6078.7891 6993.1235 0.0000 12103.1006 12341.6621 8029.5542 14068.3418 6394.8301 21.7348 2567.5491 6015.1479 10952.0166 9631.6299 3845.5693 4202.2183 3415.2166 10948.7002 286.6575 15587.4463 10115.1035 11076.4453 5215.6289 13274.3477 11355.1787 1868.3467 13892.5039 2020.1293 4164.4185 9284.7686 7485.1099 14954.3613 7754.7778 1789.9506 6571.1904 13631.7969 5498.9932 14478.6885
16359.4219 18123.5020 12770.0381 5077.6138 6783.2827 13827.3232 11739.1035 16918.0137 4232.0088 13725.5977 13548.1855 15813.7666 6113.5596 6908.1934 0.0000 12064.5762 12330.8740 8049.0220 14139.9062 6464.1475 22.4865 2564.0950 6031.7012 11021.4004 9697.9053 3825.0613 4185.5562 3383.1807 11194.4268 271.4921 15550.7021 10087.8691 11082.5820 5236.5903 13247.0918 11368.2256 1972.8943 13536.1387 2136.6675 4120.8398 9418.6914 7539.9238 15009.7637 7829.6494 1782.2122 6775.7432 13681.0010 5489.4243 14627.0654
16346.9736 18209.8086 12945.5332 5236.5366 6669.8877 13788.4951 11876.9150 17070.1660 4234.2559 13763.5723 13561.7041 15816.4863 6138.3438 6823.6396 0.0000 12186.0469 12367.9590 8099.8721 14153.2891 6478.5225 20.3625 2594.8193 5996.3999 11097.2012 9772.1406 3841.1052 4176.0132 3406.2664 11126.9092 275.9322 15602.3906 10040.5410 11110.1475 5230.8628 13251.8252 11367.2500 1928.6831 13736.4600 2170.6355 4132.5439 9556.8496 7537.5215 15054.4043 7856.8442 1905.2080 6794.9922 13656.1406 5439.5972 14489.4043
16344.8984 18146.0898 12808.7588 5037.8584 6756.0493 13644.1152 11647.4883 17018.1445 4295.5464 13820.2090 13440.9121 15771.7764 6228.1855 6878.5566 0.0000 12074.4590 12446.7773 8115.9521 14111.2656 6445.6909 18.4329 2587.3181 6057.8765 10994.1904 9648.9004 3794.2341 4186.2734 3409.4988 10999.2900 283.7837 15557.5693 10093.6719 11067.7178 5213.5918 13192.4463 11312.6807 1996.2607 13596.8350 2155.2686 4119.5220 9410.9756 7513.0884 15044.9082 7844.5811 1786.6068 6620.6299 13597.7070 5439.6812 14512.7930
16369.0518 18068.6035 12718.7715 5070.0513 6821.9321 13764.8467 11671.3486 17044.5840 4371.7700 13801.6025 13504.1543 15677.2568 6215.0293 6901.5688 0.0000 12256.9268 12347.7812 8159.3506 14131.4111 6471.0396 20.8518 2573.3550 5951.7134 10865.0547 9635.1641 3870.0681 4191.1782 3419.8696 10941.9775 288.0125 15451.6143 10011.8545 11102.5176 5175.5654 13202.4170 11271.5371 1934.4548 13764.8232 2100.7856 4142.0620 9318.8633 7533.1387 15009.1641 7733.4619 1796.1639 6690.9487 13638.5225 5455.8779 14466.6758
16344.7949 18049.0176 12659.5801 5107.7368 6635.9976 13719.4609 11662.4727 17057.1426 4322.3789 13780.2070 13444.7656 15870.9502 6087.8892 6879.3228 0.0000 12288.0967 12354.9375 8063.5664 14143.6318 6407.5181 25.3121 2534.8745 6033.5962 10944.1816 9645.8359 3932.2031 4187.3257 3387.1934 10974.1592 270.8112 15561.5674 10141.9883 11164.8574 5168.1582 13244.3887 11355.6523 1930.7606 13604.2422 2154.6672 4158.7891 9261.6416 7499.0586 14903.3281 7793.3701 1752.4259 6781.6919 13633.7080 5494.2935 14617.3486
16418.2930 17952.2949 12684.9287 5101.7808 6736.8579 13688.3936 11742.8467 16985.5488 4250.5806 13771.8691 13472.3916 15752.3057 6153.8604 6833.9629 0.0000 12176.2129 12355.6104 8084.2764 14143.9951 6449.8330 23.9658 2576.6948 6034.7344 10889.8115 9591.1328 3935.3120 4178.5156 3375.1836 10937.5205 268.6118 15506.0557 10221.0566 11170.1455 5192.0254 13264.7822 11365.2041 1919.3329 13710.6484 2055.7554 4150.4922 9262.0068 7491.0356 14975.4141 7807.6431 1853.3984 6738.6064 13605.8760 5511.9038 14483.1738
16264.9121 17886.1953 12684.7910 5094.1367 6757.5156 13721.5879 11716.5518 16940.6602 4219.9839 13776.9863 13598.2480 15586.2129 6076.8853 6834.8047 0.0000 12156.3379 12313.2148 8066.1240 14133.5234 6442.5083 21.2834 2602.6631 6026.3813 10887.4600 9625.3506 3884.1096 4175.0776 3408.1907 10944.8037 279.0571 15566.6777 10082.5537 11196.0967 5178.8770 13249.0635 11300.5674 1892.7292 13817.2852 2126.2402 4134.5146 9443.3027 7483.2910 14960.7354 7773.2471 1755.2603 6667.0684 13622.5381 5513.0264 14476.1104
16223.3574 17785.6836 12651.8496 5061.8394 6649.9121 13673.2617 11610.6387 16932.3926 4361.0620 13744.0850 13491.4727 15808.7246 6071.9199 6910.7207 0.0000 12172.7578 12340.4863 8076.0049 14112.6875 6464.6509 22.6633 2555.0420 5980.9810 10519.9863 9621.9404 3864.3508 4185.9941 3429.9656 10958.7305 278.9489 15505.3701 10107.7119 11197.0820 5166.5640 13161.8730 11340.7852 1914.0902 13686.6465 2080.9626 4119.1836 9280.2822 7425.0298 14953.1641 7705.0327 1729.7466 6624.9053 13604.7354 5499.5181 14349.0586
16347.5088 17959.0020 12632.8242 5022.4399 6588.7178 13775.2637 11752.1553 16927.4297 4288.7915 13750.7012 13582.6553 15710.6865 6163.5439 6904.5288 0.0000 12285.1211 12366.8369 8057.5693 14087.2178 6440.4287 23.6831 2571.8237 6043.2505 10710.0400 9651.1885 3992.0974 4171.1055 3400.6355 10990.4775 288.8912 15518.5254 9906.1904 11065.0674 5204.6968 13180.8994 11337.1113 1902.8827 13672.9697 2047.0048 4121.4590 9361.3535 7451.1768 14960.9951 7713.8730 1755.3860 6635.9971 13690.9043 5524.4097 14497.2441
16357.6895 18033.6680 12709.1074 5146.4019 6596.4189 13668.1045 11818.0947 16957.7520 4303.0610 13770.5938 13505.5713 15523.2588 6224.9888 6781.7231 0.0000 12307.2988 12395.9971 8036.8584 14169.0469 6441.0898 22.1387 2573.4543 6020.8398 10994.7734 9681.2246 3796.7539 4178.1631 3435.6882 11067.1338 271.9283 15584.1035 10071.6494 11093.7197 5208.2510 13231.7070 11356.6035 1943.3018 13688.6982 2101.5300 4122.8892 9408.9824 7477.0898 14969.3223 7741.8779 1792.1665 6636.5054 13627.1797 5483.6113 14406.7725
16455.3691 18041.0605 12665.1895 5071.2378 6611.2646 13719.2227 11704.5332 16962.2090 4258.6738 13743.0361 13505.3359 15682.6377 6152.0972 6888.9370 0.0000 12158.1084 12281.3672 8003.8535 14106.7842 6442.2603 23.3691 2590.1123 5953.4395 10837.1260 9611.7549 3725.1787 4210.2144 3389.3423 11023.5820 282.9359 15467.7422 10098.8311 11096.4854 5174.8979 13250.6445 11362.0645 1878.0983 13620.5020 2062.1252 4134.4341 9381.1621 7516.4438 14964.7686 7782.8413 1831.9238 6628.4961 13609.7012 5488.7651 14384.6943
16396.0059 18031.4297 12747.3350 5032.4033 6455.5342 13728.9131 11645.0332 16844.5215 4207.9668 13747.7188 13541.4434 15654.3018 6149.4141 6884.3770 0.0000 11997.7451 12244.4551 7975.7109 14141.7520 6474.2036 17.2594 2577.5806 5985.6655 10592.7686 9701.1924 3816.8494 4203.5732 3363.4851 10915.5264 283.6035 15522.9600 10146.1748 11063.3506 5156.5063 13207.0820 11350.5654 1937.0612 13565.4326 2144.7354 4139.0386 9341.5908 7456.6655 14971.6064 7706.6689 1711.7766 6580.0161 13649.3291 5479.7129 14390.2998
16371.2432 17920.5762 12726.2607 5099.6157 6388.3413 13820.0527 11649.2197 17052.8535 4227.9209 13710.5479 13454.3877 15567.7803 6173.7578 6946.6294 0.0000 12234.7549 12346.4971 8044.3584 14152.2119 6465.1636 17.7556 2588.4514 6003.0718 11069.2178 9618.5010 3868.0527 4194.5200 3406.4404 10813.4199 273.6869 15516.2861 10063.5967 11034.3574 5167.3828 13211.1309 11280.7520 1977.7639 13592.4209 2196.6064 4118.8735 9163.7031 7446.2998 14904.1533 7690.2954 1654.4070 6544.9702 13629.7979 5471.3496 14324.8779
16206.1357 17927.3555 12548.6006 5193.5244 6580.5601 13760.6064 11630.4385 17010.0742 4288.5576 13819.2686 13450.1523 15706.5107 6195.8555 6831.0420 0.0000 12165.8584 12385.8105 8031.7114 14163.9023 6462.2637 21.1680 2551.3523 6052.6372 11052.2734 9597.9727 3823.7732 4231.3345 3448.3760 10953.1533 272.3656 15534.2285 9989.0156 11056.5088 5142.1416 13162.0361 11322.9609 1979.5452 13770.4639 2129.7114 4160.9878 9227.9990 7458.2100 14908.8887 7674.4526 1807.6003 6727.9214 13623.6729 5445.2935 14389.3770
16296.5801 17873.7695 12555.9609 5142.5781 6537.5000 13679.3477 11635.6270 16964.5000 4330.6025 13742.6816 13505.2158 15619.1260 6141.9043 6834.1992 0.0000 12393.6250 12348.9512 8066.0581 14156.6768 6503.6079 19.1706 2547.8115 6092.9570 10730.9160 9650.1348 3776.6519 4212.2910 3399.1807 10945.7402 266.0636 15580.2803 9963.8320 11152.3545 5171.2500 13176.6152 11340.8633 1953.2935 13500.3730 2073.3862 4136.4751 9135.0010 7432.0718 14922.2578 7719.4229 1882.8337 6699.4644 13603.6279 5486.7285 14529.6035
16415.7812 17872.8984 12675.2695 5123.3428 6602.1348 13680.8008 11569.7861 16971.0098 4292.9868 13741.0557 13516.8086 15530.2197 6143.8223 6904.8589 0.0000 12094.3076 12394.7793 8069.9502 14155.3662 6421.2266 17.5775 2595.5583 6016.5405 10603.1963 9569.9150 3799.2134 4157.1455 3381.9014 10905.9170 271.8229 15488.7842 10031.4473 11168.7959 5200.5034 13231.7881 11284.1289 1915.4717 13702.3184 2155.2793 4121.5215 9420.8398 7496.0464 14901.4053 7761.6880 1751.3235 6615.2056 13599.3984 5533.5674 14546.9033
16292.9854 17933.7891 12750.9912 5124.3477 6690.8989 13740.1572 11485.3584 16885.3203 4247.4517 13719.9551 13529.0020 15788.1543 6159.0352 6730.1025 0.0000 12137.2715 12339.1006 8021.7354 14120.9287 6439.2114 22.0855 2577.8074 5946.8516 10704.3145 9566.7617 3850.6311 4173.1758 3364.1230 11011.9463 298.0815 15542.2217 10136.8438 11085.8369 5198.0029 13231.8262 11391.4336 1936.3710 13933.7451 2125.5784 4101.7197 9370.8857 7490.2529 15012.2803 7711.2759 1732.1156 6645.4497 13612.7744 5534.8188 14431.6885
16229.3037 17983.7012 12664.1963 5064.8779 6694.7285 13693.7197 11714.8105 16860.2734 4362.0269 13732.4795 13531.3145 15736.2139 6122.8994 6897.3066 0.0000 12114.8340 12404.6738 8038.2852 14072.9043 6411.6528 28.1664 2580.9065 5922.7109 10925.2979 9621.0146 3831.5371 4191.6431 3353.2837 10938.0039 278.8856 15573.3535 10052.5439 11093.1475 5202.1216 13172.4551 11366.4346 1918.5880 13644.9492 2077.6541 4121.1572 9306.7510 7461.2163 14972.2344 7741.7534 1835.3986 6621.6787 13590.9150 5462.3281 14417.7676
16333.6143 18250.8203 12576.5801 5099.0669 6931.0352 13748.0928 11742.3428 16973.3535 4368.6821 13771.6934 13511.9736 15720.0166 6187.1401 6829.5913 0.0000 12342.5859 12422.1816 8084.4580 14147.8438 6460.9683 23.7343 2572.9836 5960.9995 10705.9248 9671.5391 3734.5798 4187.2080 3357.8816 10899.4414 280.9688 15558.2852 9998.4033 11147.2305 5181.7544 13237.4316 11298.9189 1871.4692 13482.1094 2112.3325 4113.9014 9536.3330 7476.7271 14916.7334 7792.0620 1845.7697 6652.8950 13648.9590 5486.0073 14589.8350
16416.9551 18213.8125 12699.6455 5093.9741 6898.7788 13717.7148 11659.7959 16909.7754 4199.9131 13766.5654 13457.5889 15567.5596 6153.2383 6691.2515 0.0000 12117.4482 12323.1455 8038.3472 14176.1006 6508.1216 21.1563 2594.3914 5895.7144 10841.5762 9668.3184 3890.5193 4164.3276 3392.4778 11172.9307 280.2261 15523.9385 10065.8809 11070.0488 5211.8325 13210.2861 11321.2998 1919.3336 13601.1992 2100.2268 4105.8057 9527.7539 7460.4233 14945.0283 7811.4878 1797.4194 6703.9761 13680.7295 5476.5015 14481.5615
16272.4307 18144.4102 12597.1777 5115.7593 6613.4697 13737.2910 11718.7979 16915.8516 4333.1504 13789.0537 13446.2324 15773.4609 6140.6919 6905.9312 0.0000 12272.3252 12476.6504 8111.5859 14121.3184 6467.2456 21.6893 2593.0623 6104.1987 10620.7598 9700.4727 3814.9988 4196.5439 3372.2271 11066.0820 281.1848 15540.4785 10130.3135 11104.1338 5164.4272 13186.6309 11273.3594 1909.9302 13605.9199 2062.0117 4141.9614 9387.4639 7501.0527 14946.8975 7795.1523 1827.8610 6699.0913 13666.8340 5472.0078 14555.9473
16319.6719 18167.7070 12735.6133 5042.5029 6746.4600 13677.2607 11687.3066 16920.4434 4271.7383 13815.8564 13494.2559 15733.3877 6162.3257 6941.1089 0.0000 12151.9082 12285.0947 8070.7427 14095.6807 6454.6245 24.8500 2596.2329 6019.6396 10788.5498 9633.5703 3883.5273 4191.9795 3411.6804 10957.4922 271.7258 15506.0479 10046.6953 11032.7461 5227.3818 13141.5459 11314.8662 1924.8334 13844.3271 2209.4023 4117.9868 9222.9434 7487.4653 14948.5029 7798.0957 1731.8564 6651.4634 13602.2539 5467.4663 14465.2695
16265.5000 17995.7734 12867.7021 5052.5205 6689.3950 13721.5547 11630.5674 16960.6738 4146.0073 13754.3564 13524.1260 15884.0859 6159.4185 6920.3794 0.0000 12310.0566 12374.8350 8053.2051 14104.1592 6505.4429 20.9478 2603.7817 6109.3682 10963.5479 9729.9492 3828.8848 4159.1792 3437.0496 11141.9141 281.4618 15552.6602 10058.8525 11124.9824 5183.8794 13174.4854 11321.6416 1909.4456 13627.8564 2154.1777 4108.5850 9453.7471 7505.6978 14998.2842 7838.2925 1783.6376 6586.8032 13590.1865 5472.1592 14376.3271
16480.0898 17878.2129 12648.3623 5094.1748 6512.6973 13700.4932 11639.0908 16972.4570 4296.7339 13719.4844 13519.8008 15806.4766 6154.1230 6892.4297 0.0000 12086.3594 12327.7441 8048.2412 14119.6318 6522.1270 18.0948 2563.2622 6048.7231 11000.3887 9681.6406 3763.4695 4178.4292 3454.8630 10962.4092 271.6379 15499.7090 10048.4492 11130.8740 5146.6260 13148.7666 11287.3350 2009.0006 13580.9170 2151.2126 4111.9512 9448.1475 7438.8223 14951.9229 7745.5669 1865.5162 6582.5059 13635.9395 5444.8682 14505.0293
16321.0215 17810.9863 12643.2676 5081.2437 6735.0059 13751.6631 11656.0146 16963.9258 4373.4829 13736.3545 13564.4580 15590.0928 6092.5156 6926.6704 0.0000 12196.3643 12259.7373 8120.2368 14119.2246 6462.6411 19.7164 2593.2761 5931.3540 10990.8311 9626.9795 3779.5764 4180.8481 3396.1104 10980.7178 271.1034 15569.1357 10007.1816 11131.9893 5189.6387 13209.3486 11307.9053 1916.8701 13598.4453 2083.0017 4123.5166 9287.0586 7439.3579 14967.0352 7674.9199 1770.9398 6626.5640 13603.7295 5515.7280 14540.2666
16138.1660 17953.0098 12650.8242 5096.3906 6773.6851 13629.0586 11595.1875 16980.9551 4320.8516 13750.1406 13491.6357 15629.3750 6117.2090 6887.7671 0.0000 12235.1523 12424.7139 8031.2485 14101.5098 6424.1689 18.9707 2597.8528 5941.7095 10893.2471 9559.0840 3771.3164 4152.2739 3381.6628 11031.7607 273.5922 15465.5439 10120.7627 11076.4150 5173.0181 13180.7178 11344.5938 1871.8595 13842.4453 2081.9619 4161.8896 9313.6143 7446.6221 14866.6436 7773.3843 1754.2744 6694.9810 13615.7588 5463.6733 14586.5293
16436.1523 17868.8418 12600.0078 5123.1777 6841.8638 13659.9150 11561.8398 16910.3535 4378.1436 13763.1611 13454.9160 15676.7793 6137.3003 6794.4639 0.0000 12066.5410 12313.4824 8070.2148 14097.2354 6433.0649 20.9857 2558.7556 5998.0088 11024.3867 9549.7998 3857.2756 4166.0142 3388.2305 11029.2637 279.0712 15509.1025 9999.9355 11106.3174 5168.7598 13186.5029 11348.4336 1893.1298 13681.3564 2089.7280 4160.6733 9238.9473 7453.4316 14986.4023 7744.6782 1744.3481 6766.4482 13631.3027 5515.4385 14489.3232
16393.2441 17848.4746 12628.9238 5087.2314 6682.1318 13713.6064 11570.5107 16923.3848 4315.1084 13802.5215 13509.1836 15812.9219 6158.6997 6881.6567 0.0000 12219.5107 12388.3438 8006.2798 14116.4307 6434.5732 24.3055 2542.3848 5908.1992 10825.9277 9641.8350 3822.9673 4220.7065 3453.2700 11084.9248 280.1909 15469.3750 10079.5166 11066.8340 5165.1221 13208.9824 11394.7900 1919.2399 13511.4385 2090.1870 4149.6411 9227.8594 7499.2876 14952.3281 7731.3413 1772.6338 6683.0620 13590.2744 5465.2710 14445.5928
16451.8750 17827.1113 12842.9492 5094.5083 6480.1519 13753.0117 11558.5273 16851.5254 4325.6953 13774.4678 13462.6855 15679.6787 6138.8145 6936.3730 0.0000 12109.2871 12297.4102 8048.4468 14045.5098 6513.4590 22.2514 2604.8425 6018.9214 10747.8555 9601.8467 3795.6436 4189.9688 3404.0977 10912.8965 272.2548 15437.2607 10071.5010 11078.8408 5191.3013 13262.9707 11354.1875 1913.2910 13609.0264 2110.5164 4151.2603 9393.4990 7421.7437 14880.9365 7736.5000 1772.1801 6659.0107 13595.9453 5481.2803 14439.1387
16563.8125 17875.3867 12753.0664 5096.6592 6708.2476 13655.1035 11650.6113 16880.7676 4235.3027 13729.6885 13487.2949 15780.6279 6166.4824 6918.4624 0.0000 12105.0410 12306.9658 7992.3779 14082.7256 6432.5361 23.8834 2617.1809 5979.5415 10809.5859 9653.2617 3876.5979 4198.3389 3407.3044 10837.2539 280.9447 15493.6416 10021.7256 11074.0938 5200.1079 13132.8740 11297.3516 1892.9470 13484.4795 2111.7549 4171.1172 9537.0264 7434.2280 14870.7480 7691.7129 1793.9357 6733.5991 13586.8408 5449.0537 14407.7236
16247.8643 17812.8477 12816.0947 5100.4131 6645.4146 13694.8027 11640.2021 17072.5762 4293.1323 13738.9990 13420.5771 15679.2490 6118.1514 6882.6279 0.0000 12075.4609 12322.8623 8045.2422 14161.7568 6478.9346 21.2680 2590.2778 6028.5776 10872.3145 9618.3682 3836.9968 4191.8945 3378.0969 10986.1953 271.7570 15494.9482 10058.1621 11063.4873 5169.3687 13142.3184 11283.9824 1911.4402 13550.2314 2093.2083 4125.8433 9424.6182 7445.8472 14920.0420 7652.3359 1844.3229 6733.6646 13557.7715 5466.3550 14546.0801
16310.3447 17915.0957 12579.4248 5130.0146 6742.9248 13601.8320 11619.5059 17025.5293 4279.2881 13763.6064 13460.5439 15736.2168 6109.7598 6860.8130 0.0000 12057.5107 12283.1904 8077.6763 14134.1592 6499.2812 18.7066 2553.3584 5944.1021 11026.6396 9616.6475 3816.4526 4192.4653 3401.2505 11066.9219 271.3808 15506.4951 10173.7715 11185.0498 5155.8672 13184.8691 11273.8809 1917.3245 13691.4541 2082.3528 4128.9897 9385.0596 7471.2256 14912.6914 7748.2832 1856.4506 6669.9448 13594.4971 5496.6074 14376.3115
16366.4268 17875.8984 12787.6221 5121.4932 6988.5869 13670.4365 11690.8008 17121.7598 4302.6865 13781.6914 13576.1406 15598.1650 6167.9326 6761.3652 0.0000 12019.2285 12375.7168 8030.9268 14103.2852 6447.3110 24.6082 2564.9844 5913.0513 11128.6035 9572.2705 3864.1418 4198.4438 3387.8389 11059.5068 276.3598 15478.4619 10103.8760 11133.5850 5193.0645 13214.2773 11360.3818 1948.8644 13732.0098 2085.3625 4142.0054 9286.4424 7425.4570 14969.2949 7675.5669 1806.5601 6701.6792 13620.0234 5470.2886 14403.0586
16336.4033 18030.3691 12687.7354 5144.8501 6551.7573 13719.8389 11805.5059 17041.8633 4354.7417 13794.3682 13554.3633 15555.4932 6155.8154 6918.8960 0.0000 12224.0918 12332.1201 8077.8052 14162.9170 6444.2354 19.3974 2625.1204 6073.7568 10872.3516 9599.7383 3855.9766 4203.6968 3406.4814 10982.0498 277.0219 15528.7285 10137.7520 11247.1865 5217.5112 13288.5869 11446.2998 1972.5222 13873.7373 2147.7407 4153.1855 9271.2549 7488.0024 15044.0137 7689.3608 1746.7477 6632.9365 13638.6523 5502.0771 14411.5820
16419.4023 18026.4062 12731.8184 5186.7100 6594.5757 13763.7549 11691.9062 16880.2070 4319.2700 13790.9316 13587.9521 15609.9639 6110.4497 6861.6265 0.0000 12004.8037 12424.6992 8107.4707 14186.4688 6442.9541 19.8572 2570.8962 6059.4897 10589.6328 9620.7266 3791.1287 4201.9600 3389.9246 11044.5361 267.9430 15553.8809 10053.4482 11224.5283 5159.7446 13220.9062 11241.7930 1906.0797 13523.3223 2107.5471 4134.2275 9324.4268 7479.5415 15058.6758 7705.5449 1857.6693 6577.3208 13613.6318 5535.4976 14538.4639
16462.1582 18093.1230 12590.6855 5190.2388 6669.4502 13675.4355 11755.9541 16863.3418 4380.0996 13799.6426 13542.9512 15694.1475 6073.9688 7001.2607 0.0000 12283.2979 12338.8555 8061.5293 14141.4492 6485.5356 29.1635 2559.1670 6067.2749 11058.3184 9570.6318 3808.8059 4202.7856 3401.1331 11017.9619 263.4124 15576.2607 10084.6914 11195.0088 5231.4399 13264.2178 11340.1318 1921.5048 13650.4629 2163.2046 4172.5508 9558.9492 7475.7388 15035.6035 7771.5737 1814.4398 6619.4009 13684.6074 5511.7524 14575.2510
16374.7969 18107.1934 12668.8574 5057.6069 6400.0225 13770.5830 11772.2520 16916.6953 4302.5215 13774.6289 13496.7480 15755.3184 6070.0190 6865.6396 0.0000 12291.4688 12298.7695 8128.4951 14100.3828 6472.5249 22.1357 2598.3904 6012.7173 10779.5361 9655.3838 3874.7698 4176.4385 3388.3000 10886.4639 284.2647 15529.2754 10130.9404 11147.3711 5194.1245 13288.2979 11382.8457 1933.1277 13879.8545 2070.9241 4157.0098 9311.2021 7482.5610 14966.9404 7740.0718 1828.7262 6550.3311 13611.6348 5458.1982 14440.9287
16360.0879 17999.8418 12652.8311 5045.0352 6630.9492 13707.8604 11723.5342 16795.1621 4299.1812 13696.4795 13506.5791 15736.8916 6156.8330 6879.1606 0.0000 12129.5674 12362.6230 8012.0210 14108.1338 6422.2661 18.3947 2562.6396 5952.9136 11053.0459 9689.8906 3800.9573 4184.7412 3355.6860 11018.7031 268.9475 15525.6211 10130.4863 11055.2920 5177.2544 13265.9639 11372.3115 1944.4701 13726.7793 2127.6682 4115.1831 9296.2275 7504.5068 14991.0303 7839.1113 1766.1552 6610.2090 13587.8525 5506.0889 14521.4346
16302.9482 17922.3887 12629.6221 5134.4023 6763.1011 13758.1758 11724.9297 16905.6523 4230.5435 13743.6260 13499.3359 15679.4004 6140.5723 6718.5249 0.0000 12229.6807 12358.8984 8010.0884 14084.1357 6431.6445 27.8087 2560.9624 6008.7441 11192.4092 9683.0830 3895.6606 4201.2456 3348.8918 11019.7119 265.8244 15595.5176 10083.9688 11109.7266 5178.1084 13237.4775 11386.2764 1958.5454 13981.0205 2134.9846 4123.9795 9359.1650 7487.7026 14984.0410 7797.1631 1696.7096 6661.4316 13586.7119 5463.2271 14539.0176
16481.5410 18060.4512 12753.5693 5133.6636 6795.8184 13701.1445 11659.5293 17024.5449 4241.1387 13792.8574 13499.0088 15874.3721 6173.0903 6893.9170 0.0000 12290.0840 12392.5039 8070.4233 14120.5742 6409.6963 26.2157 2579.0442 5989.0757 10945.8223 9617.6074 3799.7131 4200.0723 3360.9204 11014.7979 280.5552 15534.9121 10151.7021 11114.9551 5177.6089 13198.2979 11228.4951 1958.6217 13733.4922 2109.5334 4143.4883 9481.9092 7467.9023 14935.9668 7812.8467 1806.7368 6621.1089 13643.1895 5489.8120 14581.0010
16272.1250 18092.9297 12911.1855 5146.8535 6749.0737 13659.8350 11650.9209 16926.1523 4238.8516 13753.1641 13494.7100 15761.6768 6163.9966 6915.6050 0.0000 12088.5674 12338.6953 8028.0605 14076.4385 6465.8564 22.3541 2563.6990 6156.3657 10931.4072 9586.7998 3792.5967 4199.2622 3392.3110 11070.1260 279.3317 15530.4160 10085.4658 11100.5127 5170.3057 13191.6055 11350.9268 1906.8757 13727.6484 2057.9766 4149.1699 9489.2383 7472.7065 14956.8008 7818.8608 1815.2490 6670.0083 13610.4033 5501.4058 14449.8643
16339.4844 17997.7266 12777.0117 5053.6030 6706.8652 13688.0449 11700.6934 16816.7188 4153.6826 13717.9443 13509.6035 15658.8857 6181.0508 6863.0020 0.0000 12254.3701 12319.1123 8066.1509 14112.6641 6463.2329 22.6432 2550.6013 5921.7603 10849.3115 9669.8115 3784.4263 4183.6353 3399.5559 11040.3027 274.7421 15563.7002 10064.0449 11076.5996 5151.3003 13194.3271 11276.9648 1914.9980 13539.5664 2185.4019 4113.3330 9368.2744 7526.0942 14950.4092 7769.8711 1759.2255 6596.5332 13595.5674 5461.0234 14351.0342
16340.0322 17993.7949 12711.1855 5044.5874 6750.2388 13699.9404 11588.1191 16946.0547 4268.7598 13837.4932 13476.5381 15883.0889 6089.5366 6928.1133 0.0000 12048.3340 12409.9150 7967.3818 14126.5674 6431.8208 21.1581 2564.4360 5952.2822 10575.6064 9546.0029 3864.7175 4176.2451 3374.8181 10998.9502 269.5355 15523.4453 10031.7129 11098.1377 5190.5288 13203.1348 11349.6748 1875.7162 13523.1484 2059.8594 4109.0698 9248.1348 7551.9761 14986.6123 7731.5879 1892.1678 6562.4243 13646.7930 5493.3706 14499.8838
16384.2559 17929.2305 12733.1914 5120.3184 6555.4272 13727.9150 11719.0537 17037.6348 4202.8188 13824.5996 13478.4229 15847.2598 6179.0327 6881.0796 0.0000 12397.6533 12360.8311 8077.1309 14111.8486 6503.1812 19.7369 2579.4563 6023.4414 10692.6191 9652.1104 3797.5964 4176.0537 3439.4563 10941.1982 265.9182 15518.8447 10081.0371 11070.4443 5201.8584 13165.7783 11379.5771 1908.0197 13724.1660 2111.7996 4134.3208 9294.4824 7472.3057 14910.2451 7736.2778 1788.5778 6697.1396 13566.9121 5408.5317 14426.1006
16397.6738 17856.7344 12775.0820 5109.0376 6605.2090 13811.5117 11624.5918 17044.0078 4262.3418 13804.7383 13492.8496 15674.5518 6273.2095 6889.3306 0.0000 12328.5410 12449.9404 8082.5532 14145.4619 6450.2295 21.4236 2581.3850 6094.2456 10825.0059 9664.6172 3855.2639 4192.9902 3392.5081 10931.8105 268.3441 15515.0078 10063.8535 11031.9434 5210.2437 13163.8672 11299.2031 1873.3854 13552.9766 2149.3867 4102.1313 9324.3301 7513.3281 14999.0547 7815.1812 1800.5938 6655.3945 13665.5273 5443.5552 14510.8438
16466.2109 18095.5859 12664.8477 5150.4966 6729.4492 13719.1982 11725.8145 17014.1270 4186.9375 13779.6533 13500.4209 15728.6914 6240.9487 6798.7158 0.0000 12035.5557 12426.7559 8116.4521 14136.6826 6525.0874 18.0827 2573.4692 6086.5605 10966.3525 9661.9287 3797.5981 4224.5986 3400.1775 10842.9238 260.4561 15550.6709 9970.4551 11152.6484 5200.0728 13236.0381 11303.6367 1930.3662 13728.4883 2144.4810 4157.4058 9305.0469 7507.8257 15013.1113 7703.8198 1845.8341 6660.4795 13639.9238 5514.1060 14530.2354
16396.1582 18127.4805 12745.2354 5163.0981 6487.9790 13694.1514 11765.3496 16978.1055 4368.6860 13717.2412 13473.7217 15787.1084 6207.7593 6997.7666 0.0000 12271.4805 12457.6924 8039.3320 14211.4492 6414.7969 14.6481 2573.4685 5927.4556 11066.4951 9723.4951 3792.3936 4217.2466 3414.6675 10905.6123 273.4587 15569.0381 10060.4824 11167.2227 5163.2710 13208.0918 11354.7627 1926.8280 13644.6807 2076.5369 4152.0581 9299.1895 7531.0015 14916.3613 7711.5684 1760.5660 6959.2134 13617.9326 5515.2319 14518.2949
16287.3857 17993.9844 12749.5654 5055.6572 6571.1865 13702.8818 11660.0908 16916.5352 4342.1890 13776.0830 13563.3789 15561.6152 6166.7739 6854.9380 0.0000 12172.7568 12250.8174 8082.0986 14183.8760 6436.5044 16.7098 2564.2952 6005.2075 10838.4727 9600.5645 3853.9946 4183.1582 3379.9429 10947.5225 266.0735 15569.4121 10058.8555 11150.4395 5177.1587 13208.5547 11381.7246 1949.0781 13587.5088 2039.1244 4150.4927 9453.6064 7467.8965 14995.8232 7737.4277 1768.5134 6693.2578 13634.4746 5556.3408 14499.2803
16308.2031 17910.5059 12629.4121 5094.9712 6867.0806 13793.2754 11632.5771 16848.9375 4416.5601 13737.0381 13523.9443 15611.2012 6058.6050 6803.5439 0.0000 12147.6084 12280.6846 8019.5615 14093.2637 6412.2720 22.2641 2563.0178 5993.8682 11084.7275 9667.4756 3830.1062 4178.2451 3437.2871 10946.5615 274.3991 15502.1797 10117.7451 11156.5078 5180.4077 13180.6357 11307.9961 1926.9811 13559.6934 2104.6638 4112.2803 9314.2266 7442.9297 14957.1924 7736.1323 1839.4027 6617.6646 13589.2373 5508.3799 14391.0273
16265.9219 17935.7988 12555.1289 5120.8438 6800.0654 13875.9404 11663.4922 16920.8926 4348.1831 13734.7139 13593.8203 15652.7510 6151.2124 6859.9297 0.0000 12178.3457 12279.0322 8057.2275 14070.1240 6446.9878 21.5606 2575.5032 5956.7544 10835.5078 9590.1221 3846.3782 4173.1597 3433.8147 10946.6787 278.0892 15496.7080 9982.9463 11019.9619 5143.8823 13169.3613 11344.3887 1930.7926 13639.4336 2169.8943 4130.5747 9331.1279 7449.6001 14901.4600 7809.8003 1759.1581 6661.4712 13655.3926 5442.5195 14354.1299
16293.8340 17950.7461 12633.1533 5053.2510 6666.2031 13692.1641 11619.6211 16981.3223 4226.3325 13729.8330 13482.7129 15698.0088 6159.2563 6869.3257 0.0000 12078.8379 12348.1084 8014.8784 14109.2988 6456.8159 21.5633 2602.1794 6005.1802 10593.2910 9555.2129 3871.6489 4174.0830 3379.8682 10987.1172 288.3798 15475.7285 10093.1055 11090.4619 5179.6719 13237.3213 11407.1963 1954.8438 13806.1064 2078.4741 4095.0720 9321.0830 7502.0620 14937.5146 7745.3921 1798.2228 6581.5571 13613.2109 5462.8140 14480.8057
16331.6338 17935.8398 12667.5664 5097.5034 6578.3750 13709.1631 11567.7627 16939.6504 4217.8857 13726.5977 13444.1465 15597.6973 6082.4414 6855.3691 0.0000 12151.7432 12294.3027 8040.6714 14074.1953 6441.4263 23.4264 2567.0269 5995.8643 10808.2178 9578.4756 3904.2090 4201.3979 3351.9785 10969.3047 282.2314 15438.8770 10065.4580 11140.8076 5204.4424 13182.7539 11327.9883 1872.3450 13505.3252 2122.6897 4140.6211 9282.8525 7402.7197 14921.9043 7715.7085 1817.4758 6678.5229 13632.4092 5474.4692 14408.1133
16443.2695 18022.1738 12764.3311 5103.9541 6668.3960 13671.8506 11800.8047 17012.0293 4319.7969 13774.3799 13465.5996 15799.7295 6117.6353 6882.5649 0.0000 12164.7529 12357.9111 8077.0786 14143.2119 6467.8345 24.4792 2572.9197 5937.0684 10754.1406 9693.1865 3877.7871 4191.8262 3424.4268 11107.2607 280.5451 15600.0732 10075.1924 11077.4434 5198.0640 13216.6387 11305.7305 1961.4196 13689.5957 2174.6880 4136.1094 9441.9365 7434.0024 14960.0566 7786.1455 1775.4886 6705.1572 13608.9717 5452.9644 14557.0420
16380.2979 18024.8828 12740.7266 5055.6348 6674.7476 13672.8203 11600.6426 16968.8594 4301.5938 13811.7939 13542.4629 15690.8027 6157.3086 6854.2544 0.0000 12254.5859 12360.7168 8057.2217 14102.6328 6477.8506 23.4110 2598.8083 6052.4014 10797.1738 9661.7754 3755.7021 4161.9468 3377.5596 11064.5576 293.4102 15543.2197 10044.7607 11088.4775 5199.0303 13197.0322 11260.8232 1921.8125 13653.0215 2052.1018 4119.4648 9395.5352 7509.0361 14899.9678 7741.0928 1763.2302 6616.6738 13642.6982 5520.6973 14420.8477
