17754.7793 19623.6016 13361.8867 4733.3022 2358.9270 5826.0405 21183.5723 18757.6680 3100.8657 9191.4912 7875.4849 11017.0967 6448.1709 6268.9243 297.9226 20051.3984 14092.2900 7920.3896 11247.7744 7078.7993 696.6985 3533.5522 4900.6768 8721.2236 7213.4141 8741.4395 3353.3162 2424.3210 8195.9199 185.9938 15285.7178 7898.4038 9915.9561 3523.0056 14216.8926 11901.2969 4100.1338 13144.8037 3223.4839 3283.5012 11517.5273 8629.5693 14893.6006 9108.5596 518.6382 5872.2886 10861.2744 6917.8569 11276.7842
17827.3164 19871.0449 13488.1787 4681.0059 1403.7445 5857.9321 21403.6504 18676.1777 3220.7385 9466.7949 7820.4775 11092.3604 6476.3647 6259.1523 304.9002 20173.8926 14063.4727 7978.2339 11211.3643 7023.7871 576.2774 3558.8074 4889.7188 8604.4365 7376.4414 8677.6611 3184.8704 2473.6194 8103.0752 188.1253 15308.5410 7775.9375 9872.5332 3583.4141 14108.7920 11919.5391 4068.0571 12965.4600 3160.2122 3149.1545 11671.0137 8607.6279 14841.6934 8975.2549 587.3204 5987.4146 10867.6699 6895.8740 11501.5195
17798.3770 19903.2168 13120.3115 4738.5303 371.6213 5877.8804 21224.6113 18707.4062 3210.4363 9280.3818 7827.0317 11203.6387 6609.4282 6284.3486 420.1385 20480.2910 13973.6523 8004.8267 11215.8008 6989.8208 547.1208 3574.8174 4921.0713 8745.6133 7004.2046 8747.2637 3013.4500 2422.0012 8163.1689 197.2647 15312.7529 7926.6118 9964.1533 3483.5642 14177.4199 11916.6436 4088.7983 13162.9932 3070.1609 3097.8660 11735.6475 8638.1201 14823.1758 8945.7305 545.4000 5905.0571 10855.9385 6906.5249 11587.9541
17855.4727 19816.1152 13269.4150 4697.3257 2432.4546 5796.9375 21317.0117 18679.4414 3138.0706 9992.2139 7898.8135 11175.2656 6545.4844 6298.0151 371.7614 20419.3652 14208.9668 7895.4751 11223.7031 7028.6489 729.2957 3565.0750 4913.9438 8768.8369 7196.2349 8762.5684 3224.2207 2416.3103 8097.2461 193.2787 15302.9541 7778.6016 9874.2490 3922.4883 14174.7334 11862.1709 4127.9487 13013.4189 3199.9397 3430.3281 11666.5029 8650.0527 14830.0186 9079.5586 531.1160 5875.5957 10829.0244 6925.6025 11586.0762
17906.1328 19720.8320 13313.8223 4688.5669 1405.8407 5918.1479 21444.9980 18610.2891 3153.5828 9550.0869 7889.2563 10984.1367 6556.5898 6328.7598 328.7570 20172.6953 14011.5732 7951.5981 11201.1123 7038.1533 685.6406 3602.7837 4879.6655 8684.2266 7369.8320 8571.8066 3200.6619 2407.7407 8099.3213 201.0483 15314.4639 7905.6172 9893.1035 4093.0422 14117.3838 11793.9180 4214.7754 13175.5098 3142.6655 3211.1038 11570.0830 8690.2227 14848.8828 9023.5244 534.2433 5821.7065 10805.7246 6871.2896 11714.2412
17716.7207 19708.2637 13260.1045 4739.1753 563.4865 5856.4531 21272.4727 18829.9375 3117.2183 9525.1328 7898.3438 10994.1338 6552.0244 6163.1602 399.2993 20082.0293 14083.7949 7990.4648 11207.4873 7076.5703 335.5648 3706.1570 4872.7432 8626.9814 7121.0962 8805.2363 3079.3591 2432.5972 8129.4409 201.0099 15164.0342 7857.3652 9921.7725 3485.6653 14159.6504 11849.2275 4080.2651 13019.7461 3075.8218 3250.0366 11594.5137 8633.5801 14819.4629 9060.9404 595.4681 5847.4365 10833.4385 6902.3013 11610.6777
17793.4375 19668.8828 13320.7100 4744.2539 843.2602 5886.9639 21106.9902 18664.0156 3223.5898 9956.4424 7882.1499 11081.1621 6576.8467 6298.7949 315.2762 20256.6719 14103.9053 8010.3682 11227.0195 7011.4971 393.3416 3670.9778 4869.1812 8859.3770 6678.0972 8748.0703 3073.1907 2451.2578 8234.4043 184.5274 15214.6484 7842.1099 9969.2305 3640.2209 14134.0479 11900.6299 4116.7256 13071.8369 3162.9888 3312.5303 11600.6895 8625.8057 14873.3545 9022.6035 582.9908 5919.5205 10856.3203 6921.8208 11830.7471
17846.0312 19708.7656 13320.5723 4727.0928 932.4543 5951.9790 21293.9746 18714.0176 3180.9468 9287.2061 7979.9575 10985.1035 6604.9722 6214.9097 264.8880 20496.8340 13933.8018 7983.1992 11220.8965 7074.7700 628.8860 3637.5410 4933.8540 8730.4277 7157.0845 8833.1025 3089.8201 2441.8684 8217.9434 185.4448 15285.9521 7841.7427 9928.1553 3486.1045 14108.0801 11785.6514 4036.6785 13083.3896 3147.9258 3071.0044 11559.3115 8649.3594 14850.7598 8918.0498 593.9529 5886.8848 10867.6279 6907.3003 11610.4990
17755.6113 19852.1504 13417.1104 4772.0010 545.6870 5877.2729 21286.2480 18711.2871 3103.5232 10090.4229 7914.0693 11097.7656 6633.9243 6213.3330 270.7943 20286.1758 14120.1367 7810.8877 11199.4258 7046.1411 546.2752 3650.2234 4933.2676 8731.2461 7441.6899 8695.6777 3133.6218 2392.5891 8180.0195 187.5348 15311.9033 7805.9639 9903.4180 3751.8457 14132.2021 11907.1064 4203.8462 12936.2725 3154.9099 3281.1035 11743.4795 8655.5107 14853.5488 9027.7373 624.5090 5810.3237 10841.5449 6868.5703 11488.6650
17890.6895 19773.5703 13381.5420 4683.9443 765.5120 5918.9126 21390.7539 18565.9746 3107.6570 10519.5137 7967.5757 11174.0557 6548.6167 6228.0732 290.2750 20270.1621 14126.2354 7991.7061 11209.7969 7040.3101 476.5898 3605.9978 4927.3672 8727.0859 7280.8506 8724.3291 3144.2495 2425.0176 8194.2549 193.0746 15339.3105 7908.1382 9892.0635 3852.1631 14172.5576 11819.4688 4085.7153 13119.7412 3161.7014 3302.2695 11705.4453 8670.9404 14837.0361 9087.2988 568.8434 5770.4805 10876.9268 6887.7715 11767.6846
17778.8730 19829.4453 13339.5273 4733.7603 808.5543 5839.1367 21562.4355 18758.2461 3087.1343 9798.8408 7873.3965 11133.4424 6574.7769 6250.3599 289.1686 20305.5098 14168.9844 7896.5010 11228.8633 7060.2476 480.7509 3631.3267 4876.0708 8775.6465 7398.5000 8685.0439 3075.8086 2423.0198 8192.6611 192.3856 15339.0752 7818.2588 9864.6260 3986.0544 14154.1104 11883.0811 4204.4067 12963.6729 3129.8154 3233.0178 11588.3857 8671.5430 14850.0234 9065.9170 570.1756 5998.2417 10766.4941 6932.7271 11610.1582
17694.2148 19747.8242 13347.8994 4779.1050 3409.2629 5928.7637 21405.3945 18641.4395 3152.0754 10603.9834 7854.7012 11053.1123 6580.4609 6315.5713 288.3258 20328.0430 14067.9434 8011.8330 11210.3604 7052.0356 567.9301 3624.7358 4891.4019 8907.0615 7474.4004 8828.7725 3206.0835 2402.6353 8173.1138 181.7554 15359.9375 7848.3096 9783.3145 4469.4326 14085.3740 11895.0723 4128.9214 13315.8115 3094.4255 3408.7759 11751.9697 8638.4141 14930.1240 9136.5977 577.7693 5906.3892 10842.6299 6834.1011 11462.5703
17621.9590 19747.1719 13265.7666 4674.7012 2674.5615 5811.7388 21380.4746 18764.6035 3266.3057 9036.5605 7939.4619 10916.7305 6578.7861 6181.2168 362.6556 20273.6738 14138.2744 7913.2280 11215.6768 7047.6045 623.4091 3592.9856 4937.9346 8613.9277 7264.9658 8847.9131 3157.4241 2434.2141 8150.7759 188.0518 15305.7666 7845.0723 9903.2393 3387.8806 14105.1387 11785.4990 4129.1846 13156.4785 3220.9238 3098.6140 11718.8408 8693.8506 14886.6074 9126.4355 525.0016 5873.1040 10834.9619 6852.8716 11396.2998
18039.7793 19625.6621 13434.0420 4684.2144 203.3078 5880.4253 21515.7383 18609.4492 3258.6836 10267.0156 7986.0762 11185.5371 6584.3306 6290.8398 359.0615 20440.7793 14094.0137 7985.3989 11234.4082 7078.7891 596.0964 3609.8486 4852.0254 8612.3682 7335.7656 8742.2744 3079.2483 2422.8743 8147.8237 197.2575 15285.8086 7883.6226 9990.4502 3846.4297 14110.2520 11892.1416 4072.7178 13201.2881 3160.3132 3220.3164 11726.1895 8692.4619 14835.6143 9079.9004 449.4998 5926.2100 10826.7168 6901.0391 11572.6680
17607.5898 19705.9766 13399.3896 4765.4541 1004.2177 5907.9150 21291.9434 18637.6738 3171.8171 11092.9961 7814.6484 10930.8916 6468.0435 6211.6680 317.2613 20087.6719 14130.0654 7875.2310 11224.2861 7083.5449 537.7380 3605.9827 4956.0879 8771.6338 7300.5425 8763.2139 3100.5676 2447.3403 8204.6660 197.1518 15337.5850 7793.1748 9922.5713 4149.0913 14108.5557 11761.6309 4114.8882 12857.2910 3140.6973 3373.9607 11609.8848 8596.9219 14888.4619 8988.4746 463.1126 5909.4160 10808.4072 6916.2197 11568.8066
17825.2500 19698.0078 13476.1582 4680.2236 974.5962 5906.9287 21272.5684 18812.2070 3167.8489 9380.2744 7960.7598 11218.8594 6525.1045 6237.4224 290.7255 20371.3320 14093.7295 8071.6465 11184.7285 7140.9287 548.9141 3567.7847 4883.8174 8706.4941 7457.8218 8850.9473 3142.1985 2459.8533 8272.3623 194.9767 15337.5527 7880.5454 9924.3125 3537.5481 14174.1436 11885.9561 4112.1099 12967.9814 3203.8503 3204.9614 11546.0361 8622.6133 14764.0430 8959.3252 531.7074 5987.4443 10833.0498 6858.7056 11663.2852
17755.3555 19779.4023 13243.6943 4681.1265 525.1480 5907.1997 21373.1777 18772.7734 3169.7988 9385.0068 7855.6211 11166.8428 6593.7871 6326.7744 278.0574 20269.7676 14154.7539 8048.7300 11224.0889 7067.4165 727.9344 3579.5386 4863.2998 8566.6074 7284.2358 8828.1260 3109.5928 2438.3850 8130.7725 192.6541 15336.1318 7907.2466 9923.2168 3615.2585 14175.9170 11884.4824 4160.4941 13055.2402 3200.0198 3162.7410 11606.4033 8642.8164 14947.9141 8979.8701 604.6297 5912.5835 10826.5635 6945.0547 11696.1387
17839.0449 19693.9102 13418.7559 4745.4590 1928.2445 5874.5254 21268.8711 18770.4746 3076.3977 9412.7520 7909.0293 11116.0801 6499.9355 6179.9258 311.1444 20457.3223 14057.3750 8015.6958 11207.9844 7045.9482 697.0638 3609.2712 4862.9668 8795.2578 7354.1377 8600.7305 3168.0984 2387.8928 8182.8037 183.8088 15296.2676 7824.8882 9895.3516 3643.9180 14156.0176 11914.4941 4091.8735 12878.6523 3066.2058 3236.0676 11655.8662 8669.3760 14872.9053 9126.2109 533.5805 5910.7090 10849.8906 6928.1094 11559.3984
17795.5703 19764.9277 13475.3359 4712.4927 1478.1151 5886.1167 21469.3770 18741.8594 3190.1260 9558.3379 7970.7148 11049.8799 6562.0908 6243.6108 300.3043 20387.3770 14118.9336 7905.6421 11246.0371 7029.7324 599.0046 3546.0952 4810.1709 8772.5928 7257.1631 8644.1025 3166.7837 2464.1121 8156.2666 199.1728 15373.4111 7879.1748 9972.0020 3571.4893 14189.1035 11865.0791 4091.9949 13368.8154 3218.3730 3205.0100 11652.2559 8656.8652 14860.2773 9066.6973 586.9980 5878.8818 10830.7832 6946.0874 11683.5430
17876.3398 19753.7051 13402.3750 4665.5796 525.3758 5873.5435 21523.5156 18752.6680 3117.1008 9514.2461 7917.9351 11037.8965 6520.4194 6299.6631 316.5368 20320.9766 14163.0830 7968.5298 11230.1514 7094.8667 649.0180 3589.4595 4916.6885 8867.7031 7281.1133 8863.5283 3093.2551 2393.4783 8235.0166 201.8469 15324.6797 7901.7134 9922.3965 3686.0229 14114.0508 11957.9043 4145.0459 12948.7842 3036.6797 3169.3789 11691.4795 8670.3193 14810.5713 8970.2510 540.5056 5822.6289 10857.8262 6877.5532 11527.4443
17795.5508 19786.1738 13368.8457 4669.2437 923.6730 5862.8262 21493.6445 18722.6445 3169.6616 9366.5020 8050.5562 11243.9844 6581.8809 6281.3096 349.7078 20197.6777 14020.0459 7844.1514 11228.8369 7076.5557 635.3639 3569.1179 4927.0176 8887.5049 7341.8271 8815.3779 3113.8003 2407.5696 8184.9155 188.5174 15366.9473 7856.2959 9976.0732 3545.7812 14171.3877 11922.1104 4010.5364 12978.1650 3136.2939 3166.3445 11598.9014 8682.0557 14876.5088 9041.1924 478.8521 5886.1108 10842.7227 6902.3662 11682.0879
17878.0977 19793.1934 13500.3936 4658.9800 3104.8674 5902.0791 21371.3809 18695.8359 3115.8630 9465.7861 7969.2744 10857.2041 6545.8721 6181.0703 340.1164 20345.8047 14054.8779 7900.1362 11193.5781 7034.6538 530.4741 3588.2356 4922.1797 8648.0449 7273.9473 8868.6865 3196.1042 2424.8118 8201.8096 188.4416 15301.3623 7723.9175 9871.0801 3563.6692 14127.8408 11918.3828 4087.8723 12844.0977 3202.8997 3220.7317 11575.2764 8637.9814 14734.8906 9037.3965 524.3370 5900.5601 10877.9307 6914.6074 11661.8506
17898.0254 19673.8594 13357.5029 4711.3271 2460.2078 5910.0151 21251.5117 18751.2578 3178.5139 9380.1240 7963.2461 10976.5225 6534.8350 6191.8091 365.4264 20314.8223 14054.1768 7929.1289 11222.3965 6985.0923 584.2517 3524.5193 4857.3096 8763.8076 7222.9468 8596.5811 3142.0095 2426.9983 8141.3569 190.7662 15321.0967 7847.7344 9805.3926 3593.0469 14159.8945 11733.4854 4085.7578 12849.0625 3138.4749 3165.7166 11673.7764 8654.5117 14904.4785 9079.7188 555.3511 5878.7041 10838.4082 6929.0845 11674.6543
17899.4355 19808.0938 13383.1484 4720.1885 892.2262 5862.0698 21366.8535 18664.8555 3140.3491 9579.7979 7907.7642 11116.6777 6508.0615 6228.8657 404.1906 20348.0488 14065.4775 7918.1514 11180.0771 6966.4971 592.4960 3530.6118 4876.2285 8884.2617 7271.7974 8770.0469 3156.2346 2459.2566 8169.0552 197.8384 15291.2861 7837.8047 9934.2217 3642.2615 14165.7754 11942.1406 4150.3652 13021.5781 3225.1487 3218.5127 11622.4307 8608.5479 14828.6709 9005.1377 520.9444 5858.7842 10872.4912 6890.1064 11544.8662
18078.3535 19910.8281 13362.6455 4704.2480 1407.6400 5874.0039 21239.1152 18654.1758 3165.5244 9129.8936 7844.5620 11063.4443 6608.0850 6275.8394 444.7142 20328.1289 14144.7646 7963.6670 11252.0078 7029.9502 648.9778 3522.3542 4916.1777 8867.5557 7073.9287 8705.2510 3153.9961 2439.9084 8206.9131 196.4180 15261.5332 7832.8071 9907.0342 3572.4329 14175.1641 11954.2812 4135.8433 12972.2939 3165.3857 3101.8608 11591.7949 8645.1543 14864.5654 9088.6709 581.6524 5861.5293 10823.4678 6871.1807 11680.9443
17571.5977 19864.8379 13187.6924 4755.5571 1506.3766 5881.7856 21227.0801 18691.1621 3155.5635 9395.8857 7906.9600 11041.5488 6531.2974 6221.1323 421.2998 20181.9941 14074.8203 7946.9980 11208.3291 7041.4995 637.0755 3564.4919 4943.9912 8776.0391 7180.9053 8778.4990 3092.1562 2403.7034 8192.5215 202.3644 15299.5117 7875.5225 9954.0244 3642.8633 14166.8477 11939.4971 4133.5850 13290.8604 3231.4844 3142.1257 11710.5273 8623.6396 14877.1084 9039.9004 580.7332 5828.6460 10883.5791 6920.1484 11546.3418
17775.7188 19945.2949 13239.6367 4724.0142 796.6083 5828.8608 21329.2891 18620.7246 3240.8604 9307.2686 7831.6475 11011.9043 6571.8037 6178.8032 365.5741 20352.8574 14185.1787 7919.4785 11233.6865 7050.9858 619.0910 3564.3696 4903.6021 8844.5078 7243.7002 8745.0244 3119.7791 2422.2441 8167.5698 196.8919 15300.2520 7818.0083 9845.1279 3553.7654 14100.0156 11891.3037 4054.6311 13167.2334 3204.7019 3154.4543 11859.2314 8630.2227 14860.1357 9016.8965 554.5312 5899.8311 10835.8604 6869.2856 11589.2832
17746.5098 19565.8301 13224.6621 4740.9453 1156.0774 5875.6899 21334.8477 18806.8965 3107.3955 9498.4434 7855.6929 10979.9844 6627.1255 6295.4541 435.6203 20268.6660 13897.1572 7944.3916 11187.0371 7119.9980 710.0221 3523.8010 4877.7246 8723.2422 7193.5815 8710.4775 3127.1140 2399.6396 8137.9575 188.4357 15232.9795 7805.8843 9865.6953 3508.3040 14091.2607 11793.8359 4118.7344 13217.0820 3146.5369 3212.3000 11624.8145 8638.8506 14790.1504 9040.1396 513.2886 5876.9785 10819.5449 6929.2456 11629.6758
17582.4043 19737.5645 13284.0127 4703.0571 995.5505 5855.1392 21499.1973 18597.8828 3212.3162 9712.9658 7815.6533 11120.2617 6543.8906 6261.2495 373.3210 20430.6719 13981.3555 7949.0815 11222.6475 7095.5156 685.9494 3586.3000 4837.3350 8701.7959 7441.5513 8760.8477 3160.2620 2432.7927 8185.7563 192.4194 15313.1328 7822.2793 9949.9346 3931.8352 14192.5322 11841.7275 4187.1226 13049.2900 3059.3596 3238.4500 11476.7344 8644.9932 14910.1797 9118.9678 601.7042 5863.6860 10890.1123 6932.7002 11577.5156
17719.8730 19796.5547 13262.5010 4741.7227 1006.7046 5926.6245 21400.8789 18630.8906 3107.9358 10512.2129 7855.2651 11147.2627 6520.2124 6309.9150 293.3255 20114.5977 14088.7061 8017.4238 11223.2441 7093.7129 616.4036 3564.2974 4859.5947 8692.5166 7755.1455 8875.3896 3194.7898 2394.4646 8195.0645 195.2342 15380.1699 7868.1836 9962.8330 4501.9790 14104.4531 11843.6162 4355.3457 13005.2314 3242.6350 3454.3145 11533.6631 8648.6455 14885.2207 8995.3154 556.1835 5876.0093 10832.6104 6955.0586 11534.9209
17953.2383 19656.8438 13370.2412 4725.0381 2223.7849 5835.3467 21163.7266 18622.3477 3173.9250 9392.8701 7930.9199 11263.5215 6486.2344 6293.6489 305.3780 20034.0195 14113.1035 7942.0322 11197.3506 7059.0435 583.4153 3559.3972 4838.7227 8810.8330 7040.2627 8692.9053 3159.2993 2445.7556 8170.5342 187.6438 15248.7314 7927.5371 9845.8057 3436.0129 14135.4092 11761.8135 4066.6770 13155.2441 3162.0828 3183.9626 11491.8467 8613.9355 14863.9688 9115.7500 576.9612 5808.9048 10797.8369 6880.5171 11518.9160
17759.9258 19765.4473 13289.2549 4753.4365 2049.0549 5789.0693 21473.6660 18738.6445 3191.6794 9588.7510 7793.1787 11089.2607 6575.6235 6213.5186 331.6835 20228.2383 14022.7314 7981.6938 11228.6064 7061.6157 474.0164 3602.5068 4860.5508 8715.0371 7383.4014 8739.7852 3114.6816 2449.1941 8183.1333 191.4357 15300.6904 7816.8462 9920.4805 3614.4961 14099.2871 11853.1191 4121.7676 13109.1992 3137.5481 3244.1606 11665.9033 8610.6152 14830.0293 9171.7852 625.5853 5918.2227 10831.8418 6920.6753 11441.3633
17785.6875 19741.6992 13461.7295 4710.6309 673.6882 5875.4395 21422.0508 18841.8477 3215.7378 9793.9111 7923.0674 11098.8633 6537.7671 6318.7285 294.1827 20359.3438 14019.9326 7901.0659 11237.6084 7081.9619 600.3223 3590.9819 4906.2500 8765.9824 7047.6606 8686.2441 3161.1492 2440.2402 8181.2734 194.6549 15348.2812 7934.6470 9918.5156 3688.4927 14219.9014 11887.3066 4087.6006 12938.1035 3131.0850 3266.6665 11641.4219 8676.2373 14892.8359 9027.3311 649.8910 5926.6401 10862.9346 6903.1406 11556.2715
17698.9941 19676.5449 13313.3438 4737.1152 1224.3062 5874.3589 21317.4980 18839.5703 3148.2656 9334.1143 7906.3076 11158.7432 6566.1387 6352.3462 374.1043 20335.5469 14224.3271 8011.1245 11211.3477 7064.6680 537.5226 3607.8713 4842.7788 8465.4854 7199.1001 8819.4170 3156.2830 2454.0884 8130.1987 192.8186 15224.0781 7883.1729 9943.1045 3620.0447 14094.4951 11851.4688 4044.2307 13043.5029 3096.2332 3154.7290 11639.7959 8695.0674 14740.3135 9044.4814 510.7180 5854.4854 10832.9248 6835.1509 11497.8008
17967.4473 19745.9512 13376.0000 4713.8560 1342.6750 5832.4429 21389.9844 18644.9062 3169.8767 9716.6396 7983.1406 11121.2822 6565.1099 6263.0630 368.9237 20176.5527 14205.3906 7933.1680 11185.6055 7008.1797 443.6557 3626.0488 4808.8354 8656.2969 7020.7183 8769.4150 3180.2717 2434.3206 8108.6001 194.5836 15270.8564 7841.9463 9906.4248 3656.2930 14151.8135 11798.8418 4044.9336 13011.1914 3151.8545 3245.6599 11869.4990 8642.3311 14801.0273 9012.0693 501.0630 5830.7686 10754.2598 6871.4507 11694.8672
17959.6074 19675.6270 13435.3555 4665.2524 2142.7808 5891.3149 21323.6562 18669.6895 3123.4392 9518.1318 7961.3491 11140.2676 6623.1846 6209.5859 315.9214 20296.1445 14120.1719 7917.1826 11224.4658 6986.3979 620.9530 3581.1421 4902.5171 8875.9521 7253.5562 8701.4668 3163.9758 2435.3848 8193.9287 190.5482 15270.9258 7847.9512 9893.7822 3550.1064 14162.7529 11767.3350 4103.5112 13226.8936 3168.2251 3198.5835 11729.0938 8629.0049 14934.4736 9065.5781 535.3052 5969.2798 10827.2852 6893.4858 11570.7559
17842.0801 19823.1172 13456.0195 4782.8149 1627.4901 5873.6260 21188.0488 18712.8867 3154.4973 9537.1348 7940.5332 11168.2549 6576.0454 6236.3174 296.9325 20222.0742 13926.0645 7962.6436 11238.0645 7017.7119 512.0224 3593.0764 4894.8916 8925.5068 6995.1772 8662.9727 3223.4365 2399.0791 8180.2471 187.8988 15301.0117 7825.3862 9928.2891 3895.4883 14121.0459 11852.7168 4181.4438 12977.7461 3233.4673 3318.2424 11792.8037 8655.3564 14841.0742 9054.3271 524.2057 5960.5698 10858.9277 6908.9741 11623.3652
17677.0586 19716.4277 13378.8662 4761.6533 1401.4880 5837.5723 21111.0488 18701.9785 3190.2126 9662.7666 7874.2988 10938.0518 6534.7168 6253.6626 352.9900 20234.0332 14071.7422 7906.2812 11258.7246 7016.0288 713.3559 3507.1182 4835.6313 8855.3965 7098.0396 8720.6719 3130.7197 2426.8792 8188.1807 195.9198 15248.2266 7867.1807 9929.4990 4146.7363 14121.9121 11878.7617 4048.4397 13016.7188 3142.7878 3419.6577 11682.4102 8629.7314 14848.7510 9045.9678 526.7083 5800.3086 10874.2705 6921.3506 11551.2275
17887.5293 19716.5527 13318.8711 4717.5044 1261.5674 5918.9033 21441.0449 18809.3828 3153.9290 9614.7500 7936.2183 11106.9160 6572.7715 6372.2339 327.8979 20450.8418 14180.5068 8028.7671 11216.9229 7070.7271 709.7242 3568.9011 4878.2246 8717.1943 7140.6836 8760.1836 3180.6797 2437.0364 8194.2900 189.6725 15330.5947 7937.0835 9887.6523 3561.6638 14151.7539 11941.7793 4170.5874 13103.5166 3109.2322 3229.1125 11369.5557 8671.6025 14805.1445 9045.2412 507.8911 5870.7266 10851.7959 6837.0547 11676.7500
17830.0508 19705.7773 13335.1787 4621.9541 1728.5560 5937.7925 21234.7227 18766.8418 3196.2866 9390.8311 7934.1030 11040.1670 6571.8960 6307.7773 333.0620 20320.4570 14046.2754 7929.3950 11247.2715 7064.0820 556.2256 3522.9924 4848.5244 8545.8291 7019.9609 8594.8350 3179.3633 2389.4668 8181.2041 179.5498 15293.1357 7898.0420 9960.4863 3569.7998 14225.9297 11954.1982 4108.9077 13188.7852 3204.9656 3234.9160 11639.7910 8671.7451 14875.1543 9063.9590 534.8576 5879.0815 10868.7549 6944.9351 11496.5947
17589.3125 19633.3887 13241.5342 4724.7793 636.3648 5860.5005 21200.9883 18590.4707 3228.9209 9538.2979 7848.7686 10994.0000 6586.6333 6188.0771 309.9190 20302.5645 14074.3564 7924.5205 11260.2441 7103.8423 506.1683 3546.7222 4880.9844 8893.1836 7216.2085 8635.8955 3179.7979 2444.4299 8118.7656 187.2811 15296.3926 7875.2539 9850.9053 3621.8425 14228.3945 11935.8457 4136.1279 13402.2383 3130.1475 3193.8164 11658.7588 8629.4854 14884.1172 8925.6963 567.5438 5853.9424 10871.6592 6894.9468 11456.9160
17702.3555 19838.2129 13333.1084 4717.4385 3511.5686 5848.9814 21389.0488 18739.6484 3160.8628 9463.9287 7798.9751 11078.9141 6539.0938 6145.2656 335.6828 20147.9141 13987.0078 8057.1514 11213.5156 7033.9360 677.7812 3550.8730 4899.1963 8549.9961 7106.3022 8722.9189 3196.0801 2420.9768 8144.6323 204.6738 15277.5693 7720.5752 9931.4199 3503.7449 14131.8340 11842.3564 4009.4460 12998.0752 3149.3740 3206.0381 11652.1533 8641.2441 14826.1270 9116.8604 580.3185 5875.6436 10845.8701 6921.5469 11835.1025
17665.7305 19840.6973 13283.4756 4680.8286 2635.8491 5887.6670 21221.3535 18704.2148 3146.1340 9599.1855 7925.4863 10900.4023 6542.1387 6190.0400 317.9505 20344.3965 14040.6953 7902.6597 11182.0586 6984.3940 565.8743 3630.8884 4914.3228 8583.9922 7236.4634 8747.7686 3148.2820 2453.3584 8218.9873 203.2664 15261.8154 7848.5293 9878.7178 3541.0015 14103.8086 11839.3262 4036.8735 13110.9814 3212.8411 3164.5188 11728.6064 8665.0342 14863.9131 9169.7764 575.0406 5902.9482 10849.6680 6896.9180 11538.0205
17742.7812 19653.2715 13256.9902 4640.8501 1736.3619 5896.8032 21195.1875 18686.4512 3149.9946 9488.6689 7899.5977 11046.2021 6547.6982 6348.1064 303.5801 20193.2070 14226.6016 7987.8970 11179.5732 6992.9238 641.7374 3583.4426 4919.4810 8589.7285 6990.6426 8673.4014 3141.6843 2437.5718 8191.4585 193.8054 15308.1719 7745.5352 9930.5713 3540.5542 14000.4375 11799.8350 4073.1858 13091.3496 3051.5867 3151.5625 11658.2207 8621.1621 14895.4941 9088.3066 587.3195 5837.3467 10814.1650 6905.4868 11596.7432
17744.7520 19757.6758 13488.5205 4787.5381 1434.3497 5880.2388 21125.9922 18707.0762 3136.9966 9455.6455 7944.4727 11037.2656 6589.8652 6233.5620 340.1767 20258.0645 13962.3398 7947.6104 11200.3789 7034.1729 645.2239 3601.0769 4910.6040 8666.7783 7299.8325 8805.9912 3115.5559 2397.7822 8165.9922 193.5916 15283.2441 7790.2041 9884.5322 3588.0864 14149.7666 11767.4473 4078.6846 12832.8945 3164.9768 3190.7322 11608.4658 8662.7021 14800.3115 9056.2734 550.8752 5876.6689 10821.7168 6864.3857 11523.5605
17665.2754 19759.8672 13217.6807 4777.6724 614.2726 5911.2993 21278.6172 18641.9102 3144.6528 9361.7998 7874.6919 10945.9580 6474.1938 6324.0923 333.0260 20219.4355 14143.0439 7948.9404 11245.9512 6997.4507 639.5134 3593.7788 4975.8145 8715.9502 6959.7148 8843.4160 3089.7375 2404.8950 8161.4326 197.9730 15274.1973 7736.1387 9922.8965 3569.9346 14097.2441 11851.1357 4059.6809 12969.4092 3186.6392 3131.2471 11630.4033 8652.8721 14820.8447 8990.7510 583.2947 5900.3872 10873.8623 6907.2705 11574.3799
17886.3945 19840.8105 13401.5684 4737.4385 1087.7412 5934.4531 21256.6172 18694.6406 3128.2676 9495.6855 7816.1528 11118.3037 6562.8525 6128.1235 302.2942 20337.9141 14000.8242 7937.6885 11222.0225 7042.7041 606.2377 3634.6445 4922.1255 8714.0283 7107.5610 8771.3604 3065.7329 2457.0029 8108.3203 184.0461 15368.1807 7881.6445 9916.7861 3583.0310 14084.9307 11868.7480 4025.8838 13056.8350 3034.8550 3145.6973 11632.9834 8678.3213 14890.6621 9035.5293 567.3270 5942.1421 10841.3389 6814.6274 11345.4961
17635.9336 19861.4844 13380.3564 4698.4570 867.9097 5891.1890 21509.3477 18669.5430 3140.8518 9289.8555 7970.1421 11088.3672 6639.9756 6238.3813 304.0506 20415.2812 14158.4111 8010.8330 11239.9209 7041.0308 675.8019 3601.3721 4949.0835 8667.8750 7095.9917 8771.4922 3071.8511 2438.2708 8038.0942 186.1470 15341.7188 7890.5996 9913.1533 3462.0481 14184.5615 11833.8682 4088.0784 13124.9775 3079.3894 3079.6787 11640.4844 8623.7080 14848.9346 9065.6768 552.0365 5912.9883 10842.9375 6920.2568 11581.2646
17984.0859 19724.7051 13312.5322 4731.8179 774.9301 5942.5786 21351.4668 18703.8574 3119.9722 10023.4336 7833.8911 11092.7246 6587.2251 6232.7153 323.8015 20240.2305 14107.6465 7902.7949 11181.1084 7033.5688 571.8320 3563.4292 4900.8311 8758.8047 7310.2935 8690.8564 3227.5759 2436.9460 8162.4033 187.2177 15276.2969 7840.2271 9799.2559 3829.7832 14121.9834 11928.5469 4098.2197 13176.9600 3173.2031 3300.3760 11625.3867 8643.6621 14794.3135 9025.1289 516.7683 5919.3486 10808.2881 6864.5835 11634.9561
18070.0547 19740.8691 13243.9199 4656.1787 829.3011 5871.6201 21583.8730 18753.2402 3191.3669 11781.2529 7913.4233 11032.6338 6537.8262 6238.0259 317.3457 20227.2461 14011.6045 7906.7607 11226.7080 7100.7856 637.2065 3566.9016 4925.6763 8748.2773 7312.0117 8789.9814 3161.3479 2380.1355 8145.5088 202.0753 15254.1357 7869.2480 9904.5879 4654.6909 14166.5479 11871.1504 4119.9526 12962.1562 3256.3477 3532.1667 11555.9521 8666.3740 14952.1709 8935.3809 598.5273 5855.7905 10846.2275 6925.4634 11618.2051
17707.3105 19765.5078 13354.4961 4711.5850 382.8363 5791.6821 21408.6309 18745.6582 3098.6841 11233.1377 7907.3569 11056.6055 6528.4961 6269.2637 315.1114 20255.0547 14094.4902 7982.0835 11201.2949 7126.8970 566.0801 3610.4761 4872.4878 8596.5195 7182.4453 8752.3633 3011.3284 2382.5244 8154.0962 190.6490 15298.8086 7795.1709 9918.3271 4039.1948 14133.7568 11841.9746 4125.0127 13183.3164 3179.9146 3343.2405 11668.2998 8653.2822 14819.9043 8976.4619 603.2784 5873.6250 10819.3135 6844.3613 11573.8887
17818.2266 19711.8555 13226.3867 4667.4868 1498.1637 5864.2695 21201.6660 18567.6113 3167.0469 9630.6650 7821.0312 11051.0830 6518.8667 6269.5840 324.1688 20296.0332 14162.8379 8066.2920 11252.4248 7080.0308 474.5477 3577.2639 4880.8979 8698.1318 6914.7852 8594.3076 3325.1477 2422.6907 8260.6670 185.1268 15230.0889 7914.3257 9975.0498 3463.2161 14207.7158 11924.1104 4121.3960 13006.6816 3127.2959 3434.4973 11637.6064 8645.3896 14878.0137 8919.7705 512.8137 5755.1201 10835.3730 6914.2827 11474.7354
17771.2637 19727.7031 13328.2773 4714.2798 3989.9026 5852.0679 21374.0000 18768.3691 3167.8650 9999.8027 7977.3174 11222.0615 6515.4536 6276.8647 324.5900 20603.5859 14047.5625 7878.0864 11228.3584 7105.1938 494.7656 3642.0713 4964.3862 8818.2178 7047.1343 8769.3008 3492.2463 2451.9500 8148.0854 189.1150 15305.6982 7791.2988 9905.5762 3587.9014 14204.1475 11922.4141 4082.0559 13149.7725 3146.6545 3620.2493 11731.5391 8636.0029 14788.0479 9013.9180 534.8027 5884.3613 10840.9805 6941.9380 11568.8252
17678.0645 19821.6348 13402.3242 4723.9756 2192.6030 5834.7817 21275.8887 18734.9707 3134.4788 10558.0957 8001.9097 11223.6045 6621.2056 6367.3384 297.2328 20105.0898 14153.4551 7972.9590 11216.4814 7028.9595 540.0560 3637.3433 4951.1182 8783.0986 7884.6812 8798.2529 3165.3254 2420.9375 8287.5596 191.4429 15321.8428 7925.7349 9945.2988 3765.1211 14101.6064 11906.5293 4365.8291 13120.1377 3105.7002 3447.4741 11658.8477 8654.5879 14896.6270 9072.1436 507.6927 5985.9219 10867.3291 6911.0093 11591.4844
17780.5566 19875.2246 13394.7617 4779.7788 459.3867 5887.1479 21432.5820 18671.1309 3113.6987 9382.0508 7853.9321 11150.0811 6497.9688 6220.1582 274.0929 20280.4707 14136.3574 7949.0928 11222.7686 7099.0264 612.4240 3674.5659 4948.4258 8838.5859 8858.8896 8771.3223 3077.3926 2458.3577 8207.6787 186.2625 15382.4033 7960.9253 10027.7949 3855.6064 14198.9580 11815.2881 4622.9917 12985.4570 3146.7190 3067.3721 11518.0410 8651.8994 14900.2051 8923.3027 570.3455 5936.7993 10845.7480 6914.6016 11800.4434
17822.9727 19859.2305 13375.8213 4725.3965 473.1242 5909.7515 21428.9707 18732.7422 3267.6052 9354.6309 7915.6509 10960.9404 6580.2686 6372.6157 369.8114 20469.3516 14153.8555 7944.4497 11233.1016 7057.4858 626.0583 3609.3247 4936.6133 8657.5293 6906.7275 8759.8086 3115.1650 2476.4082 8183.9102 192.6568 15352.2197 7869.0327 9954.1631 3391.0955 14174.9248 11873.2646 4002.3215 13135.4219 3210.0132 3119.5588 11608.6309 8626.8438 14958.8135 9041.2734 507.7844 5908.0557 10871.4414 6952.3296 11567.1328
17866.5820 19853.9316 13281.6895 4780.4224 996.9670 5875.3003 21322.3418 18681.5625 3186.7922 9525.0889 7944.8813 11195.7012 6474.6226 6314.4521 406.7132 20395.8047 14105.3193 7966.7021 11221.0781 7059.8438 532.3168 3629.2292 4946.1753 8609.7129 7367.6221 8722.4062 3084.4727 2403.6541 8168.9487 189.7271 15394.8955 7864.2358 9895.0107 4010.4785 14174.3467 11950.2783 4173.9604 12955.5977 3185.5300 3126.1504 11657.8145 8663.7119 14887.7451 8983.8730 561.0137 5866.9712 10870.9043 6873.9341 11584.5674
17801.4570 19708.2402 13421.5410 4699.5645 939.0908 5868.2095 21368.6465 18632.9297 3245.2566 9555.5820 7846.6025 11191.5889 6485.5283 6359.2676 281.2702 20186.7793 14181.4414 8055.9683 11245.9570 7046.1802 494.9918 3638.1997 4937.1074 8833.7920 7361.8730 8824.4531 3072.8386 2436.7727 8054.6494 186.3491 15356.8965 7868.3618 9867.5430 4520.0273 14137.9316 11801.5977 4091.1318 13063.6084 3165.0469 3187.8035 11639.3184 8669.4795 14882.3350 9053.7998 629.4346 5827.4409 10861.8848 6896.5283 11677.9795
17735.7246 19677.6562 13305.2627 4682.6436 486.0080 5846.7207 21090.4102 18622.7461 3138.7205 9330.6611 7890.1465 11086.1924 6432.2197 6201.4912 312.8717 20357.7305 13919.0957 8017.2617 11204.7480 7100.1177 519.1837 3645.8330 4856.5190 8743.1074 7069.2715 8774.2666 3050.1589 2416.0491 8084.2002 194.2194 15269.7373 7884.1660 9967.6729 3359.2405 14160.8623 11764.0029 4028.3855 13144.4941 3078.9751 3095.7083 11601.7500 8678.6621 14840.6211 9128.9150 627.0968 5852.3042 10843.1191 6902.6465 11590.8848
18047.8555 19758.0078 13294.4658 4692.3682 2154.2415 5881.5430 21219.8965 18608.7266 3174.6445 9459.8535 7829.7881 11126.3965 6550.2949 6235.5171 322.8416 20177.5996 14108.2842 7894.2915 11175.3467 6976.4604 607.6829 3603.2451 4913.2798 8779.5137 7290.6938 8744.4424 3144.0674 2424.9363 8213.8184 189.5570 15251.1631 7816.0195 9817.5498 3759.8118 14127.8516 11842.2109 4063.2021 13154.0557 3119.5745 3181.5630 11782.4580 8641.5957 14758.8701 9105.0859 599.1398 5944.2314 10829.7295 6910.5625 11617.8027
17782.4004 19683.0977 13242.3145 4715.0283 1570.4501 5865.9595 21116.3535 18779.0586 3192.0532 9940.7402 7802.9326 11045.6963 6566.0469 6269.2905 287.9801 20219.0332 14109.7852 7924.8013 11193.6211 7046.2852 499.6075 3651.4805 4930.2939 8617.7930 7013.6372 8729.0410 3085.4871 2418.6790 8201.2412 196.2478 15298.9170 7845.5083 9854.8311 4165.8135 14067.5498 11881.7539 4194.8374 13221.9990 3171.1243 3234.5405 11496.7891 8578.2441 14811.6230 9035.7617 558.0566 5894.8696 10859.9922 6944.0884 11634.5928
17754.4512 19640.5215 13287.4492 4656.7500 -348.2456 5884.1211 21285.2246 18661.7598 3170.8264 9155.7520 7929.3545 11030.1240 6490.3130 6255.2549 295.6252 20399.6172 13953.8750 7952.3472 11214.0586 6981.4365 411.0830 3696.4719 4857.8110 8698.3457 7041.0981 8873.2305 3105.6226 2435.3306 8167.0127 198.1723 15215.4082 7875.6870 9836.9121 3395.3801 14127.1309 11968.4082 3981.1277 13387.1914 3133.8777 3085.2346 11641.2900 8625.5869 14832.2705 9003.6748 626.4224 5878.6616 10887.7607 6910.3193 11597.7402
17775.3633 19840.6797 13232.1719 4687.2422 929.0886 5892.9136 21302.1895 18728.7031 3185.1938 9408.2480 7819.6094 11064.7441 6651.2554 6234.4771 282.7769 20266.6133 14075.5547 7952.8091 11256.8633 7053.6953 500.4521 3638.4067 4871.5024 8732.6025 7436.7036 8698.8281 3230.5913 2430.0098 8155.3140 189.6372 15320.4287 7897.0239 9896.3311 3666.5178 14064.4570 11897.8994 4178.5161 13025.4541 3154.0796 3271.0725 11594.7764 8613.1396 14852.4629 9041.2725 475.7786 5930.7090 10860.2861 6876.7012 11607.5908
17801.0586 19687.1465 13315.7686 4715.0615 3685.9939 5908.5239 21542.7344 18698.6602 3153.1995 9368.2852 7944.6001 11168.8799 6454.2720 6179.8125 277.1021 20164.8027 14094.4648 7982.4492 11209.6836 7033.3477 486.3745 3649.8579 4851.6602 8599.8604 7880.6924 8749.0771 3235.7852 2428.1172 8179.9541 197.0836 15401.8994 7843.7695 9912.5576 3707.8059 14183.8652 11820.8379 4323.0288 13249.7354 3193.0437 3198.5601 11534.7393 8685.9893 14878.0986 9135.1924 446.6909 5889.8564 10849.6426 6873.1133 11695.4473
18094.0684 19736.6426 13514.7480 4692.4814 4004.6560 5847.1260 21228.0117 18833.3145 3169.5029 9318.5010 7913.5068 10951.8564 6620.1973 6279.3130 325.6164 20432.7090 14086.8809 7915.4844 11241.2041 6980.9321 388.0267 3653.5647 4880.1040 8854.5449 6879.2783 8730.6689 3471.8401 2429.6824 8260.5811 201.7659 15273.7832 7826.5732 9932.4990 3449.1479 14166.0127 11876.4219 4043.7344 12885.5791 3117.7314 3511.6262 11685.6748 8630.7725 14783.2334 9176.4121 509.3965 5957.0679 10833.4668 6901.0469 11669.5859
17885.1855 19894.4863 13350.9834 4685.7246 1291.7839 5857.0269 21097.8555 18617.3105 3149.3079 9712.7568 7872.6694 11080.9609 6621.0601 6244.5737 334.0188 20273.9805 14209.2832 7984.9043 11215.6865 6991.3765 531.7739 3627.2190 4894.4536 8758.1221 6978.6611 8801.5586 3256.7068 2423.3706 8090.5303 187.7493 15327.0537 7828.2935 9872.3623 3548.0027 14158.8584 11902.1611 4104.0273 12908.2148 3190.9204 3345.9065 11755.3584 8699.3701 14835.1113 9071.2432 585.7794 5917.1519 10821.5234 6940.8599 11559.0850
17715.3613 19674.1719 13419.7285 4718.5923 -167.5969 5861.4985 21248.2676 18680.6445 3170.3538 9441.3301 7787.9849 10904.1875 6575.9897 6272.8442 321.5405 20342.0039 13999.7051 7858.4492 11217.5732 7069.6250 554.3807 3667.0105 4911.8032 8826.0723 7349.2407 8823.6318 3031.0188 2443.6060 8006.5430 189.1766 15300.9053 7909.5312 9929.8369 3543.6084 14100.4834 11812.4131 4146.3545 12918.1084 3214.2290 3040.4866 11621.7412 8662.3770 14828.9961 8924.9844 565.3804 5849.8540 10836.5039 6871.0347 11561.5576
18000.4375 19679.5078 13407.6758 4674.9048 -84.5459 5886.1089 21263.6367 18628.3809 3154.1643 9524.9639 7908.0288 11088.2754 6524.5928 6257.0840 293.3188 20312.4277 14131.1201 8011.7095 11203.5713 7087.7905 489.1437 3677.8716 4835.5479 8772.8701 7518.5190 8780.9502 3028.4136 2424.7166 8032.7549 190.0133 15311.8447 7787.8062 9955.2314 3509.0562 14115.9814 11820.3027 4069.6633 12814.4053 3177.3069 3053.0188 11546.0010 8662.8955 14883.4502 8988.2275 496.7749 5921.5820 10843.6240 6895.0469 11532.4912
17966.7539 19692.4570 13474.8066 4741.3193 179.2008 5888.3535 21512.6133 18771.6543 3191.9485 9488.3477 8000.3652 11100.5879 6548.0688 6288.6934 412.5348 20230.3379 14201.9590 7982.1597 11206.6475 7129.4351 399.5038 3670.4988 4889.0913 8744.5430 7113.4048 8577.9961 3076.7847 2480.0547 8213.1123 191.1924 15289.0732 7749.5215 9933.3115 3797.1687 14193.1963 11906.6924 4075.4736 13177.8662 3038.3171 3163.8586 11567.1641 8679.5850 14846.7930 8991.4326 553.0679 5938.2734 10838.9756 6901.0835 11558.2109
17893.6035 19745.6934 13374.0781 4774.0674 -1141.2612 5857.2861 21904.9395 18660.5645 3133.9905 10086.1904 7842.0742 11135.6084 6476.9824 6184.1016 352.8742 20160.6758 14167.1416 7914.2363 11214.6650 6995.1494 237.7366 3671.0977 4879.7793 8695.1943 7361.3179 8763.6367 3050.6978 2459.2395 8190.5435 189.7729 15234.7529 7867.5610 9894.9678 4335.6626 14114.3193 11840.5596 4120.8960 12993.4189 3207.6956 3301.1140 11850.1758 8620.2344 14879.3809 8878.1387 628.5831 5873.9131 10817.4443 6891.4038 11530.1719
17901.2539 19725.2246 13255.2236 4771.1245 3015.7292 5919.0767 21466.1543 18739.6855 3248.8916 10396.0088 7887.1006 11267.1602 6550.4536 6139.9214 384.3612 20338.1152 14033.4424 7985.3516 11232.2910 7027.5640 513.7083 3584.9797 4834.0103 8888.8994 7200.2783 8755.4316 3104.6758 2433.9692 8187.7939 194.1859 15313.3154 7883.7173 9924.1230 3701.3914 14101.4971 11935.4990 3998.9021 13127.8496 3089.2627 3415.9033 11821.0605 8635.8936 14822.2393 9109.5195 593.1033 5967.3145 10850.8076 6913.1792 11397.9922
17742.8105 19733.9004 13397.5146 4755.6504 5924.3022 5906.2437 21343.1973 18716.5938 3146.0059 9656.4102 8027.2500 11074.9277 6629.6504 6207.6333 381.5668 20443.1328 14076.5996 8003.9907 11246.4961 7100.6646 469.9479 3623.2915 4945.6826 8819.8223 7181.4878 8854.5273 3255.2756 2437.7922 8196.9775 183.5087 15337.9053 7819.1978 9964.7148 3705.6274 14123.6689 11914.6260 4264.1206 12994.2695 3226.2058 3173.3379 11715.6084 8641.6494 14852.3691 9215.8203 530.2463 5828.4595 10892.0439 6888.2271 11481.1396
17517.3672 19897.8281 13237.3721 4727.8584 2070.4507 5860.2139 21245.7715 18731.3320 3102.0371 10198.2578 7873.5312 11007.3848 6549.2993 6286.7920 320.4745 20302.9551 14078.3311 8001.9185 11207.2568 7051.1470 696.7220 3554.1819 4823.1919 8821.5518 7166.8433 8711.3438 3123.8752 2385.9805 8178.8398 189.6419 15205.3281 7800.2393 9943.8174 3771.5286 14066.4619 11887.4561 4091.3528 12990.1406 3230.8364 3290.3999 11540.6641 8587.4502 14851.2793 9009.5381 566.8768 5981.0273 10791.9346 6951.2480 11550.9521
17843.2598 19770.8086 13477.5947 4716.7466 -267.8106 5905.7202 21402.2266 18739.7539 3150.5181 9389.3662 7908.5396 11106.0898 6538.6079 6349.8550 372.8625 20064.0703 14155.7539 7969.0454 11246.4834 7029.9160 706.6370 3562.7947 5005.3721 8726.3486 7170.6118 8650.9473 3015.0308 2422.6038 8238.7314 189.4721 15320.2588 7774.5581 9916.3779 3620.8970 14136.8164 11865.6436 4114.8569 13133.6377 3117.2729 3080.0349 11710.6113 8671.2832 14784.8203 9035.6875 587.0984 5894.8018 10788.4980 6818.5386 11708.1133
17904.3887 19894.8691 13584.0918 4756.5532 361.9836 5868.1392 21292.1348 18676.8926 3192.1714 9310.5732 7908.4072 10948.6777 6587.9766 6260.9971 440.6128 20097.8125 14065.1016 7910.9575 11273.0947 7110.0000 647.3284 3557.3750 4842.5786 8746.8486 7109.9883 8790.7920 3094.0615 2409.3254 8231.5010 189.5573 15343.4736 7841.2134 9907.6660 3580.6067 14159.3760 11854.9023 4101.6284 13177.7812 3167.8220 3085.1116 11503.5889 8645.7930 14883.0791 8984.7783 559.4948 5830.6162 10858.2607 6896.6626 11545.1992
17768.4629 19608.3359 13513.8164 4672.0151 1488.5420 5861.7456 21182.5703 18778.4316 3150.9602 9341.1094 7782.0337 11063.0088 6596.6787 6236.3579 308.5963 20240.2344 13802.6982 7954.6753 11157.7168 7059.0757 809.3530 3449.2124 4853.4902 8750.1953 7129.0757 8774.8672 3085.6272 2465.2180 8167.9639 192.0114 15231.3945 7850.7954 9821.6738 3588.9109 14157.8896 11883.3369 4003.9185 12909.8818 3119.5811 3102.6104 11573.8096 8622.9414 14901.6777 9087.3389 557.5739 5871.2500 10823.8584 6893.0508 11574.0576
17454.1699 19770.8262 13214.7158 4777.8608 1182.6360 5886.8364 21240.2910 18727.5176 3168.1350 9345.8428 7997.8857 11020.8057 6635.1685 6226.1631 351.3012 20222.6035 14028.1406 7939.8472 11154.3486 7007.2153 753.7685 3448.5320 4798.7554 8652.3711 7013.7329 8617.1738 3049.3457 2397.6228 8131.1284 202.4102 15271.8857 7846.7031 9917.6924 3436.7932 14229.1641 11851.9697 4008.6069 12968.6885 3106.1006 3115.6079 11612.5859 8598.0000 14739.8955 9107.8604 599.1317 5884.6333 10826.4941 6911.9766 11346.5469
17797.3398 19788.6289 13068.7441 4672.4390 -565.8351 5922.7183 21346.2891 18576.4238 3118.5920 9427.5059 7965.3428 11003.0254 6475.7578 6251.3086 375.1076 20365.8770 14043.6963 7937.3970 11230.2490 6986.4404 655.3186 3469.8083 4870.4595 8647.3633 7189.8320 8682.6709 3062.7874 2430.9658 8084.6279 188.6265 15340.6621 7857.4663 9908.8379 3436.0432 14120.8164 11891.4883 4050.3557 12962.3135 3215.8904 3092.6201 11554.4170 8667.9893 14864.3887 8983.1484 581.7382 5872.0000 10879.4824 6936.6816 11597.7510
17749.0605 19780.1035 13351.7607 4740.7676 2274.8845 5902.4937 21513.8926 18668.2773 3170.5283 9831.2129 7968.2510 11230.5352 6547.6465 6227.1543 361.3503 20254.5547 14055.8799 7991.2300 11247.1768 7052.9717 656.9527 3454.0198 4847.9927 8699.4785 7824.9312 8629.6143 3138.6416 2401.0256 8329.3857 181.9680 15360.6621 7907.4263 9932.3408 3816.1099 14197.0957 11843.8086 4098.1123 13036.8213 3184.5310 3212.7642 11702.7412 8627.2158 14860.6006 9036.9668 548.6309 5829.4648 10858.1396 6913.6416 11654.1172
17786.2285 19773.8555 13248.0625 4709.4019 3027.2034 5897.7861 21437.2305 18717.4277 3146.0603 9945.9707 7913.2637 11129.3418 6532.0586 6181.0781 333.5375 20344.9707 14148.0293 7851.2402 11215.6543 7129.9766 741.8594 3528.8245 4934.7451 8812.2959 7718.7827 8677.0781 3188.2566 2437.8210 8267.3096 206.3181 15390.9932 7846.0054 9923.3506 4304.4067 14165.6641 11823.3213 4363.9946 13015.3848 3223.1736 3363.3801 11611.2959 8647.5107 14867.0742 9235.2646 443.7907 5830.1069 10839.7607 6904.3809 11654.9531
17696.4668 19516.7324 13392.2832 4658.0835 65.7601 5875.4185 21295.7227 18647.7637 3179.4270 9629.2686 7834.8970 11037.1426 6621.6484 6305.0205 355.4498 20302.2520 14138.5928 7943.2085 11174.6611 7009.7378 760.9185 3538.3240 4880.6777 8687.8027 6765.8833 8801.4531 3028.3005 2429.9373 8299.9873 199.5326 15253.0713 7816.1367 9896.5234 3469.2568 14150.8281 11843.9150 4017.9880 12825.0146 3095.7087 3118.7356 11834.2061 8680.1895 14887.9502 9001.6436 491.8835 5841.1128 10825.5410 6867.5244 11544.2881
17786.9277 19946.0957 13353.4902 4758.3291 1590.1375 5862.6489 21306.0566 18847.8105 3092.8303 9666.2812 8026.9546 11021.2178 6582.1323 6289.2222 400.2596 20224.7324 14226.7539 7972.0103 11205.9414 6998.0283 645.0338 3585.4641 4897.6895 8865.9814 7199.4604 8859.2490 3231.2412 2425.1213 8219.4980 206.1130 15323.3330 7836.3213 9914.3662 3453.2507 14098.3818 11837.8242 4091.3340 13126.6504 3087.9873 3274.2087 11624.8828 8659.6055 14909.6016 9080.1670 515.5951 5871.7520 10856.5850 6864.8662 11660.2637
17959.5996 19698.6914 13337.1768 4731.3745 960.5787 5867.8911 21710.6855 18868.4980 3147.3210 10001.9990 8002.2900 11129.1680 6500.9834 6322.4370 347.1880 20446.0312 14045.9434 7987.6631 11220.7363 7170.2007 602.7037 3588.7449 4872.2563 8672.2656 7701.8276 8784.5293 3159.5896 2458.6482 8160.7393 192.6006 15370.3418 7900.5439 9933.1172 4101.0522 14178.0020 11873.7305 4175.7041 13229.2969 3096.8586 3343.6152 11740.1719 8659.3896 14865.5459 8981.6016 521.9486 5777.0493 10857.0449 6899.2275 11731.4492
17727.2207 19673.8926 13197.0576 4656.3135 2159.6677 5885.0410 21269.0820 18649.8984 3178.5774 9502.7246 7888.9834 10945.3438 6590.2515 6192.3335 303.6526 20299.2695 13926.4072 7885.5630 11232.2578 7085.8286 707.0275 3578.0400 4917.6890 8684.3926 6886.0488 8838.2373 3194.5955 2400.3616 8189.0874 195.2986 15273.9385 7879.3003 9909.0684 4424.6362 14100.4443 11819.4844 4330.2808 12933.9961 3147.8708 3375.4751 11659.4580 8644.2520 14932.9209 9046.8789 557.9190 5843.2495 10835.2373 6921.3467 11801.2832
17768.5762 19598.6582 13386.5391 4759.8535 2440.2122 5874.1270 21249.0762 18699.1230 3161.0308 9656.7656 7877.4570 11108.0605 6611.6675 6158.0620 253.5412 20477.9395 14155.9297 7963.2969 11234.3770 7107.4224 898.1016 3532.1877 4872.1348 8847.3643 7221.6938 8685.8291 3492.4829 2447.7781 8119.0327 196.1926 15236.3643 7850.0747 9918.1670 3347.7117 14215.2051 11905.2490 3952.7256 13048.9365 3116.1133 3559.0032 11717.3818 8653.3994 14790.0977 8999.7354 570.7054 5890.4585 10833.6963 6938.6353 11659.0205
17765.1934 19865.8887 13396.2959 4700.2568 952.9926 5860.5840 21469.1055 18618.1895 3171.6743 9648.3193 7903.7734 11166.1299 6544.9238 6141.2544 284.7091 20252.8926 14112.8389 7930.6094 11231.9639 7041.7446 748.8151 3615.7351 4832.0859 8687.3486 7154.4673 8806.4697 3261.4426 2419.3474 8114.4468 193.3204 15263.8193 7922.7363 9829.3291 3481.9885 14153.6426 11829.5039 4000.2712 13188.5088 3078.8425 3313.5310 11649.0488 8629.8398 14862.3574 8971.7217 451.7904 5868.5776 10828.5205 6867.1724 11478.4541
18034.5840 19827.9551 13340.8486 4732.2124 706.0588 5833.3701 21275.6270 18606.4160 3104.6196 9458.6104 7899.0684 10866.6807 6470.0396 6150.2119 309.6934 20094.1074 13986.4414 7896.8413 11168.1348 7039.1196 717.0126 3446.8445 4951.5454 8743.5410 7347.6504 8635.5820 3050.8237 2409.7344 8120.5591 192.5449 15242.9648 7821.8735 9958.5176 3541.0679 14160.5059 11908.5869 4153.2798 13263.0557 3212.0007 3123.4111 11500.3945 8605.4668 14848.6279 9008.4336 584.2838 5886.0693 10870.9883 6890.1870 11504.0498
17808.0078 19799.3457 13416.9492 4713.0068 826.0528 5859.1895 21396.3359 18750.3262 3131.4919 9789.6846 7956.6729 11010.1172 6483.5967 6229.4893 331.4277 20294.4766 14044.2109 7945.1084 11188.9180 7060.9053 555.8389 3447.5400 4947.1772 8647.8682 7694.1055 8732.3799 3074.4619 2421.4814 8086.5591 193.8612 15340.5273 7912.6421 9883.0938 3686.4038 14184.0557 11838.6279 4151.8203 13097.7559 3185.0227 3121.4016 11610.5010 8654.5488 14872.4141 9060.7666 587.0239 5897.9683 10816.3828 6920.5547 11613.9482
17889.2891 19774.8770 13365.3369 4640.7441 1111.6141 5825.1489 21367.2969 18797.0293 3197.8860 9401.3438 7791.7251 11255.4150 6676.2427 6340.3511 322.9810 20252.6914 14049.6201 7922.8564 11233.9072 7079.8164 542.8666 3605.2451 4958.0708 8743.9951 6896.7285 8770.3828 3124.6995 2428.5388 8189.6694 188.8359 15265.3682 7914.4717 9851.6377 3411.1746 14192.4365 11956.7666 4066.0239 13165.0352 3153.9087 3133.5125 11669.3564 8715.4141 14815.7236 9101.2207 498.3491 5899.8804 10835.8086 6923.7339 11684.2812
17779.6484 19772.7871 13358.5186 4644.0425 1490.8615 5878.8184 21156.0742 18762.2734 3182.0269 9543.0547 7968.1021 11155.1689 6520.6353 6373.2998 251.9219 20448.5000 14167.3564 7976.1226 11240.6387 7056.5444 522.7068 3584.8523 4837.3677 8743.3428 7133.6133 8795.2666 3099.4246 2413.4739 8194.6963 186.2641 15344.3574 7853.7290 9880.9746 3593.3726 14155.0039 11887.2324 4113.7280 12993.1807 3240.3223 3196.9026 11702.8379 8664.3018 14917.9854 9083.3125 553.0769 5935.5557 10832.0088 6874.7441 11517.7256
17542.2637 19811.3145 13391.8262 4773.2417 1537.1766 5860.0513 21284.5625 18723.6523 3162.7363 9587.2666 7899.5498 11071.9043 6521.8721 6352.8652 337.3513 20236.1562 14122.6719 8009.5425 11242.6865 7009.9648 398.4270 3697.2017 4898.0503 8782.9395 7026.9053 8750.2275 3114.3955 2400.5332 8165.6748 194.8977 15350.6641 7835.2026 9962.5488 3741.4932 14060.9609 11777.1270 4120.3843 13130.3477 3132.9248 3160.0596 11571.2705 8685.0869 14844.0527 9082.2070 587.0630 5965.3247 10821.9092 6893.2480 11605.4336
17756.4199 19776.5371 13351.5459 4740.4985 1005.1614 5935.1460 21524.1074 18775.2402 3130.3262 10134.9482 7938.2539 11092.0586 6565.9648 6214.4141 374.9609 20472.3984 14125.9053 7907.9805 11184.6172 7043.1465 475.1214 3668.9238 4848.9175 8808.9414 7183.1338 8771.5361 3074.4182 2399.9751 8152.3828 196.4758 15348.1494 7716.2393 9847.5615 4162.8555 14115.1943 11905.8438 4138.3320 13072.0410 3063.7986 3234.9226 11539.8057 8697.1260 14827.7266 9089.3604 550.1630 5783.3633 10821.6104 6876.8945 11638.4629
17758.0371 19873.5215 13356.9863 4806.5972 1312.6769 5843.9946 21151.5762 18728.8242 3224.9741 9117.2520 7802.3364 11046.6465 6562.5952 6215.5962 381.4175 20305.7070 14077.8057 7867.2690 11202.0283 7014.1787 502.6148 3654.1787 4965.2622 8782.6279 7126.0645 8854.0762 3151.7292 2433.8840 8252.5381 184.2803 15311.4424 7839.0791 9907.0303 3381.7336 14177.8438 11837.4297 4017.8076 13034.5625 3166.3977 3164.7004 11676.3691 8620.0723 14847.3721 9124.6152 566.4603 5953.4634 10856.9912 6916.5483 11495.9111
17969.5586 19836.3809 13368.1279 4647.2788 1334.3567 5873.2427 21285.3730 18689.6719 3076.2454 9636.2363 7856.7300 11061.8838 6516.6377 6236.4937 348.2523 20116.1172 14062.3076 7988.5659 11229.3418 7031.9766 597.4168 3609.3010 4878.2666 8664.1553 7190.5044 8617.3535 3164.5972 2436.5710 8120.9302 183.5903 15276.2783 7825.2041 9915.4082 3630.8643 14113.5791 11902.0596 4027.1938 13071.8848 3188.3767 3259.4573 11728.5674 8641.0244 14880.9229 8958.2373 543.9726 5846.9077 10832.0498 6913.1230 11556.5420
17785.6465 19657.4102 13369.6133 4666.3667 1027.5038 5829.6602 21202.0293 18477.6406 3198.3640 10704.7910 7871.0396 11065.4844 6588.7129 6324.6758 322.7376 20422.6973 14145.5381 7948.2393 11218.1475 7029.0288 796.9012 3517.9202 4917.1621 8701.3926 7093.6641 8722.4316 3088.1138 2421.3230 8221.7178 191.2721 15314.8105 7851.9438 9872.1162 3682.8418 14087.7139 11896.9531 4071.4280 13195.6719 3134.6060 3308.1191 11555.6533 8622.0361 14808.7217 9042.5303 562.2018 5914.7314 10875.6660 6926.2490 11583.9824
18073.4941 19629.3555 13232.2529 4746.6338 1374.7321 5876.7456 21645.8066 18754.0586 3226.4822 10758.1455 7895.1587 11090.8789 6574.6089 6195.8320 282.0407 20213.0234 14075.2793 7929.1494 11220.0352 7016.2417 720.5022 3529.5205 4864.5522 8491.7695 7480.0630 8726.0459 3120.4517 2403.2578 8198.3867 194.5803 15341.5664 7950.0127 9947.4082 4067.1331 14093.5537 11891.5898 4172.9585 13085.6719 3261.1069 3250.3970 11628.2969 8631.1553 14862.1621 9050.6621 571.7474 5964.7998 10801.7383 6896.0078 11560.8779
17910.9570 19772.2676 13328.6963 4765.8496 1158.4874 5991.1079 21474.1250 18668.3281 3198.8267 9456.5322 7860.8394 11164.1709 6542.8643 6314.5718 342.6488 20419.0918 14082.4531 8052.5332 11270.2461 7041.9966 465.5173 3599.8252 4927.0552 8736.2305 7478.9565 8859.0381 3103.1428 2444.1721 8184.9263 194.3707 15325.5664 7860.7358 9970.3418 4193.3315 14175.3018 11812.7588 4304.4614 12871.3408 3157.6018 3181.9329 11632.5986 8690.5791 14878.1465 8990.8369 592.7803 5853.5244 10853.9941 6882.7217 11553.8018
17564.8262 19846.8320 13296.9990 4720.8354 1870.6036 5830.1987 21083.2910 18748.0000 3242.0725 9413.1670 7863.8608 10996.4102 6574.4272 6196.1089 406.7943 20219.0195 14087.3281 8017.9277 11255.0020 7144.9512 494.0099 3681.4797 4947.5576 8913.9004 7054.2847 8896.7881 3294.1743 2441.7041 8120.7300 184.1952 15228.7256 7832.4131 9923.6289 3484.3379 14177.9727 11858.2646 4085.1235 13225.1660 3242.6868 3413.4182 11613.7627 8618.3809 14871.6611 9006.5830 577.4974 5953.4185 10854.2676 6936.6831 11501.9775
17769.1172 19777.5898 13329.1895 4653.7388 1822.4895 5885.5762 21351.6426 18681.6562 3075.5806 9354.2119 7952.2529 11146.8047 6581.0376 6367.4644 328.6285 20132.7637 14054.7871 7953.1245 11219.2891 6997.3115 519.5519 3656.9148 4875.1108 8751.3076 7294.8467 8621.9268 3216.5930 2441.8416 8072.4106 190.6541 15246.9170 7805.3335 9874.7061 3626.1230 14190.0889 11867.5254 4173.1113 13018.0791 3073.3550 3274.0073 11617.3301 8626.0127 14847.1387 9070.7715 593.1631 5856.2178 10836.8516 6891.7676 11751.2900
17690.7480 19597.4492 13344.6602 4745.5151 1731.4988 5868.3618 21171.3105 18702.0801 3131.5403 9198.4082 7929.0000 11046.5908 6485.1973 6244.4224 254.3920 20275.0996 14126.1494 7945.1362 11171.2373 7046.8389 346.1380 3711.6157 4858.3066 8713.1348 7249.0029 8630.0137 3121.2280 2456.7754 8190.0781 200.0945 15294.1807 7854.4580 9948.5264 3519.4932 14108.5879 11875.8965 4059.3584 13021.5752 3110.0769 3109.2737 11716.5859 8637.9453 14804.2217 8978.0859 520.9604 5851.5820 10858.2432 6876.1650 11515.5654
