19212.7363 18298.9785 9931.7197 2766.7598 0.0000 10417.8340 18381.4980 14444.6367 3850.2830 11304.5723 9751.1426 14658.7090 5503.6240 5540.9292 22.3001 15499.9150 11479.3252 7500.5894 11777.1318 4026.2446 393.1162 1423.1338 9052.6660 8298.5381 8889.5527 6939.4326 1550.1857 2460.0535 4239.4561 277.0592 16472.7715 9254.2568 8187.9834 7212.5688 14795.0967 13111.2920 7048.4404 13805.9385 4181.7671 3066.6875 7346.7173 7470.2139 17799.8574 8215.7500 2120.4966 3725.2209 15621.1689 7111.6177 11693.7979
19757.6406 18806.2578 9277.9297 2856.7373 0.0000 10759.6611 19524.9551 14866.5791 4112.8569 11894.4160 10165.9287 15220.7715 5487.3462 5589.0200 19.0957 15614.9502 11886.5518 7827.6680 12210.8203 4008.7329 415.5808 1423.4701 9291.0088 8214.1465 9114.1357 7395.9341 1450.1841 2481.4578 3782.0798 303.1313 17043.2070 9637.0156 8600.5479 7280.6978 15372.2705 13865.9150 7229.1558 14484.4014 4212.8193 3160.0222 6336.5488 7656.4854 18292.4102 8192.5273 2225.7581 3875.1462 15921.1250 7378.4858 12031.7900
18964.5371 18349.0859 8800.2949 2821.0464 0.0000 10411.2432 18300.5020 14808.5479 3821.1152 10860.7676 9775.7979 14623.8926 5584.4990 5588.5146 18.0468 15756.7432 11594.4580 7555.9800 12049.3271 4021.1311 475.8590 1366.1305 8996.2627 8114.6655 8725.5967 6897.7744 1377.6727 2488.8811 3491.6892 258.8241 16670.4414 9223.5566 8414.4912 6832.8740 14934.3389 13118.9619 7153.0435 13938.7490 4187.8315 2997.4067 5767.2656 7605.0317 17925.7930 8080.0288 1954.6364 3826.7273 15519.8086 6984.6899 11653.7168
18798.9668 17209.6133 7745.6128 2677.7734 0.0000 10327.9004 17865.3086 14107.0996 3847.4084 11305.5137 9508.8398 13759.6465 5153.8862 5267.7725 22.3445 14970.8633 10757.4277 7116.0488 11424.3984 3873.6616 481.6149 1336.8173 8417.7705 7897.4351 8744.5752 6698.4380 1284.6705 2370.6428 2798.2488 251.4454 16147.6592 9046.4102 8016.9834 7139.5391 14431.7148 13053.4355 6783.4233 13194.0381 3999.7080 3021.2126 4827.7769 7090.5386 17549.4609 7850.7026 2326.6204 3514.7161 15612.1133 7043.5591 11126.1406
19731.2129 18626.4277 9155.7422 2772.5974 0.0000 10640.3086 19159.0781 14625.0518 3955.8928 11416.2725 10077.8789 15067.0391 5476.1987 5701.0713 20.3447 15771.2764 11701.2031 7892.4458 12106.7031 4054.4177 523.4658 1349.4596 9079.1074 8495.6885 9046.8770 7143.8149 1425.2233 2448.0935 3889.6440 263.0017 16915.4258 9393.4785 8522.9775 7101.4888 15120.9590 13488.9004 7075.8955 14242.3838 4101.6670 3084.7739 6262.3687 7574.7085 18125.5430 8412.2822 1966.4149 3524.8665 15753.3877 7311.6533 12006.4004
18639.9453 17625.4355 8174.6782 2834.6074 0.0000 10253.6836 17591.3105 14413.2402 3646.7131 11054.9238 9338.2383 14312.3154 5390.5605 5456.1797 17.3834 15034.0820 11033.7910 7162.5757 11631.6533 4075.8560 465.0179 1466.1901 8815.3213 8118.6582 8650.8711 6611.2402 1271.2135 2385.4448 3024.5122 268.4956 16264.9717 9021.3154 8093.4160 7041.7993 14493.0771 12755.9971 6862.3169 13491.8701 4005.6318 3006.5903 4896.4248 7317.2305 17657.6094 7867.7070 2250.6282 3553.0225 15512.5205 6980.0840 11275.6504
19714.6426 18310.0078 7790.4722 2791.0842 0.0000 10690.9238 19541.3848 14686.4873 4000.2471 11769.5908 10115.4268 15204.4014 5419.2437 5634.0381 15.1103 15947.2227 11709.4600 7659.1060 12132.0088 4074.4265 478.6811 1454.8274 9212.1533 8216.1641 9090.0088 7418.1665 1262.8264 2536.3997 2630.6294 285.0071 16803.0137 9557.1104 8531.8438 7193.7539 15136.3643 13704.0107 7273.0908 14236.2812 4219.1421 3132.9836 4484.7021 7558.5864 18040.0840 7810.7290 2336.6326 3649.6152 15926.1455 7361.6982 12090.0303
18942.2070 18122.5352 8573.3203 2853.4797 0.0000 10433.4375 18156.1172 14769.4932 3730.8635 10920.6914 9653.0957 14650.2988 5374.9141 5483.8818 17.7710 15533.4482 11352.4746 7375.8496 11986.8213 4079.7366 494.8307 1430.4381 8837.3818 8206.4980 8730.4590 7052.7832 1337.1649 2475.0107 3250.8240 274.6630 16545.8848 9178.6875 8270.2539 6813.3916 14730.5674 12952.4814 7103.5664 13655.9482 4356.0664 2992.5947 5460.0923 7512.2905 17807.4980 8039.3994 1996.5138 3598.5378 15516.6631 7062.0342 11477.3125
19519.0000 17812.4668 8044.7339 2721.2026 0.0000 10615.1924 19120.0684 14438.3301 4017.3455 11793.6035 9975.9209 14656.4199 5322.4644 5495.3833 18.8796 15459.8066 11429.3174 7626.0923 11997.3154 3951.5059 484.4322 1482.8655 9046.1152 8166.3691 9068.7480 7209.3115 1385.4551 2480.9956 3235.4668 294.0421 16657.5352 9422.0518 8373.2861 7254.5962 15051.3311 13633.1631 7211.0566 14083.4297 4068.3865 3077.7922 4777.3169 7381.1245 17959.3008 7796.4761 2343.2124 3613.4983 15868.6309 7316.2266 11810.9541
19800.1250 18576.5820 9287.3105 2795.8896 0.0000 10575.1016 18968.7480 15245.9004 3849.6611 11414.3564 9840.3213 15013.4531 5528.8350 5510.1919 19.0297 15437.6680 11856.8125 7626.0962 12361.4961 4283.1401 528.8281 1449.2095 9168.4854 8412.9219 9049.1377 7322.7798 1509.1317 2545.6504 4109.0889 276.9354 16935.3320 9283.3125 8813.3857 7091.5571 14928.8789 13306.3428 7170.2588 13906.1846 4189.8164 3141.5225 6469.9897 7593.1450 18070.3828 8221.6768 2061.7207 3709.6167 15757.4795 7301.0771 11926.3613
19703.3203 18162.9863 9921.1729 2775.2515 0.0000 10751.8184 18760.3184 14666.5039 3865.0364 11681.6533 9871.9639 14559.5781 5417.3018 5489.1548 18.7768 15796.1484 11475.2051 7462.3564 12025.3086 4068.4949 498.5436 1474.7236 9238.5781 8259.4277 9058.8936 7325.7373 1521.1329 2401.7637 4996.4819 291.2276 16763.0508 9433.7305 8414.0186 7297.6138 15032.6650 13562.8320 7317.3862 13904.7412 4151.5220 3120.0874 7712.1064 7360.5557 18050.7207 8264.2100 2264.7078 3567.1594 15811.1553 7266.7461 11620.7432
19833.9492 18574.5684 8368.5820 2904.3901 0.0000 10860.5596 19522.1270 14929.7383 3882.3259 11520.6387 9990.0723 15344.8672 5476.5068 5457.4175 13.9489 16265.9834 11695.0225 7608.8281 12282.0566 4099.4453 479.5191 1479.4677 9127.1797 8506.4229 9244.1191 7465.2905 1372.9789 2478.5981 3555.2043 287.8743 17065.9453 9475.7666 8645.4248 7119.2192 15165.6377 13458.9980 7245.9180 14160.0508 4307.8389 3051.1355 5689.1392 7693.4556 18215.7148 8138.7358 2064.9954 3575.9834 15811.7588 7312.4370 11902.6865
19155.7930 18098.7070 8821.0830 2834.0703 0.0000 10452.2363 18729.0547 14590.3408 3929.1995 11639.7207 9685.9375 14675.7480 5236.1099 5305.9956 15.2609 15484.4258 11275.2217 7281.4517 11910.7959 3961.4011 527.5639 1518.7997 9126.1777 8236.7168 8957.7412 7193.5698 1426.4907 2420.6721 4012.5715 283.4382 16631.6230 9319.1182 8402.0752 7357.6343 14967.5518 13364.9092 7253.3140 13934.8818 4129.7803 3118.9453 6304.7983 7398.9307 17972.9043 7966.4438 2295.0898 3661.1853 15798.7520 7220.0928 11603.6797
20027.0410 18945.3730 10632.6943 2913.9211 0.0000 10778.7969 19437.6875 14937.2383 3931.0437 11449.7695 10042.6562 15267.4268 5598.6738 5534.0806 19.9256 15734.9014 11878.2217 7623.3477 12298.1094 4019.7805 443.0866 1446.6271 9286.5332 8550.6650 9081.1309 7403.0249 1535.7087 2471.1050 5054.4048 282.1932 17010.3496 9432.8545 8541.1328 7077.6597 15197.9707 13472.7480 7392.8354 13933.2471 4217.9912 3089.7080 8082.9707 7734.2065 18102.7559 8688.0146 2112.6274 3733.5332 15868.8359 7300.3765 11998.2061
18820.0449 17817.1914 8285.5264 2830.5615 0.0000 10164.2129 17787.3301 14689.9727 3712.0923 10822.7139 9444.4688 14371.9795 5307.6196 5280.4785 18.9895 15072.9648 11181.1055 7132.9653 11900.6670 4033.6267 509.3129 1384.7947 8928.8350 8194.6914 8559.6914 6945.1436 1360.6819 2437.4863 3742.6292 258.7760 16374.0391 9071.1211 8230.0820 6845.1045 14565.8076 12885.6504 7058.6118 13680.0303 4176.5981 2998.0823 5473.0835 7381.5991 17713.4258 7940.1064 2027.8634 3621.5061 15460.5498 7088.0122 11382.5762
19574.0762 18124.6465 8700.2412 2737.8711 0.0000 10536.7666 19145.6289 14836.3145 3925.7117 11724.2705 9959.2832 14893.9033 5382.3130 5472.7974 19.1760 15732.2334 11521.6416 7542.5327 11992.9873 4080.7007 495.3702 1484.3392 9100.8164 8233.1553 9040.4834 7215.2427 1461.5221 2471.4385 3936.3521 281.9086 16582.2617 9379.3613 8445.3574 7212.5981 15018.9609 13507.8242 7117.5469 14006.9541 4305.5308 3072.8972 5976.4805 7405.4526 17929.0840 7927.6646 2267.0281 3240.1790 15783.6357 7291.9263 11576.2480
19509.4453 18628.5625 10084.0342 2757.2546 0.0000 10693.2422 19174.5469 14830.4990 3965.4319 11576.5420 10078.9717 14918.7031 5540.6816 5584.2637 15.6390 15957.5742 11828.1523 7704.1265 12031.2266 4035.2803 518.7035 1519.4849 9124.4873 8365.4287 9017.4258 7107.6499 1553.5525 2490.7898 4290.1797 288.5948 16859.0312 9426.4102 8478.7725 7158.0635 15146.6104 13371.0000 7233.8779 13831.4971 4263.3496 3094.9165 7225.9482 7632.0166 18000.9785 8327.3232 2246.9238 3526.6484 15818.0664 7264.5654 11914.2803
19699.2012 18590.6094 9642.6338 2670.6655 0.0000 10704.9961 19301.1777 14769.2891 3904.8066 12006.5830 10057.1680 14987.3262 5458.8013 5836.6284 21.1301 15528.2637 11751.7314 7708.9336 12022.4570 4017.6345 532.4498 1462.4205 8832.8975 8185.2754 9028.4189 6945.9023 1510.7396 2430.2449 3957.4829 275.2644 16864.1133 9587.7939 8466.6748 7351.0640 15142.4102 13642.3232 6947.4897 14052.9893 4105.4238 3163.5273 6742.4985 7574.1890 18098.3281 8251.3057 2380.5405 3618.7883 15925.9131 7387.8613 12033.7168
19900.8594 18989.6230 9294.0488 2734.2686 0.0000 10873.7734 19635.2891 15078.5801 3922.8335 11751.5615 10192.9814 15223.9268 5660.4580 5859.5532 24.0637 15878.2646 11936.2217 7949.6396 12228.4678 4119.3525 502.3412 1413.1224 8779.8369 8239.8926 8967.0537 7250.7529 1493.7649 2528.4729 3720.1067 238.2459 17038.1484 9595.5215 8606.9346 6943.5776 15418.8457 13643.7246 6980.3701 13971.9600 4099.7236 3154.8149 6213.8511 7702.6240 18186.4727 8224.2549 1910.9219 3787.3950 15873.3857 7409.0938 12261.0918
19321.0488 18563.4473 9510.9775 2753.7253 0.0000 10526.7119 18629.4375 14735.7744 3714.3489 11203.4932 9903.2070 14968.3096 5667.1323 5718.4209 15.6063 15549.9551 11589.7129 7596.7866 11859.3730 4006.8584 526.9477 1426.8641 8784.7061 8222.3076 8957.9785 6681.3242 1490.7916 2472.1716 4441.5386 271.4216 16769.4805 9279.0088 8287.2334 7130.8081 14854.9004 13043.9092 6919.0972 13684.7803 4092.3845 3052.4719 6799.5586 7606.7217 17907.1328 8391.6533 2093.0237 3943.8210 15605.8291 7112.9585 11835.5508
19392.7500 18126.9609 8073.1489 2726.4583 0.0000 10551.2607 19120.0176 14621.3418 3830.4543 11904.2549 10101.3184 14776.7139 5392.4780 5677.0391 17.7285 15464.4307 11589.4121 7659.2300 11859.2959 4016.5051 498.4607 1474.2095 8867.7510 8112.2441 8885.8477 6657.6177 1328.4220 2421.0100 3130.1484 276.2277 16757.5508 9471.0342 8400.7988 7300.0493 15129.3184 13603.7832 6986.0542 14337.2842 4197.8013 3124.8550 5292.9624 7461.1973 18088.3848 7891.9033 2250.5544 3651.7842 15923.5771 7289.5000 11825.9561
19316.8633 18702.5020 8542.5400 2756.4929 0.0000 10617.3311 19271.7637 15170.6621 3941.8970 11767.8672 10147.0049 14916.7002 5707.4775 5923.8291 19.7473 15742.4697 12080.4805 7883.4468 12247.5430 4122.5693 520.8278 1447.6062 8811.9590 8131.8384 8966.3701 6918.7847 1443.1481 2472.8633 3040.0422 281.5945 16878.4121 9569.0732 8868.4473 7217.3809 15117.3857 13569.9365 6970.4058 14000.2305 4238.7300 3194.7339 5405.5889 7592.1255 18138.1855 8107.2861 2228.0037 3664.8442 15783.1758 7332.3540 12124.8457
19391.6797 18758.0469 9495.6592 2750.4060 0.0000 10507.7197 18847.0312 14609.2734 3991.7048 11791.4639 9975.3457 14840.7705 5524.7812 5674.9160 20.8419 15748.8564 11693.0254 7640.5337 11991.8203 3968.1807 519.7603 1465.9384 8967.0908 8427.8359 8836.9404 6856.4380 1480.7711 2507.2656 3722.8809 293.7003 16621.2793 9416.4688 8405.4580 7310.3306 15021.0029 13427.6143 7041.2241 13791.6475 4188.7144 3173.4995 6581.7378 7558.0327 17953.9961 8252.5850 2276.6094 3793.9851 15839.7627 7247.0605 11940.2852
19689.9492 18995.0195 9017.5215 2719.7295 0.0000 10673.4668 19527.6348 14874.4082 3936.8359 12032.3574 10172.4326 15012.6279 5555.5513 5616.2124 21.0032 15709.7578 11904.2842 7805.6650 12196.2061 3988.3691 532.7242 1476.9431 8944.9746 8279.7637 8993.8770 7304.3013 1435.2286 2543.0688 3570.6204 267.3441 17028.7422 9642.1748 8541.5303 7366.9141 15324.1582 13771.6582 7027.8618 14210.3154 4175.0117 3171.3274 6383.1235 7694.2959 18162.3379 8366.6885 2184.7771 3617.3232 15990.7158 7366.6523 11814.8164
19685.2344 18849.1602 9486.3652 2843.7971 0.0000 10695.0498 19279.0020 14869.2324 3971.2556 11565.4141 10024.3916 15062.7451 5507.6436 5641.7144 18.9039 15701.6416 11711.5869 7688.3599 12131.8359 4113.7954 534.7266 1454.5675 9238.1240 8270.9678 9026.8135 7403.1616 1429.3467 2520.0708 3717.1931 274.9891 16957.9316 9412.3857 8415.7852 7078.0791 15112.6738 13616.9521 7225.7021 14446.1289 4105.1440 3084.3325 6690.1250 7680.8618 18028.1016 8349.7148 1966.5603 3736.1758 15810.2480 7266.6104 11931.4043
19501.4902 18147.1758 9438.8955 2786.6934 0.0000 10524.0742 18839.0273 14562.6318 3839.9893 11795.9375 9765.1406 14640.9062 5228.5288 5494.4644 17.4066 15594.3516 11477.2012 7418.8779 11907.1895 4019.9954 512.2045 1457.3517 9227.7246 8177.1279 9055.0000 7175.2246 1543.5125 2408.7068 4409.4946 293.2007 16601.5977 9348.6240 8235.1377 7346.0415 15010.6035 13420.4014 7291.8579 13998.9678 4119.1035 3159.0095 6705.8979 7456.3633 17887.3438 8177.5469 2283.1794 3618.2451 15789.6289 7176.1865 11625.1094
19910.2422 18440.9082 7752.3740 2737.9402 0.0000 10771.2549 19293.1816 14890.6670 3987.5083 11471.2881 10151.7656 15109.2236 5461.8101 5656.9976 20.0401 15985.4082 11977.2979 7849.6929 12293.9854 4078.5005 491.5838 1458.8757 9258.2031 8352.2842 9041.5547 7315.4844 1368.3152 2529.7883 2886.8948 272.8594 17005.6152 9483.1543 8633.5303 7124.6426 15278.4590 13605.0430 7054.6567 14205.3643 4249.3022 3061.1145 4424.8384 7624.9346 18104.9512 7967.8979 2055.8674 3535.0225 15772.2676 6901.2402 12017.9092
19165.8203 18004.1797 8192.4697 2760.1248 0.0000 10521.1729 18532.3008 14310.5889 3791.0911 11332.8330 9742.6377 14871.9238 5475.6328 5444.7100 20.8843 15719.9365 11564.1279 7418.5845 11898.7598 4024.4536 471.6638 1468.2043 9108.1104 8190.7910 8878.5137 7063.7285 1405.5309 2438.7300 3068.0583 268.7602 16553.2832 9271.5234 8142.7183 7099.3940 14882.0703 13183.2539 7195.8662 13914.4639 4097.7173 3048.4504 5124.8237 7548.4556 17869.6719 8048.1797 2270.8423 3715.5786 15740.2441 7168.9453 11617.9766
19769.5449 18762.2852 9325.9844 2944.9673 0.0000 10870.5264 19437.0430 14709.4111 3936.2231 11803.7217 10114.9521 15108.2168 5627.8818 5603.7764 21.2737 15986.3994 11995.1299 7746.4819 12190.4775 4023.6133 505.8202 1394.2009 9538.8066 8300.1865 9164.8438 7343.4170 1516.5409 2463.2322 4062.2363 267.9416 17065.2715 9597.5029 8423.7402 7201.5586 15253.0840 13687.6738 7417.9038 14154.8877 4392.3901 3109.1309 6551.8335 7659.6050 18124.9453 8347.9033 2163.4668 3666.9414 15966.3613 7309.8584 11981.1045
19288.0840 18676.9570 9154.4121 2963.6528 0.0000 10537.3271 18266.4863 14887.5234 3835.3857 10842.7871 9669.5723 14881.8643 5468.0850 5372.2954 20.7104 15506.2812 11683.6748 7515.2349 12307.2236 4184.2285 477.9433 1362.0211 8937.3623 8443.8662 8749.9023 7183.3745 1393.6713 2527.3027 4123.7900 273.6394 16669.4297 9265.5322 8821.7900 6758.1255 14694.2402 12894.3008 7071.7031 13861.8281 4278.2515 3005.2344 6533.8901 7671.1621 17963.4570 8378.0557 2133.7693 3719.7229 15433.4082 7146.5347 11896.0859
18620.4043 17555.5020 8840.0635 2730.9714 0.0000 10150.1865 17746.3984 14225.8105 3745.8203 11081.7871 9278.8926 13847.4873 5160.3877 5220.7744 27.1171 15001.6299 10987.7959 6957.9380 11633.5615 3903.2515 446.5764 1477.7427 8693.6670 7908.8931 8660.3916 6837.6699 1345.3875 2388.1387 3884.8430 277.7060 16141.9785 8994.3203 8147.2920 7098.9341 14436.3711 12855.4775 6975.8291 13302.2344 3980.7869 3014.6108 6373.7886 7163.0669 17580.3242 7827.9824 2333.1274 3556.2979 15447.7832 7059.6553 11340.7393
19463.4941 18225.3613 8832.8271 2758.9929 0.0000 10612.5889 19195.4570 14492.7734 3990.7649 11560.8877 9898.9668 14656.2285 5358.8081 5364.4990 23.0436 15643.6162 11506.4385 7466.6973 11978.6572 3984.7097 502.8494 1455.9939 9064.7607 8267.9541 9041.9189 7100.8726 1377.4019 2447.9158 3478.1350 274.7366 16640.0000 9424.2246 8359.1387 7182.1494 15060.9932 13475.9600 7224.2876 14072.7803 4104.6206 3054.2642 6002.0674 7430.5586 17972.7754 8077.2217 2096.6033 3645.1716 15843.7051 7254.1484 11676.0078
19051.9023 18441.6602 9480.8369 2816.6260 0.0000 10411.0283 18429.5391 14605.9570 3795.2351 10934.8535 9797.2676 14754.2939 5400.3462 5455.4551 21.2419 15384.8896 11501.5918 7486.9844 11982.5684 4126.8638 537.7302 1396.5831 8941.9775 8424.1025 8675.2168 7164.3530 1433.3661 2518.4980 3698.2302 261.1540 16591.5996 9188.9277 8259.5615 6755.1377 14744.0479 13057.0000 6990.5747 14008.9854 4080.4087 2967.5493 6354.8374 7515.4048 17763.5000 8175.2568 2085.0852 3635.1606 15538.3262 7154.1484 11660.4033
18817.4062 17653.5566 8977.4307 2797.6274 0.0000 10221.8760 17713.5469 14429.2041 3738.5486 10964.6582 9416.8896 14208.3232 5280.6460 5153.0269 15.1894 14880.8193 10941.8701 7186.5708 11657.6777 4044.2893 497.6398 1444.1360 8815.7061 8066.1147 8621.8252 6962.8486 1370.5979 2369.0557 3719.3899 277.7204 16309.9590 9164.3623 8058.6475 6967.2231 14484.9014 13064.0088 6897.9282 13735.8750 4022.8760 2983.4802 6100.1099 7215.1636 17542.8086 7898.2754 2165.5032 3598.7253 15469.7725 7015.8730 11100.5791
18998.2305 17996.0410 8815.2412 2718.3577 0.0000 10270.3301 18335.2617 14562.6553 4064.9001 11266.6719 9567.5547 14145.6377 5343.4536 5348.6333 14.0177 15157.9775 11220.0215 7345.6792 11852.5254 4107.8008 439.7689 1469.8373 8954.3008 7947.3833 8855.7197 7036.4717 1331.7510 2476.8130 3468.2341 290.7367 16405.6562 9177.9473 8523.5898 7101.3164 14610.0684 13161.7324 6961.1953 13823.3408 4114.5781 3023.9341 6065.5342 7242.1714 17868.1465 7881.6938 2251.3462 3605.2302 15500.3818 7164.5181 11224.4541
19241.5703 17902.1094 8644.9219 2799.2046 0.0000 10535.6367 18532.9414 14402.3379 3872.0457 11475.7920 9662.4668 14357.1816 5215.7358 5419.2544 17.7749 15438.1123 11187.8906 7386.3530 11818.9219 4039.5713 392.8483 1465.7096 9082.9121 8061.3945 8956.0215 7160.3423 1383.8075 2476.3525 3835.1602 280.9854 16497.4844 9280.1523 8392.4492 7224.1396 14840.3623 13267.4385 7112.6489 13751.1885 4191.8057 3064.9927 5905.9946 7431.3306 17938.7266 7957.2148 2403.5303 3650.9282 15600.7314 7186.5342 11543.5508
19510.1836 18322.7734 8648.6934 2851.2339 0.0000 10582.6182 19218.7090 14707.4932 3876.4597 11904.6309 9913.1191 14485.4746 5376.8579 5429.9141 19.8304 15488.2637 11504.3135 7626.6284 12032.2432 4032.3047 452.8168 1479.1782 9091.1699 8328.8994 9160.9092 7323.3867 1354.4554 2484.7004 3657.9700 262.4688 16863.8789 9460.5938 8424.2432 7273.8301 15188.5732 13634.7803 7134.4893 14212.9775 4070.8892 3081.5574 5812.0557 7511.4268 18030.9922 8125.6899 2332.5466 3606.1877 15814.5850 7332.9990 11501.6699
19578.9336 18639.1328 9381.8789 2725.4954 0.0000 10611.3379 19141.8770 14834.4238 4057.4399 11509.3730 9974.3936 14939.5361 5452.7383 5599.5825 18.8995 15960.1602 11631.1299 7502.5947 12099.1094 4079.0171 501.0307 1450.1421 9239.6016 8303.5898 9038.9531 7338.6431 1435.6620 2482.9617 3478.8728 286.3714 16771.3652 9409.2617 8514.2539 7122.4956 15153.7480 13482.2725 7283.6836 14122.6729 4178.9927 3129.3464 6228.1372 7679.3423 18167.7207 8319.7646 2185.2720 3718.7612 15722.3838 7318.0557 11936.0400
19240.8203 18291.7207 9381.2197 2777.4907 0.0000 10531.7471 18830.3125 14612.8447 3897.3096 11642.5811 9716.3311 14715.5781 5481.0366 5387.4111 18.0712 15383.7363 11433.8291 7524.6455 11938.7910 4015.1929 505.9207 1471.5107 8892.4365 8284.2539 9015.3369 7132.1304 1385.8329 2460.9336 3889.6516 289.8604 16651.4590 9442.0361 8422.4141 7300.4570 15119.9375 13520.8965 7206.0200 13857.3428 4013.0898 3128.6003 6307.2275 7569.1909 17928.8750 8289.9688 2238.6777 3612.5508 15774.6094 7332.2100 11512.6377
19466.9102 18479.4570 9224.9541 2843.8940 0.0000 10681.7686 19217.0391 14797.9766 3927.7632 11290.5332 9993.8828 15202.5488 5523.3994 5480.1924 21.4243 15740.5986 11606.7695 7613.5552 12174.5166 4093.9368 383.6416 1346.1519 9199.1230 8507.3936 9035.1533 7395.8027 1442.9443 2494.3159 3955.1487 270.2815 16866.4395 9517.5439 8466.1826 7195.3276 15217.4131 13590.7861 7315.9238 14152.5928 4330.6016 3088.6868 6177.4248 7611.9097 17988.7148 8224.1240 1809.3047 3738.1975 15826.9004 7211.6724 11973.5762
18705.5410 18159.9707 9284.2441 2834.0015 0.0000 10395.4141 18221.6836 14381.1582 3793.1831 11137.7949 9575.5928 14829.3047 5374.0498 5468.8496 15.6312 15441.2061 11269.9922 7490.8296 11863.2510 3986.6680 395.1331 1346.1376 8984.0068 8218.4229 8860.4551 6997.7920 1496.7493 2406.8882 4284.5278 274.7732 16530.0000 9126.8291 8120.8110 6985.9624 14787.5879 13084.7305 7073.4551 14043.1865 4076.3418 2996.0806 6449.9360 7538.5723 17817.1465 8172.4307 2225.2253 3709.3755 15567.2686 7103.8008 11471.2998
19757.1504 18479.3535 9114.3750 2845.7063 0.0000 10668.4502 19209.6309 14747.6074 3913.5955 11985.6035 10005.4551 14902.3809 5446.9189 5598.3477 18.2137 15806.6064 11620.1621 7557.7842 12032.1084 4011.0388 571.2891 1491.8110 9099.1582 8286.4424 9089.6250 7214.0112 1398.0239 2471.9241 3778.3762 283.4624 16768.7793 9490.8643 8382.2705 7327.7300 15103.0488 13708.5752 7214.2993 14054.4258 4113.5024 3137.0684 6475.2310 7571.7368 18024.0684 8203.2256 2315.3066 3590.3513 15974.9707 7383.4297 11817.9980
19510.0957 18671.3945 8684.6865 2887.5117 0.0000 10656.4043 18856.4902 14914.7676 3938.8848 11220.0684 9950.1377 15003.6514 5620.8887 5628.0674 21.0181 15912.4727 11827.0547 7744.1636 12277.8037 4105.3262 463.4333 1421.3230 9075.1484 8515.8760 8907.1416 7388.6289 1440.8618 2481.5623 3588.2151 262.6926 16861.6250 9310.1738 8481.3525 6755.1255 15235.1465 13396.5586 7053.4844 13862.9287 4275.1353 3056.0774 5891.3418 7663.6392 18141.8887 8225.9844 1886.4939 3689.1521 15710.1064 7277.8076 11970.6934
18655.4785 17795.6699 9102.0586 2786.0435 0.0000 10205.1553 17363.8711 14485.7949 3632.1995 10706.5830 9523.9160 14555.2832 5318.2876 5494.8955 16.5069 14900.4707 10989.6191 7287.4536 11634.2578 3995.7261 432.4705 1470.6992 8696.6182 7915.0244 8529.8916 6574.8999 1429.3328 2368.4900 3730.2366 276.3267 16249.0781 8887.0068 8051.5293 6827.9653 14379.3457 12649.1895 6877.6802 13474.9873 4016.4539 3003.1450 6030.2627 7286.1006 17628.6973 7978.9482 2053.5579 3544.9961 15322.8242 6980.0688 11448.2646
19520.7910 18002.0977 8731.9141 2757.0405 0.0000 10524.0762 18882.1934 14552.1182 3997.7383 11626.7217 9966.9014 14704.5488 5497.2305 5525.4614 16.0516 15546.2803 11407.9492 7574.5972 11871.1133 3980.3101 451.1161 1485.3165 9000.6582 8229.0791 8913.8818 6988.3120 1378.5657 2441.2498 3474.8257 258.3102 16722.3086 9415.2393 8283.3691 7134.8516 15002.2842 13522.9834 7076.3232 13909.7861 4153.1562 3086.0039 5815.3677 7355.6343 17900.4219 7995.0098 2219.3545 3629.1169 15843.3281 7232.3716 11702.8857
19198.4277 18527.7891 9083.9795 2789.8450 0.0000 10653.1201 18493.8340 14866.9941 3707.6108 11180.6924 9982.7734 15043.4189 5562.7495 5741.0811 19.0982 15905.7139 11662.4795 7811.4302 12137.1377 4159.2939 489.7063 1459.1299 8926.1064 8162.1157 8904.4834 6936.6611 1455.2458 2449.9480 3695.9475 277.1604 16779.6621 9235.4775 8447.5557 6891.9653 14902.1416 13149.8281 7038.7031 13764.1289 4156.4614 3040.4883 6026.2915 7616.6870 18061.8926 8194.5586 2149.1833 3682.3625 15646.5088 7115.5132 11901.8115
18894.7090 17892.3594 8747.9951 2724.3789 0.0000 10422.2773 18351.1641 14456.5645 3935.0725 11648.6650 9739.5010 14431.5889 5277.7900 5509.5566 18.6481 15184.8311 11264.8008 7498.4873 11703.0186 4032.3884 570.2869 1476.1198 8795.2354 8104.0947 8946.2803 6969.6860 1344.8962 2406.2683 3335.9219 283.8453 16494.1074 9208.3740 8187.9990 7276.5933 14715.9395 13292.8096 7000.5659 13480.4678 4057.6702 3101.2820 5830.0283 7289.2163 17786.2930 7862.7744 2294.2720 3482.2239 15722.4902 7093.9844 11504.5732
19859.7285 18631.2676 8929.6836 2766.4907 0.0000 10886.9336 19360.1348 14996.6309 4017.3618 11627.1367 10009.8037 15143.8096 5591.2104 5725.8242 19.2608 15803.3350 11808.0479 7861.7969 12201.1963 4099.1328 498.0439 1466.3741 9126.5146 8303.7256 9223.0693 7169.6665 1361.3589 2469.2200 3353.9290 289.9579 16858.0371 9419.6748 8675.8428 7258.6919 15072.0801 13443.6719 7159.0381 14032.7705 4187.0366 3151.1047 5767.5488 7634.1626 18243.0879 8191.9902 1964.3480 3460.3806 15880.1221 7365.7104 12259.3281
19408.3359 18073.6582 8756.0400 2730.6160 0.0000 10682.7773 19099.1289 14664.3711 3891.9775 11804.7109 9907.4746 14587.6357 5424.5518 5520.2056 18.3910 15652.6943 11456.1641 7503.4844 11930.6543 3943.0129 525.4584 1507.9315 9182.8691 8059.1851 9155.9326 6939.0771 1377.8513 2414.9121 3437.4448 286.7072 16864.1055 9425.3643 8338.1465 7478.7759 15068.6172 13526.4229 7144.9907 14207.1250 4262.4756 3132.5708 5856.5820 7360.5762 18064.5273 8006.5361 2323.6221 3674.4910 15885.1641 7243.7705 11735.8604
19971.3203 18855.1680 8760.7803 2730.5066 0.0000 10837.3301 19530.2227 14882.7266 3924.7534 11759.1240 10255.6104 15337.1016 5618.4907 5721.3105 18.8215 16343.8789 11952.1738 7768.0586 12222.6855 4016.0225 569.5957 1484.0757 9177.3750 8280.6475 9126.0879 7323.7085 1384.9813 2489.6614 3199.3650 286.2339 17095.0078 9520.4062 8512.2432 7141.3652 15440.2812 13780.8076 7300.7935 14385.6357 4307.3672 3084.5239 5730.6094 7693.3433 18271.7832 8199.8438 2180.0090 3814.3271 16034.9639 7368.2139 12036.1641
19156.4941 18543.9434 9049.3838 2797.1548 0.0000 10332.2139 18069.6875 14914.6729 3777.1865 10707.5752 9631.9170 14537.8174 5419.5610 5515.8491 18.7625 15457.2559 11607.2451 7478.6807 12082.6553 4138.9287 490.2608 1470.2429 8768.0938 8420.0361 8605.0068 7001.7490 1474.1865 2477.9236 4094.4727 270.6730 16454.6543 9122.4688 8492.5166 6717.3438 14725.9551 12963.5273 7128.0493 13608.2686 4098.3496 3004.0452 6424.7964 7606.6079 17889.2480 8230.9326 1863.5151 3637.0659 15412.5059 7044.6475 11604.0068
18553.3730 17170.1602 8283.8887 2777.7720 0.0000 10298.3154 17836.8535 14165.9482 3718.4243 11261.4668 9368.5146 13926.5391 5097.7285 5244.1943 18.0884 14913.6260 10749.7930 7022.8604 11409.7422 3851.8337 304.8634 1249.5576 8648.3369 7923.4707 8528.0293 6566.1543 1349.5585 2310.0703 3663.3652 277.0691 16130.1680 8965.6055 8038.9087 7110.4517 14323.5801 12923.3242 6837.9370 13186.2734 4054.1929 2999.3411 5682.9604 7049.3257 17484.5391 7680.2720 2319.2957 3374.8425 15547.0107 6999.1963 11157.1104
19716.2832 18374.7617 8977.8262 2823.9641 0.0000 10772.8809 19257.3496 14658.6260 3940.0911 11606.3066 10090.7529 14934.1152 5564.0488 5673.4517 14.0347 15886.3506 11723.4102 7841.4028 12039.0684 3979.1001 378.8063 1171.4393 9151.0664 8279.5029 9065.3506 7162.7227 1458.1874 2466.7283 3828.8130 290.8578 16857.5996 9505.2178 8421.9492 7201.2407 15172.4141 13679.5059 7166.4727 14014.4531 4020.9417 3105.5552 5911.9380 7546.9307 18050.1816 8200.7295 2234.6516 3667.5273 15949.2568 7259.3813 11930.3926
19133.2363 18053.4941 8598.5615 2834.6873 0.0000 10499.6377 18178.0391 14475.1240 3699.9131 11003.1465 9721.0820 14583.1016 5306.9360 5465.5708 23.4434 15419.0996 11452.5996 7567.9473 11928.9297 4011.0801 480.1497 1416.8860 8929.5400 8201.4238 8766.5527 6987.4990 1456.4829 2449.2434 3643.5042 268.0927 16588.3750 9125.0684 8252.2119 6953.0947 14693.9678 12833.2842 7127.9810 13633.1406 4119.2075 3076.3438 5736.0640 7473.8364 17828.5723 8042.1240 2199.4521 3733.2512 15483.5967 7043.9062 11676.2080
19620.0625 18168.4043 8676.9990 2693.6516 0.0000 10416.2227 18972.2910 14443.6455 3905.0410 11911.1436 9928.8213 14589.0312 5380.0000 5516.2354 24.2476 15464.7207 11539.9023 7479.3926 11919.7744 4032.8315 431.3009 1407.4192 9017.2559 8110.9497 8971.6338 7140.5303 1394.8298 2470.1768 3237.0393 271.8644 16601.5078 9471.9521 8410.0254 7452.4990 15024.4902 13564.9443 7024.4434 13803.3643 4240.2524 3109.5007 5719.3018 7435.1143 17891.6992 7941.7700 2308.8320 3686.1470 15911.7705 7269.4326 11679.2275
19796.3574 18650.6016 9011.6982 2841.8298 0.0000 10690.8574 19250.3672 14930.6094 4009.8252 11584.6143 10004.3604 14880.6719 5695.7061 5790.5117 20.3470 15797.9102 11934.4951 7721.4517 12295.1104 4075.8752 495.4915 1511.3699 9213.3574 8459.1064 9072.7334 7159.3589 1392.5789 2502.7622 3466.5483 283.2493 16975.5430 9580.6826 8766.7461 7189.3599 15156.1826 13413.5723 7188.8794 13990.0186 4222.3096 3100.8052 5772.2065 7600.0781 18214.1777 8185.3521 2128.4463 3515.1780 15777.2246 7361.6831 11949.5264
18866.6895 18100.3887 8571.6123 2765.0540 0.0000 10388.9346 18442.2188 14418.2559 3772.6536 11502.4902 9590.0176 14442.0811 5303.2583 5496.8843 19.6014 15414.1582 11434.4600 7393.1265 11913.5088 4022.3489 358.5012 1404.1167 8853.8184 8295.9004 8707.1973 6921.3457 1377.7374 2439.8547 3440.6311 282.9852 16419.4102 9236.2666 8284.3174 7276.8066 14798.4131 13222.1250 7066.8271 13860.1689 4162.5459 3099.4321 5649.1621 7376.5269 17867.5918 8001.5659 2189.1643 3639.9165 15662.4189 7136.9243 11413.4170
20008.9219 18657.1426 9106.3379 2853.1267 0.0000 10867.1729 19717.4961 14780.6865 4084.2568 11893.2363 10225.6914 15187.0518 5502.7578 5618.6099 18.3570 15688.2070 12021.9482 7782.2305 12176.9229 4094.8352 434.8382 1325.5978 9297.6973 8538.7998 9200.2139 7353.3721 1515.3405 2549.2905 3985.8989 273.2825 16967.3594 9521.0176 8553.7412 7269.7524 15380.0430 13805.6475 7278.1348 14415.0986 4208.5850 3157.2009 6323.5562 7661.6919 18235.2227 8251.7363 2082.5134 3588.5293 16023.5215 7346.3267 12022.9834
19471.3750 18441.8672 8830.3633 2876.5908 0.0000 10607.8291 18632.0859 14633.9990 3856.3711 11132.3535 9922.7256 14898.9033 5412.6689 5545.7227 14.7866 15696.9395 11727.8291 7539.8931 12108.7100 4041.1191 505.6230 1312.6776 9300.9590 8334.1494 8996.5430 7184.0142 1420.3245 2502.4446 3798.8655 249.4174 16808.4902 9344.8350 8371.6992 7060.5186 14996.1592 13205.4521 7368.6758 14072.7842 4287.7212 3060.7078 6125.3721 7575.9546 18175.1152 8204.2705 2252.7786 3604.7939 15700.4785 7218.1250 11965.3682
19876.1055 18664.1719 9001.2354 2730.7800 0.0000 10843.5029 19284.6016 14709.0977 3964.0303 12045.9570 10020.2930 15016.3750 5550.3804 5609.9692 17.2805 15844.1953 11664.5059 7754.2212 12136.2617 3998.0471 473.8885 1415.7041 9255.1680 8392.5117 9056.9375 7351.0693 1409.7429 2486.9814 3683.2109 271.2178 17020.1543 9590.2861 8516.9658 7460.3701 15279.8506 13808.7725 7244.3350 14213.3779 4266.0513 3184.4941 6097.8647 7580.2124 18154.7754 8238.2695 2302.3865 3656.9421 16023.2363 7399.3525 11821.0117
19974.4551 18980.3633 9293.5713 2868.3806 0.0000 10784.1631 19235.8555 14957.8057 3914.0947 11492.6045 10178.5957 15100.4736 5778.3413 5773.8906 16.1884 16081.5127 12046.7441 7868.2065 12361.1699 4036.5154 458.2872 1441.8781 9110.8516 8536.3936 8937.0830 7491.0571 1420.6385 2485.4241 3956.7537 279.6494 17110.9219 9530.1152 8586.5146 6986.1479 15391.4209 13628.3213 7285.6152 14224.9951 4303.5000 3064.9753 6437.1870 7775.6035 18219.7148 8377.2344 2073.6431 3818.8035 15900.6934 7362.8364 12262.0977
18533.4316 18048.5527 9028.6514 2791.1985 0.0000 10138.8799 17574.4023 14544.7871 3754.9844 10630.7988 9495.1699 14551.5625 5529.5376 5482.5615 19.0853 15397.1631 11400.9639 7301.8062 11868.2227 4014.6519 468.2062 1355.1376 8706.0771 8144.7051 8597.6377 6882.9443 1445.6719 2470.4983 3973.7065 259.9682 16323.8086 9112.0166 8142.3945 6669.1978 14499.4873 12748.6572 6886.1343 13538.0986 4042.8901 2952.1165 6401.9233 7554.5166 17730.8203 8126.1851 2135.4570 3783.1565 15360.2871 6959.6328 11439.8379
18938.4238 17504.6094 8459.8516 2735.3787 0.0000 10270.9834 18422.9609 14262.5996 3856.4309 11542.6738 9560.4326 13953.1045 5128.5117 5297.6641 17.3464 14907.7451 10862.5977 7150.3433 11501.2695 3894.5129 561.9507 1469.9144 8714.2227 7967.8374 8837.3545 6742.8779 1365.2123 2396.6313 3454.9133 288.7760 16344.4727 9129.2656 8080.9785 7324.8379 14457.3105 13148.2725 6874.7559 13658.0498 4132.2847 3078.1338 5774.8262 7194.0303 17657.1680 7740.9443 2388.4578 3649.1375 15632.1191 7117.4048 11228.4092
19916.7910 18612.6914 8962.6162 2855.0813 0.0000 10649.4111 19385.9531 15005.6924 4030.1196 11900.1943 10117.1279 14996.3203 5463.3623 5766.1948 20.2041 15897.3877 11672.1514 7748.6533 12256.5879 4181.9395 513.9530 1471.6338 9058.5879 8580.2051 9211.7568 7168.2690 1406.4886 2513.4189 3522.8225 282.9797 16919.8652 9518.5000 8621.0586 7259.7563 15120.4893 13597.2373 7095.9536 14016.2764 4290.2495 3104.7053 5949.3784 7616.2642 18135.2148 8198.9883 2250.1763 3705.8972 15915.1777 7388.6250 11783.8535
19778.2012 18429.4258 8893.4600 2733.4211 0.0000 10651.8311 19266.4395 14709.8164 3898.3916 11972.0625 9971.9775 14952.4658 5353.1392 5484.1084 20.8350 15575.5635 11592.5967 7551.9473 12142.6201 4015.1541 514.0334 1543.5642 9212.0771 8410.3076 9233.7529 7183.9390 1416.6547 2488.6204 3619.5601 290.3169 16920.7559 9484.1973 8478.6611 7442.4082 15247.3750 13619.6094 7008.2739 14079.0781 4164.4038 3166.5310 6226.6592 7466.1294 18148.3340 8132.5581 2499.3689 3853.8660 15972.0254 7428.5889 11729.2109
20442.1758 19059.7188 8868.1562 2860.8320 0.0000 10924.6748 19859.9277 14912.4971 3912.8550 11884.2295 10266.3965 15358.8828 5626.9697 5704.0664 20.1447 16094.6016 12127.6934 7903.0122 12319.6758 4081.9888 595.3161 1530.0680 9324.9678 8593.3555 9204.7588 7389.0713 1390.4265 2514.5334 3536.7898 285.7385 17168.2480 9538.1445 8593.8076 7235.7866 15557.8076 13836.7412 7279.0020 14269.4014 4370.5894 3153.8311 6141.7407 7801.9595 18339.2695 8490.2314 2005.4586 3770.5188 16049.8965 7379.5415 12070.4766
18833.1523 18489.4277 9450.9951 2909.9453 0.0000 10409.2842 18151.6758 14894.1826 3805.7576 10939.4424 9747.7832 14856.9277 5451.6943 5668.5288 13.9343 15410.2373 11609.0195 7507.4028 12081.1484 4189.8887 524.5594 1426.6827 8898.0293 8649.9883 8654.8789 7166.4858 1486.4420 2469.4780 4234.2822 268.8906 16555.6641 9220.9043 8444.6367 6796.5586 14811.8896 12998.9941 7065.4399 13759.0781 4206.4678 3038.1516 6471.3286 7625.6592 17909.8516 8230.5225 1926.8467 3821.8806 15513.7324 7068.9927 11645.0986
18724.0430 17415.7227 8529.2080 2627.3015 0.0000 10211.8311 18188.4609 14455.4697 3745.6653 11303.6963 9481.6494 14296.1064 5210.9302 5316.3887 17.6306 15099.6738 11106.1094 7112.8853 11579.0645 3911.0627 513.6827 1477.2847 8609.5342 7802.9741 8770.7939 6737.0146 1405.3191 2353.5369 3823.4395 278.9624 16212.7637 9135.6562 8110.4492 7077.1230 14495.8633 13046.1797 6883.6865 13796.3076 3974.5283 2979.1914 5886.3789 7215.8438 17554.1074 7712.1548 2250.8601 3656.9883 15535.6729 7011.3359 11351.1260
19705.6816 18402.1191 8643.9033 2802.3823 0.0000 10586.6738 18926.4961 14650.0674 3833.1536 11305.4863 9943.6348 14921.4434 5359.0093 5494.8521 24.5455 15810.9883 11755.6152 7516.4175 11979.4492 3981.4111 524.6546 1435.9657 9118.1309 8472.3799 8955.1484 7078.3018 1387.7267 2431.7920 3426.9187 281.2277 16738.0488 9449.5488 8446.8730 6972.6318 15081.1738 13397.7939 7140.2124 13830.0967 4029.5457 3040.8589 5735.1011 7546.7207 17920.6523 8074.3325 2103.0181 3646.4919 15748.1709 7253.4595 11921.1152
18812.9746 18000.4551 8993.4424 2809.9351 0.0000 10218.0615 17707.7637 14472.8818 3675.3130 10632.3359 9650.4180 14589.9590 5353.0020 5404.4902 23.3257 15459.2871 11300.6113 7354.3013 11822.9688 4047.2986 455.4653 1374.9792 8652.7246 8222.5195 8644.0098 6868.0005 1403.2783 2402.8503 3619.7629 261.0943 16363.8955 9125.1035 8224.0088 6713.9966 14624.3145 12916.3477 6964.1895 13972.7881 4202.4888 2976.6487 6183.7407 7475.7686 17693.9141 7954.3037 1993.0231 3638.0586 15320.2305 6987.7148 11483.3115
18830.3633 17408.3145 8469.7930 2713.8015 0.0000 10332.5127 18419.0781 14251.9336 3784.3086 11608.8311 9474.5898 14231.8203 5091.0601 5321.7583 18.1896 14927.9355 11025.8223 7173.3965 11540.7910 3923.0232 531.1301 1435.0128 8729.8213 8017.1831 8855.7549 6715.0337 1356.8552 2311.2979 3883.6094 275.5104 16216.2744 9091.3945 8073.4639 7214.4419 14532.6484 13220.7705 6888.2295 13509.6611 4028.4805 3034.4868 5766.5376 7188.4404 17524.2539 7790.0107 2221.5667 3586.3682 15600.2354 7086.4595 11304.9023
19543.1055 18494.4941 9137.8350 2768.9082 0.0000 10828.8047 19261.0039 14610.5420 4151.9292 11706.2686 10215.9658 15227.5420 5539.2954 5434.8232 16.7287 16087.2607 11779.9814 7773.6196 12100.4648 4025.2405 547.3460 1430.5786 9120.6943 8192.8809 9065.1914 7233.4380 1447.8921 2521.4438 4202.6865 277.5502 16851.0977 9497.8438 8448.6533 7228.2891 15116.9414 13507.3291 7217.4956 14101.2734 4187.3394 3112.0649 6368.1299 7541.5596 17986.4746 8149.5088 2010.2935 3541.1753 15825.0498 7027.7671 12038.9141
19411.8730 18008.7227 7691.9478 2746.2732 0.0000 10511.2549 18875.8242 14538.8203 3869.5334 11561.4639 9868.6943 14883.4766 5343.3672 5473.4355 14.8438 15420.3213 11481.8115 7559.5200 11991.3164 4024.0864 510.9081 1509.3112 8963.4863 7994.9019 9092.7305 7133.3716 1273.5848 2527.0774 2627.0583 267.9679 16730.6562 9508.1318 8381.1904 7244.1333 15100.2217 13321.4004 7046.5347 13993.0195 4135.0439 3090.9407 4727.1343 7475.6450 18005.8438 7816.9429 2232.4204 3556.0583 15793.0430 7240.0889 11595.0869
19958.4219 18790.7598 8373.5752 2800.0852 0.0000 10907.6914 20023.8887 14971.6279 4022.4739 11866.6904 10166.1904 15157.3330 5653.4512 5763.3794 20.0578 16108.2871 11989.1328 7935.4175 12350.9189 4051.2068 534.1483 1478.0347 9460.7979 8449.8516 9240.2705 7405.0249 1357.4028 2556.3071 3203.8892 281.8612 17209.6172 9595.1895 8660.0234 7318.4692 15473.2910 13836.3135 7390.9858 14549.4424 4324.4702 3116.5618 5417.0293 7759.9312 18411.8340 8243.6934 2177.7563 3782.2910 16054.3916 7391.4194 12212.6152
18988.3438 18744.0703 9174.6309 2841.5078 0.0000 10454.1816 18429.3008 15196.2500 3856.5115 11058.8438 9866.3291 14929.6660 5618.9004 5639.4028 20.5184 15613.1553 11810.7344 7635.9062 12257.6689 4234.3003 457.0817 1465.6355 8938.0234 8438.5420 8751.9287 7352.6909 1425.5027 2470.9871 3745.0251 274.6441 16713.8203 9309.5137 8658.4258 6873.5430 14747.6074 13131.4922 7095.8804 14150.8350 4106.9341 3032.0967 6236.4136 7669.9297 17959.0742 8329.9492 2145.0876 3590.2622 15564.8564 7173.6992 11949.5322
18915.1387 17870.8555 9097.7129 2722.1506 0.0000 10392.3965 18554.4922 14468.6777 3835.7178 11499.4453 9476.3848 14244.2988 5264.0347 5337.2085 19.6630 15090.1396 11063.5645 7258.9551 11659.5986 3992.2043 435.5444 1478.7885 8906.7422 7679.0547 8920.2402 6810.4385 1429.7009 2468.3733 4081.6174 277.1586 16342.3203 9147.3721 8190.0112 7195.4438 14699.4648 13241.1230 7023.5078 13596.1689 4097.4644 3025.6108 6428.2627 7230.8188 17776.5312 7918.5078 2232.9392 3491.5068 15632.5986 7112.3276 11407.3730
19762.2832 18682.2891 9311.1279 2796.8020 0.0000 10737.7100 19456.6875 15130.8867 3956.6687 11791.1357 10096.9541 15209.4404 5583.2939 5664.1963 15.8474 16168.7861 11731.3730 7715.4980 12254.2510 4192.8066 513.5994 1471.1293 9028.0801 8217.2725 9088.7324 7253.1948 1494.9008 2499.1692 3903.5779 276.7044 16931.5234 9449.9531 8706.4951 7173.0327 15194.5215 13588.2080 7149.1670 14108.9336 4135.8379 3178.8091 6425.6113 7629.3608 18222.7500 8189.7773 2168.7288 3624.4058 15869.9561 7295.2075 11872.6748
19786.3340 18561.5371 8891.4814 2728.4231 0.0000 10789.0244 19266.0508 14699.9502 3964.2007 12104.7051 9943.5000 14934.6826 5382.7095 5593.8325 20.4000 15662.9824 11769.9854 7607.3589 12107.5674 4010.6416 512.7208 1550.8856 9268.2178 8184.0859 9136.6416 7226.5845 1428.2477 2482.5620 3863.4045 303.3586 16862.7383 9428.7129 8530.1211 7560.8999 15168.6172 13724.7090 7235.7910 13894.2334 4220.7539 3202.6255 6106.1001 7491.7720 18040.5137 8177.4023 2378.4971 3594.5596 16006.0576 7383.7271 11809.4746
20285.0645 19123.6289 9530.5352 2841.6646 0.0000 11065.4473 19963.3926 14857.7891 3986.5444 11770.8809 10389.8369 15693.4482 5584.6069 5871.7124 24.2330 16300.9912 12184.8350 7964.8896 12413.2793 4078.3391 514.1369 1455.7703 9407.3311 8416.1484 9292.0039 7402.6982 1479.4705 2576.4106 4240.5376 268.4510 17381.6738 9686.5205 8614.9912 7213.8462 15622.1406 13768.6504 7338.7554 14392.9951 4339.6484 3147.2812 6622.8926 7857.5747 18427.5605 8602.3340 2104.6226 3810.9929 15983.1279 7422.2817 12382.9248
19037.0664 18512.7500 9733.3516 2950.3425 0.0000 10292.3379 17913.9629 14944.5498 3810.1516 10736.0156 9675.8330 14822.5732 5567.0308 5517.8013 13.2557 15536.8486 11611.2148 7406.1230 12079.4121 4216.9014 474.8989 1405.6819 8860.3535 8282.1240 8601.8916 6947.8452 1454.1538 2527.3201 3895.9341 258.0911 16545.6758 9160.2471 8463.5850 6764.9668 14768.3457 12950.8770 7079.1929 13809.8018 4239.6133 3003.8713 6644.2378 7634.2871 17846.4102 8273.5693 1999.9423 3870.5410 15405.9287 7145.0156 11661.9424
18993.3633 17545.5977 8982.5742 2711.6113 0.0000 10266.1455 18510.2207 14405.5010 3908.6140 11714.6992 9568.7441 14131.1797 5111.1040 5276.7822 15.8150 15131.5703 11068.0781 7231.6816 11625.3125 3909.5149 505.7776 1484.3624 8695.6426 8066.8555 8842.7783 6590.9946 1381.9310 2336.0967 3709.3796 281.2124 16302.1367 9362.0781 8214.7109 7329.7881 14661.7129 13253.9873 7057.5342 13545.3057 3943.1963 3060.7800 6025.2100 7247.9009 17637.5703 7851.3398 2375.8450 3485.4414 15738.7568 7247.6592 11404.6094
19927.5371 18631.3164 9249.3096 2827.5630 0.0000 10794.9424 19276.6172 14872.4326 3961.4370 11663.7568 10216.2070 15212.4111 5533.9365 5563.4756 19.0425 15773.9502 11768.2539 7751.8647 12112.9912 4102.6880 500.6547 1399.5435 9168.1562 8237.2686 9091.4219 7290.1582 1429.3193 2464.1450 3710.9895 282.1113 16913.7754 9412.5342 8589.9121 7139.9712 15293.2539 13563.5693 7142.4858 14093.0791 4177.7207 3063.3875 6194.2471 7591.9312 18103.4941 8321.5527 2264.9456 3496.2378 15829.1777 7306.7925 12051.7871
19239.6465 18432.9004 9451.2432 2860.0303 0.0000 10403.7158 18206.2988 14936.2070 3767.0171 10863.3711 9636.6172 14688.8730 5486.0918 5523.5552 15.5415 15456.0957 11402.1289 7372.1431 11978.5918 4202.0684 454.6423 1393.2657 8859.7344 8055.7163 8633.3711 7173.5264 1489.7883 2484.1262 4198.0854 269.0468 16505.6387 9218.7715 8376.6992 6710.4243 14741.4678 13045.4971 7011.8218 13876.9463 4194.7534 3039.2722 6729.9346 7542.4189 17750.5527 8266.5537 2073.6482 3499.3767 15523.5908 7200.2402 11574.5645
18692.9941 17609.1855 8899.0527 2658.1624 0.0000 10323.1426 18452.2012 14297.6738 3779.9644 11631.9688 9537.6650 14017.7324 5151.7446 5244.9712 14.9374 15121.9707 10982.3408 7204.1499 11561.6348 3899.1233 471.7998 1487.4159 8633.4365 7853.4907 8843.3359 6990.8618 1441.5597 2365.7368 4281.5830 277.1568 16373.1953 9210.9004 8125.9595 7213.6753 14416.5957 13061.9541 6833.7656 13430.3623 3999.6748 3106.4297 6260.0156 7170.2241 17678.5176 7821.4263 2306.6086 3507.8201 15591.2100 7099.1772 11162.4629
19872.3789 18741.1895 9195.4521 2786.4763 0.0000 10643.1133 19401.0664 14769.2168 4060.7998 11635.0723 10016.5879 15390.4639 5490.2202 5541.9580 19.7401 15503.5068 12002.5293 7806.6074 12190.5957 4056.4358 508.3076 1483.8414 9133.6279 8299.0352 9065.5059 7385.4302 1468.3423 2537.5161 3918.9507 261.4283 16978.5352 9535.2539 8607.3271 7265.5186 15183.0176 13662.0293 7184.7710 14093.0352 4131.6001 3118.3926 6287.8052 7657.2778 18155.2285 8217.5137 1884.9735 3570.5784 15862.6143 7363.4487 12167.0645
19133.0703 18422.4492 9211.5469 2798.6047 0.0000 10450.3193 18471.7246 14633.4971 3835.6736 11475.0381 9678.7158 14712.5186 5498.1182 5374.1069 22.4429 15356.8994 11564.8232 7509.3174 11964.3447 4051.8137 560.0879 1484.8833 9163.0850 8004.2329 8871.8115 7083.4307 1477.7716 2423.2231 3894.9236 277.2542 16654.3672 9324.4766 8287.0693 7260.5986 14860.6826 13253.2969 7260.3896 13985.0732 4190.5078 3131.6252 6258.4614 7554.0054 17724.6895 8174.0562 2244.4517 3442.9292 15675.5557 7164.0225 11700.4902
20079.9707 19042.9961 9286.9824 2830.4973 0.0000 10994.3965 20188.1953 14881.4033 3988.9875 12216.5791 10144.6787 15308.0098 5718.6499 5729.0186 21.2272 16140.0703 11981.9980 7839.0776 12251.0693 4068.5215 534.6450 1459.8534 9320.2373 8346.5020 9226.0215 7433.0508 1500.9292 2558.1750 3785.6489 282.2685 17224.8906 9564.9912 8604.0723 7427.7334 15630.1338 13942.9365 7416.7900 14243.6523 4244.3506 3199.7756 6326.7593 7752.8530 18286.1270 8420.9248 2347.6509 3596.2424 16211.5322 7525.9834 12265.4082
19300.0645 18841.5020 9665.9922 2840.3596 0.0000 10545.8994 18716.2148 15030.5029 3909.8689 11141.3340 9875.0488 14643.3379 5556.5410 5550.8120 23.6471 15558.2422 11531.9951 7636.1782 12305.3613 4144.9155 460.6769 1473.4541 9080.4443 8620.6953 8827.4824 7278.9478 1499.7557 2501.2493 4064.7148 268.6397 16766.0312 9347.9453 8758.9990 6884.8350 15046.5088 13290.1250 7201.3647 13986.1084 4197.6963 3101.0435 6722.1289 7592.7959 18096.4336 8499.1328 2009.1749 3768.2034 15599.7656 7239.6890 11590.3682
19383.7617 18089.2070 9084.2510 2715.1375 0.0000 10667.3174 19345.6641 14576.9688 3906.7590 11978.1895 9928.9551 14488.4531 5325.8633 5544.6387 19.2469 15523.2803 11334.1348 7458.4873 11860.6670 3963.7224 458.6285 1451.0367 8892.7109 8326.2168 9054.1143 6982.6553 1446.2870 2441.1025 3670.1091 291.2309 16717.0957 9467.6221 8418.7295 7437.5181 15006.1865 13673.4004 6999.2783 13997.1562 4142.3994 3149.7913 6063.5674 7328.1245 18035.0938 7966.2085 2326.3474 3628.9321 15930.5107 7315.4961 11726.6846
19892.8555 18870.9668 9419.3535 2949.1250 0.0000 10765.2617 19094.2852 14853.5391 3795.3293 11267.9541 10112.1152 15362.5830 5711.1812 5654.6416 21.0304 15912.1260 11902.8047 7916.1978 12335.5723 4096.4346 429.2376 1344.7902 9341.7578 8733.4160 8850.6426 7500.2856 1468.0811 2471.2783 3844.4343 265.5828 16955.3203 9549.7021 8542.0898 6929.3408 15255.6152 13552.3955 7218.9243 14251.4346 4245.2637 3093.3188 6559.0610 7685.7583 18132.3203 8334.7471 2055.0723 3790.2773 15774.0098 7364.2349 12129.1797
18003.7930 17582.4277 9302.7588 2720.8640 0.0000 10015.1807 17349.9531 14223.0801 3637.2563 10625.5527 9460.1836 14081.5439 5234.8779 5411.5151 21.8171 14818.2480 11083.9883 7000.3076 11563.9072 3847.3228 490.7946 1403.1533 8497.3105 7955.8281 8466.1143 6768.6274 1305.0829 2304.4045 3973.0471 266.9702 16084.8174 8809.6357 8007.4346 6762.8281 14241.1357 12548.4775 6752.0093 13309.5596 3902.9055 2898.7578 6620.5625 7319.3408 17550.8340 7988.8311 2111.3970 3661.0969 15086.8496 6870.5063 11282.2832
20125.0703 18803.4355 9250.4404 2669.8870 0.0000 10911.7178 20013.2949 14698.8818 4159.3896 12211.8428 10277.4619 15305.7793 5597.0122 5740.2368 19.0606 16254.7744 11965.3076 7840.9141 12198.5088 3963.7649 548.8953 1480.9275 9256.6973 8484.3301 9353.4092 7300.2876 1432.8881 2545.6475 3493.7292 292.4348 17080.4648 9814.4932 8598.5586 7460.0669 15418.4980 13969.4365 7226.9453 14365.2158 4170.2427 3157.8391 6387.6196 7688.2393 18258.7754 8222.0869 2363.6995 3660.4380 16193.9512 7376.6924 12183.6416
19293.8145 18728.7422 9579.4424 2832.6562 0.0000 10509.5898 18433.0273 14970.5000 3861.4946 10808.8223 9862.0752 15022.7393 5613.5996 5680.1602 23.1181 15612.8613 11732.8438 7727.2290 12225.0352 4143.5684 432.4599 1404.4277 9168.4912 8405.8809 8758.1523 7247.5996 1578.7875 2546.4207 4371.6641 269.5857 16804.8867 9308.1689 8567.4150 6756.4546 14859.6025 12912.7588 7180.1514 13946.2939 4229.1172 2979.1296 6818.0308 7682.5381 17994.5586 8427.7686 2007.0265 3644.5105 15495.9189 6843.7129 11834.9990
19122.3496 17315.0801 8814.1514 2714.9841 0.0000 10310.1143 18234.7500 14220.8535 3802.8982 11659.3193 9527.5156 13804.0332 5043.6948 5246.0801 21.1615 14812.8262 10775.2979 7141.1919 11465.3574 3928.0918 461.1198 1524.7607 8805.9746 7948.5820 9063.0703 6670.2783 1398.9938 2332.3831 3798.5024 286.0904 16289.3057 9127.6387 8050.8774 7386.8945 14427.6230 13104.5156 6857.8979 13355.1963 4047.8525 3059.1780 6171.9336 7099.3359 17702.5645 7618.3979 2399.7515 3699.5352 15701.7256 6997.3037 11226.0762
20462.9707 19178.8027 9294.9863 2928.2271 0.0000 10937.6621 19702.6504 15031.3320 3972.6450 11590.1553 10308.9004 15535.1299 5650.0249 5815.2861 16.8965 16396.3027 12181.5381 8080.0405 12455.0312 4169.2070 458.6399 1450.1553 9328.7588 8583.4102 9130.1953 7459.3018 1412.6166 2575.0562 3538.8931 277.2607 17267.9219 9682.9512 8653.0635 7045.9702 15677.0488 13924.3076 7452.7065 14878.1299 4473.8638 3144.3337 6440.5562 7807.5386 18303.2109 8494.0908 2075.9236 3780.9731 16021.2080 7462.4146 12224.8457
18473.7148 18009.1582 9412.7354 2831.8899 0.0000 10096.0508 17165.0020 14548.2930 3677.3584 10458.3506 9461.1797 13988.0732 5399.3242 5356.1455 20.6460 14999.1582 11086.5469 7236.3218 11764.5156 4058.5908 494.8386 1420.9459 8793.4844 8210.7441 8465.8018 6929.7319 1525.1111 2405.0820 4254.4424 271.2601 16235.4277 8958.2520 8184.9683 6659.2549 14304.7217 12592.4912 6934.9741 13361.5713 4173.4517 2955.0232 6857.3989 7403.4038 17627.1855 8247.3877 2038.6531 3620.1069 15159.9424 6965.1094 11211.8135
19152.2207 17256.4746 7705.0791 2670.7578 0.0000 10407.4688 18811.9688 14203.9600 4012.8264 12044.1367 9807.7725 14171.2451 5040.8672 5328.4253 17.1458 15162.2900 11070.9580 7269.8252 11676.6221 3845.8313 438.4735 1361.7007 8891.2451 8105.4688 8906.5508 6902.7715 1311.8884 2406.9836 2922.1702 284.0530 16234.6973 9331.5684 8194.7549 7537.8926 14790.6572 13557.1104 7030.3755 13972.3193 4043.5190 3129.5146 4594.3955 7170.9033 17754.8047 7582.8740 2295.7029 3590.0906 15926.5732 7258.2222 11423.4443
19742.2012 18524.6484 7854.7261 2796.8613 0.0000 10757.2881 18978.8691 15039.4023 3872.9910 11164.3760 10158.6475 15449.6748 5693.2417 5772.0850 19.4487 16438.1641 11956.5146 7897.5337 12326.3223 4130.8306 399.9874 1262.7821 9360.4443 8221.2773 8991.1787 7163.9717 1286.1499 2463.4014 2564.6223 266.1275 17044.9629 9516.7910 8549.0693 6899.2212 15402.2822 13494.2139 7277.1597 14149.0811 4320.4370 3069.6423 4690.8423 7649.2578 18252.8008 8127.7563 2078.9302 3626.7627 15745.0283 7355.8467 12207.1631
18580.4980 17150.2773 7050.9824 2703.1572 0.0000 10072.2900 17536.6172 14333.4629 3801.1450 10998.9678 9211.5664 14004.1064 5237.9189 5214.5078 18.3078 14772.7275 10791.4951 6902.1211 11426.8076 3913.4121 525.2592 1475.4657 8465.7881 7792.6133 8612.2344 6603.1709 1222.2769 2394.2510 2340.2283 272.2777 16057.4209 8827.7168 7963.8081 7008.7842 14253.7109 12709.3838 6750.8389 13186.9727 3892.1592 2982.4861 3980.9390 7236.0854 17445.8945 7565.1592 2043.6722 3682.2917 15362.4053 6891.9185 11018.6006
19987.2148 19044.9609 9018.4434 2891.6592 0.0000 11077.3018 20027.3066 15013.1260 3958.8000 12221.5576 10276.6055 15453.5449 5664.6538 5750.1299 12.3929 16178.6611 12113.7080 7937.0000 12382.7217 4188.1113 515.5633 1479.6758 9344.3213 8468.6650 9429.5078 7271.7466 1452.7300 2549.2820 4227.5649 284.4997 17298.4590 9654.9619 8717.8623 7490.3184 15607.2783 13942.4072 7390.0254 14342.1045 4296.5254 3198.5103 6100.3696 7711.1494 18383.7422 8334.1006 2233.3455 3728.0325 16197.7930 7494.2373 12217.9375
