15696.5205 14898.6396 12312.2559 4415.7676 5471.6992 15081.7207 15551.5596 17056.7852 5954.4414 16233.2871 12305.7197 15895.0713 2110.7417 4311.7148 263.1893 20071.1836 10893.7422 5741.4014 14584.9551 5808.9829 3351.1541 6234.5869 7629.2944 11752.8818 10731.9873 2967.2576 3220.9507 2566.7034 8870.7627 1708.8002 16340.1777 9220.7461 10565.4736 5864.3047 12782.4697 11142.6611 5151.2188 12740.2822 2168.8921 3995.7283 11657.5156 8627.5127 15899.1582 10134.1006 2925.8713 6161.4639 14689.4326 5994.7559 12028.3516
15688.4951 14580.5820 12085.7275 4361.9609 5533.0537 15087.2441 15541.0283 16840.2891 5906.8877 16595.7246 12160.6455 15623.7207 2097.0361 4262.9043 227.8418 20213.5918 10674.3379 5714.1030 14149.8857 5582.8604 3585.3730 6240.0791 7501.6133 11625.9404 10778.7061 2967.0779 3131.1670 2477.9143 8886.0186 1661.8656 16162.7412 9158.0654 10679.0605 6001.0220 12508.6602 10983.7402 5170.3345 12548.7363 2254.0891 3996.8384 11353.3428 8447.9619 16036.0801 9991.3457 2955.4773 5818.2231 14627.0469 6010.0498 11921.7773
15902.5078 14923.3760 12424.8281 4435.3027 5764.6216 15403.0947 15746.6084 16847.6289 6083.3408 16928.9434 12433.1924 16324.7295 2137.4622 4378.1040 242.8423 20379.1445 11025.3076 5826.0425 14479.0146 5636.9648 3613.0691 6347.0933 7461.5391 11633.3779 10892.8760 3130.5986 3155.3799 2564.4949 8947.0098 1714.7915 16325.9023 9529.5068 10995.8662 6171.4658 13092.4502 11567.6338 5229.0435 13307.7227 2320.3564 4051.3049 11426.4053 8592.5742 16219.5254 10114.6650 3000.1375 5929.3442 14958.4180 6299.8784 12231.1553
15905.5059 14900.2256 12541.8037 4370.7915 5768.7598 15265.5117 15764.2656 16933.6680 6014.7607 16676.0508 12412.3682 16166.7129 2119.7905 4286.0645 263.7446 20441.5977 10996.6104 5864.1636 14405.2568 5638.0498 3412.7329 6422.0405 7490.5278 11548.0576 10837.6553 2993.7444 3209.5945 2559.6487 9020.5449 1723.0526 16371.0869 9417.3232 10903.4268 6049.9829 12989.0703 11281.7529 5199.7354 12812.6846 2312.5847 4055.0242 11709.5801 8685.4854 16122.0049 10263.2656 2782.4932 6009.3633 14872.1807 6214.7495 12218.0205
16132.1797 14868.3984 12539.9736 4414.0508 5886.1592 15216.3350 15765.3359 17031.5625 5967.2324 16629.8379 12396.0137 16064.7236 2196.8059 4208.4204 234.0870 20355.0703 11099.2861 5818.0425 14440.8730 5617.1177 3356.2222 6238.7661 7571.3867 11775.6299 10800.5674 3060.8154 3215.1829 2554.4631 9110.2109 1672.4802 16462.0957 9378.9941 10866.7920 5992.7031 12908.8262 11318.6787 5193.3066 12721.9443 2242.0874 4060.2039 11837.3262 8707.1094 16073.3379 10343.7471 2905.4185 5887.0161 14832.3320 6233.4946 12105.8486
15881.9795 14928.7080 12574.4932 4447.1699 5656.9839 15252.5732 15749.9023 17020.5391 5970.2603 16714.2617 12403.7783 16091.5811 2259.5835 4202.0054 210.5493 20245.6426 10924.2812 5836.4263 14535.7061 5730.5684 3309.7363 6338.5386 7633.0972 11557.3242 10812.0703 3067.7539 3181.0569 2545.1055 9075.1133 1709.8240 16428.3516 9263.1064 10919.6709 6028.3120 12752.5977 11143.2637 5165.5117 12672.4551 2240.7883 4021.4119 11879.0449 8732.6699 16113.8271 10351.3643 2945.2778 6061.1865 14804.8232 6073.9453 12255.7646
15798.0967 14713.9131 12190.0234 4433.9922 5518.1880 15281.7080 15625.4473 16808.3047 6023.5137 16452.1543 12318.0059 16045.6240 2074.4192 4208.3652 239.0386 20345.7676 10896.5303 5781.3091 14411.0830 5623.5986 3133.8020 6455.3428 7580.1104 11503.3232 10688.0752 3003.0596 3147.7205 2559.2485 8929.9258 1751.2778 16279.1709 9447.3037 10903.1035 5948.5908 12943.0537 11393.4014 5145.7456 12883.0879 2245.6257 4040.0022 11450.5508 8574.7949 16068.4268 10137.8975 2925.3450 5906.7949 14880.7734 6254.5386 12098.3867
15520.3955 14544.7188 12472.7471 4467.1768 5663.7212 15053.1855 15395.8682 16620.2949 5834.6060 16332.1514 12217.1299 16022.5029 2091.1411 4200.9595 261.0757 19937.6465 10780.6543 5748.1001 14211.7129 5595.2466 3574.8335 6413.8359 7336.6099 11423.7158 10676.1348 3011.0835 3137.5728 2491.8164 9115.3252 1718.6533 16194.2051 9239.1797 10705.6982 5895.5986 12652.9844 11154.3203 5188.5513 12644.1104 2298.6389 3986.1577 11716.8750 8596.5703 15890.4873 10145.7822 2954.1526 5822.3096 14723.0166 6198.9087 11951.8086
15718.7822 14753.9121 12423.9287 4376.9673 5776.6846 15147.4531 15575.2783 16937.1074 6083.5464 16664.8184 12370.2510 16046.5205 2098.8079 4279.3584 251.7759 20228.5664 10840.7656 5856.4565 14360.6416 5634.6211 3451.6077 6421.9253 7491.0732 11448.7070 10759.3174 3060.0781 3181.5232 2544.2476 8919.8125 1697.7408 16309.5850 9350.3486 10549.8027 5972.1802 12806.7715 11195.4941 5148.7236 12822.8232 2272.4075 3981.6443 11517.2295 8599.5449 16009.8682 10105.8965 2961.7671 5967.1616 14848.7549 5971.2432 12098.1855
15956.0039 14859.5889 12349.2031 4340.0684 5567.6235 15184.5381 15680.5166 17032.2344 5746.0039 16720.2910 12323.5469 16108.4980 2206.1226 4310.7363 253.0296 20291.6543 10951.5977 5736.3188 14371.0381 5517.9839 3564.9250 6443.4360 7574.6641 11362.5371 10868.3691 2972.1599 3138.9446 2537.6804 8909.2930 1713.7443 16304.3252 9271.1162 10851.0332 6047.0083 12655.8838 10993.7480 5219.2583 12731.4756 2166.2231 4028.7573 11359.7383 8666.1895 16068.2451 10140.4668 2978.9763 5899.4097 14765.5889 5997.9116 12084.6836
16027.9580 14897.6895 12359.8574 4402.4409 5552.4478 15274.6729 15769.1270 16927.0430 6034.0889 16571.0977 12395.9463 16280.7236 2083.1663 4252.6445 232.5711 20173.1445 10925.2061 5881.4429 14377.0156 5599.9976 3421.3040 6335.5220 7726.1045 11839.0518 10845.5000 2952.5876 3145.3723 2520.5330 8961.6895 1707.8276 16373.0205 9380.6084 10949.5469 5984.5918 12937.1914 11327.0469 5229.8027 13038.0664 2292.1663 3977.5632 11511.0078 8655.5908 16102.7529 10244.2520 2961.2239 5987.6006 14846.7197 6315.7651 12161.2676
15366.0059 14731.3057 12545.0654 4481.4971 5554.7617 15050.4619 15265.6436 16958.7148 5815.9883 16212.2598 12146.0449 15772.9492 2141.4829 4189.0879 240.0648 19885.5703 10859.9463 5652.7651 14355.1689 5739.6792 3286.1487 6350.3550 7528.3999 11734.0156 10517.1553 3057.8647 3224.3237 2591.9912 9217.6084 1719.8920 16293.2236 9191.8867 10823.8174 5808.2549 12607.8672 11131.9844 5152.6982 12764.3438 2273.8406 4040.6296 11800.8428 8554.6504 15918.0459 10189.0928 2789.1970 5933.6143 14671.0410 6137.1006 12016.5303
15869.2695 14743.3125 12919.9160 4425.7402 5595.7690 15152.7783 15609.0195 16961.9277 6005.8584 16633.3086 12236.4043 15891.0781 2100.2393 4162.2373 264.0048 20069.0039 10814.3652 5831.3569 14349.4121 5683.9771 3584.4578 6541.0322 7411.4897 11651.1865 10762.5928 3039.5061 3205.5706 2604.4165 9015.5967 1732.7716 16222.0332 9299.0107 10712.8711 5954.5015 12672.1289 11310.8623 5177.4897 13027.7051 2262.7822 4040.9263 11791.0703 8478.4404 15930.9004 10122.9844 2818.2590 5896.2803 14742.5205 6140.2466 11869.0674
16012.9141 14937.3428 12491.3359 4418.8955 5699.3271 15204.4463 15900.5068 16958.7148 6117.6978 16577.3848 12480.6738 16018.3340 2206.6062 4278.3706 254.1960 20292.7773 10943.5859 5824.1348 14494.3418 5661.8511 3622.0752 6402.7529 7578.9243 11958.8818 10695.1055 3057.2263 3162.4709 2564.4893 8827.8896 1697.6035 16351.6758 9442.3174 10929.2754 5985.4878 12939.1895 11511.8857 5219.4370 13032.2510 2267.5906 3980.3999 11506.9590 8633.4707 16089.5000 10147.9111 2979.6216 6065.9663 14810.3438 6326.6079 12243.7861
15759.8350 14598.0850 12521.0137 4508.3101 5825.3618 14982.5352 15387.5703 16766.2344 5874.0200 16035.5117 12209.4541 15971.1943 2162.9531 4140.3140 252.6573 20325.1387 10916.2764 5646.7563 14310.6689 5659.2119 3646.7554 6372.2979 7387.4668 11673.6104 10595.4395 2990.8735 3195.3604 2539.2788 9250.7754 1721.4253 16186.3047 9141.8232 10698.1562 5779.3574 12567.9922 11005.1133 5104.2178 12599.4385 2203.8052 4002.9927 11546.7334 8610.7842 15868.0908 10148.9482 2852.9121 5921.3091 14544.6562 6122.4600 12012.1992
15806.6357 14720.8848 12207.8936 4382.2974 5669.1152 15039.4990 15625.7422 16677.8203 5933.3110 16833.3516 12309.1719 15721.1973 2144.3325 4256.1235 222.5726 20070.1035 10853.0615 5812.0166 14280.1523 5572.6367 3810.1130 6348.3433 7272.5674 11321.0811 10837.4287 3058.9783 3167.1809 2546.4185 8885.0586 1768.8025 16177.9004 9236.8389 10711.9521 6094.8955 12539.1777 11118.3867 5208.5952 12681.3467 2307.4202 3994.3828 11444.1582 8512.1699 15925.7949 10090.7207 2923.2529 5804.5171 14708.2539 6093.5605 12193.7998
16035.0098 14885.2930 12311.0684 4499.2065 5670.6235 15400.6055 15834.2734 16978.5605 6055.6079 16941.8008 12508.6836 16201.3369 2192.4893 4299.5024 211.6210 20358.6777 10980.5137 5859.6284 14520.9805 5594.6816 3745.5420 6338.6074 7464.8887 11794.2432 10900.0596 3099.7991 3159.4758 2578.2793 8922.7969 1747.0857 16424.7402 9505.3848 10987.0771 6118.7163 13053.8008 11523.3340 5239.3008 13261.9199 2271.3298 4049.7854 11400.4932 8630.6865 16169.4307 10136.4443 2891.5630 5949.1865 14958.1914 6323.3491 12235.6543
15832.7188 14967.7207 12762.7197 4480.2632 5906.7441 15176.2500 15786.1768 17015.8789 5971.5220 16511.0098 12404.3857 16256.2715 2147.4792 4327.0576 256.0315 20446.9883 11000.0684 5829.4253 14488.0469 5696.8472 3539.8467 6441.7168 7410.0527 11682.6973 10691.4033 3078.9031 3248.6418 2564.7310 9124.2969 1716.6949 16320.3594 9338.0039 10831.5420 5996.9751 12818.1387 11265.0205 5218.1221 12807.1797 2297.2573 4054.8003 11761.5498 8715.4648 16077.7559 10283.5293 2936.7493 5958.9844 14777.1230 6194.5371 12305.6201
15924.7617 14864.8477 12608.3115 4426.6528 5728.3696 15231.0791 15821.4902 17094.9727 6064.2412 16794.2988 12262.5205 16084.0508 2181.7371 4207.2583 229.9828 20448.1055 11067.3145 5746.3794 14489.8447 5646.5869 3387.9133 6322.8145 7402.0679 11790.4531 10821.0752 3083.3948 3224.8911 2612.7209 9057.7344 1697.1135 16396.9121 9321.1035 10948.0449 6024.2734 12749.7578 11164.0264 5218.6465 12570.0498 2383.1938 4074.0286 11696.7139 8662.4883 16109.8291 10222.5273 2960.3713 5964.4600 14789.5059 6035.5264 11977.7705
15877.7002 14730.2617 12283.0596 4361.7251 5567.1133 15171.0762 15841.2559 16965.4277 6060.7832 16845.0527 12316.6250 16063.0400 2154.5491 4177.8525 212.0242 20127.5684 10905.2559 5790.3135 14460.5537 5624.1509 3335.0659 6335.8198 7492.4839 11727.0303 10827.0693 3046.5486 3157.0737 2520.1228 8982.1182 1702.8531 16316.7764 9474.5244 10987.0908 6062.6392 12948.8887 11377.1162 5263.3857 13072.8154 2303.6526 4061.0339 11315.8740 8621.5000 16091.7773 10120.2803 2966.1780 5936.4932 14815.1426 6316.6880 12079.5518
15959.4736 14788.0391 12514.0146 4435.9644 5662.9658 15162.8174 15795.3467 16833.0996 6048.8989 16594.4805 12285.3877 16227.3682 2255.2478 4338.3550 214.6460 20533.2012 10952.4238 5776.9751 14376.3242 5605.9731 3511.7747 6455.5562 7606.0850 11626.9473 10833.5176 3053.6604 3179.0437 2565.5269 9050.6924 1732.1675 16284.0674 9369.6982 10771.1533 6021.1646 12818.7764 11243.6943 5220.8994 12697.3330 2341.3276 4050.4043 11597.1699 8679.3486 16046.0068 10244.2920 2970.6973 5872.1768 14714.1611 6189.3760 12109.9424
15801.5430 14833.1729 12597.3232 4472.7803 5398.5347 15129.7842 15646.8125 16999.0000 5859.0796 16553.6035 12253.9316 16071.0029 2131.9517 4242.7788 256.1776 20421.1895 10894.7256 5857.4551 14434.5410 5645.5684 3478.1497 6485.8389 7553.0884 11752.5557 10749.6396 3164.1736 3187.5347 2571.8599 9053.5625 1701.3068 16253.4238 9149.8105 10692.3955 5943.8691 12567.7305 10981.4854 5205.1113 12595.0078 2279.7969 4048.0857 11704.5088 8613.1914 15987.9238 10133.1680 2889.5444 5924.5239 14692.0078 5955.0693 12098.7100
15939.1035 14786.6611 12241.2871 4371.8354 5508.3608 15224.6143 15538.2197 16991.7441 6057.4375 16557.5918 12310.7227 15969.1816 2133.1396 4203.0879 266.8141 20162.9062 10831.5869 5698.0557 14428.4512 5660.6885 3480.1204 6447.3818 7498.4976 11552.2861 10788.2070 3151.0408 3140.2461 2525.7493 8896.7236 1645.7600 16336.7695 9480.1211 10920.2910 6013.5781 13052.2061 11597.9355 5100.7666 13024.9414 2210.9182 3996.6206 11418.0381 8559.2910 16065.7383 10112.1182 2754.3013 5822.9839 14941.7148 6425.4326 11811.4248
15957.9424 14885.3301 12324.3740 4359.3555 5795.9458 15340.1748 15788.5049 16915.3125 6044.4385 16839.4062 12468.4834 16156.9902 2147.8726 4291.0474 253.6773 20371.0488 10970.5186 5827.9253 14388.7178 5578.8716 3648.8833 6431.7070 7703.7178 11839.4697 10904.5176 3020.4048 3153.8784 2512.6445 8933.0625 1709.4619 16358.5215 9340.5117 10935.9170 6087.0972 13008.4863 11448.9473 5304.5835 13065.4434 2263.0535 3991.6965 11347.6367 8607.3320 16110.6338 10249.0723 2994.7581 6072.6396 14926.1230 6242.2041 12137.6934
16034.8096 14989.5244 13185.2100 4379.2578 5711.9009 15322.6953 15767.7305 16988.4492 5890.1421 16533.1016 12512.8320 16139.5684 2225.0620 4350.8755 242.4475 20488.7598 11004.7871 5806.3662 14517.2725 5715.6309 3609.0510 6297.8198 7542.9448 11619.6406 10781.6953 3052.3728 3235.8918 2569.4146 9192.4805 1668.7740 16427.6543 9393.7852 10909.8867 5973.7266 12980.5449 11342.3789 5196.6104 13080.3301 2230.4421 4070.7881 11774.8828 8695.0908 16079.5371 10214.1807 2962.0718 6056.3892 14866.2510 6221.8608 12281.2627
15678.7295 14879.7285 12597.8330 4478.6445 5380.3613 15155.5098 15656.6855 16960.6699 6015.2822 16563.5215 12299.6699 16077.5820 2169.0391 4167.9185 222.3725 20312.8398 10970.2344 5798.4102 14486.9004 5616.3833 3416.1987 6248.0615 7638.5527 11861.7871 10726.4385 3117.8369 3225.4949 2591.3459 9006.0371 1612.7987 16376.1826 9495.1123 10888.3799 6014.7515 12895.4521 11423.5840 5199.0679 13051.3428 2298.2903 4055.4985 11630.2930 8620.7305 16061.4785 10167.5459 3131.4500 5991.8662 14831.2578 6309.8472 12223.8203
15479.3711 14681.0801 12209.2412 4316.9360 5747.7476 15059.7217 15333.9639 16824.4004 5816.4082 16256.1191 12155.1113 15905.1445 2060.5532 4140.3223 232.6926 20013.5762 10778.8691 5663.6899 14220.3291 5560.2852 3482.0735 6294.1216 7465.8281 11333.7754 10607.6650 2853.8005 3153.3857 2498.7112 8888.8408 1732.9554 16214.3145 9199.5020 10718.6836 5895.1562 12655.7637 11126.0264 5054.1011 12788.8672 2168.0664 3972.3630 11528.0703 8604.8799 16001.1426 10140.2822 2911.6470 5824.7178 14708.2178 6162.2944 11809.9111
15831.3281 14796.0586 12394.6094 4445.2046 5904.4053 15061.3301 15601.5947 16814.9004 5874.4609 16539.4863 12435.6904 15979.5205 2139.4031 4256.3311 272.1492 20288.4609 10864.1211 5808.9189 14453.4609 5660.7310 3649.2104 6350.0034 7378.8394 11853.9863 10792.4424 3026.4053 3204.8972 2570.1375 8986.6309 1719.8116 16323.1074 9285.7109 10593.5195 5955.0010 12695.5312 11183.2822 5081.2510 12837.8066 2267.2095 4034.0745 11506.6416 8596.5186 15997.8936 10162.2490 2906.7576 5896.7490 14762.7520 6071.5210 12015.4209
15920.5791 15019.9814 12369.7471 4454.4092 5723.8989 15221.6602 15782.4805 17100.8711 5944.0859 16855.5625 12465.2568 16074.9004 2133.2708 4193.2808 246.5723 20354.7578 10943.2842 5805.6489 14507.5186 5645.6587 3482.9639 6376.4092 7537.1616 11277.3428 10916.8662 3051.9133 3170.5205 2596.0710 8964.6953 1728.1952 16432.4277 9296.2812 10833.8857 6092.0693 12694.4326 11188.9717 5222.4468 12589.4023 2214.8770 4056.1262 11599.8496 8619.6514 16149.3525 10183.4082 2999.5452 6160.3496 14851.4365 5998.2056 12098.3848
16050.4502 14913.2500 12243.0957 4424.0454 5476.8691 15272.1572 15784.4834 17120.7734 6163.5586 16846.1250 12405.9307 16123.9023 2162.7378 4302.6758 218.9190 20391.1504 11011.8818 5848.6450 14546.4111 5652.1431 3317.4788 6343.2231 7498.1216 11572.3340 10901.0361 3069.4663 3171.7014 2536.1956 8891.4746 1733.9988 16387.1582 9506.6230 10961.2080 6062.1294 12991.1914 11510.7070 5250.5659 13022.6191 2343.0627 4074.2402 11577.3760 8683.7510 16117.7686 10216.7295 2972.5034 5958.9248 14906.9834 6300.8359 12366.2998
15751.9580 14708.0117 12532.8027 4352.6768 5496.9131 15192.3721 15555.5801 16830.0938 5958.8135 16533.8887 12260.3193 16012.3047 2186.2449 4308.7251 241.6090 20072.6895 10943.9463 5814.3496 14330.7549 5668.3521 3529.4890 6397.7783 7555.8130 11451.2324 10863.9639 3008.8625 3164.2341 2530.3579 9081.2275 1692.3424 16284.1787 9295.2236 10750.0967 5957.3574 12761.8662 11165.2900 5142.3740 12718.8252 2222.9526 4032.8845 11653.8447 8687.7412 15997.5840 10220.3262 2844.2839 5957.1431 14690.5879 6154.8237 12107.3369
15689.9678 14881.7559 12421.7109 4364.3862 5603.0288 15200.2188 15530.0791 16919.1953 5936.4473 16520.7617 12309.4102 16038.1768 2073.6011 4247.6592 229.8999 20188.2871 10839.8398 5793.2275 14471.7031 5681.6206 3174.6140 6137.6216 7580.1284 11404.9424 10697.8174 3006.6296 3151.6646 2530.8035 9002.1426 1678.9674 16341.5020 9248.5771 10604.4141 5945.8862 12627.3555 11007.9053 5157.5200 12536.6807 2257.4065 3960.1860 11737.1924 8661.3984 15981.2900 10258.8350 2917.6968 5908.1821 14708.0830 5844.6162 12029.5488
15679.0898 14858.1123 12162.6641 4371.5845 5645.4639 15110.2295 15407.2432 16969.7988 5958.1987 16388.9590 12207.2842 15924.9795 2071.0330 4115.5977 215.5731 20031.0684 10734.7158 5700.4722 14376.4785 5682.2852 3132.4497 6166.1260 7428.5996 11403.0215 10535.6543 3078.1350 3153.0842 2551.5818 8741.0400 1725.7029 16194.0635 9273.1309 10848.8857 5930.6909 12774.4111 11270.7227 5138.3589 12886.9062 2204.0728 4029.6863 11687.4121 8538.1748 16007.8701 10166.3330 2923.3748 5873.1836 14720.2598 6227.2983 11952.5107
15563.0459 14436.2754 12205.1484 4343.2627 5890.9541 14981.4746 15352.1152 16723.8418 5862.7070 16275.4141 12097.8096 15668.5449 2085.1797 4122.1851 248.8059 19853.6426 10660.4346 5732.5508 14197.4883 5642.6562 3322.0117 6313.8701 7408.7280 11399.5654 10576.3594 2920.1533 3160.4900 2565.4631 8845.5342 1691.1729 16115.7246 9153.4980 10677.8623 5881.6611 12617.2529 11099.8311 5172.5625 12716.1113 2273.0251 3944.4392 11475.3838 8468.5811 15911.8242 10013.4521 2936.3474 5900.8330 14681.8115 6104.9189 11709.0967
15630.5566 14784.4795 12312.7432 4305.6626 5829.2695 14992.2246 15586.3096 16906.2754 5915.9922 16508.4746 12237.7188 15853.2891 2137.2361 4324.6924 252.5708 20168.2188 10878.2783 5773.2769 14345.4316 5561.0981 3425.3989 6414.1177 7413.6401 11283.2861 10754.7676 2853.1494 3121.1667 2531.4983 8968.6455 1717.8414 16261.5029 9172.0977 10737.3066 5940.6460 12579.0762 10959.5928 5140.3906 12677.2197 2209.3616 3943.2971 11436.5049 8553.6816 16098.9375 10154.5479 2925.0181 5979.6704 14631.9414 6078.3604 12123.6709
15817.4922 14732.6367 12066.3467 4431.9683 5524.0278 15229.9307 15455.4268 16961.3301 6048.7925 16571.3008 12364.0430 16132.3662 2151.1218 4307.4746 249.1970 20078.0195 10890.7354 5749.4282 14410.4160 5602.1602 3542.2529 6405.7158 7444.1250 11468.6152 10688.7334 3020.7898 3182.6201 2545.4187 8990.0801 1712.1993 16236.5635 9453.7090 10881.7021 6000.9199 12901.7793 11247.6670 5245.5034 12966.0967 2242.0164 4032.8882 11561.6045 8530.2559 16008.2275 10112.1328 2973.3760 5921.8564 14816.3965 6247.6714 12195.0674
15689.4941 14882.9336 12399.1045 4379.4312 5980.8760 15196.2578 15580.8076 16996.7617 5935.0142 16507.7617 12386.6621 16140.2598 2130.9949 4347.0376 241.5652 20402.9883 11002.8740 5832.5728 14416.3398 5685.2070 3381.0459 6243.8521 7482.9165 11729.2363 10783.8965 2946.7327 3219.8054 2550.3862 9214.5186 1684.8606 16316.5303 9337.1787 10867.0049 5982.6636 12794.1787 11217.2314 5129.2383 12898.0586 2299.9995 4049.5413 11799.3486 8698.0498 16040.9805 10207.6846 2912.2842 5863.4546 14755.0840 6162.6909 12198.5254
16011.2695 14865.8564 12543.0674 4432.2627 5823.5112 15278.4541 15751.4873 17048.6582 6021.1226 16600.6602 12463.1807 15998.0576 2121.1968 4398.5547 241.1834 20191.7695 10950.5684 5757.3115 14578.5117 5648.6250 3470.7051 6364.0947 7579.2671 11893.5371 10782.8857 3035.5422 3209.7454 2513.6301 9031.3438 1723.9739 16409.1562 9503.6914 10935.5244 6039.6929 13110.5127 11617.4268 5220.2456 13364.1260 2239.0251 4032.2705 11577.1582 8654.0820 16027.4482 10162.5586 2842.3911 5965.5679 14874.9082 6270.3633 12144.2129
15893.3682 14758.0732 12153.7607 4377.1851 5545.1489 15220.3779 15621.3564 16832.0781 5996.4282 16549.9707 12293.7568 16107.6719 2192.9253 4141.6826 243.4706 20131.0645 10857.6973 5792.5327 14344.2139 5668.7383 3648.1533 6353.1445 7531.5825 11410.4297 10798.7158 2999.6729 3190.9651 2565.1091 8880.4424 1709.6271 16360.1494 9380.8604 10855.1475 5967.4819 12895.7949 11272.6533 5152.9893 12838.7002 2178.6541 4027.5334 11526.6377 8573.7715 16043.4697 10113.6680 2959.0483 5974.9189 14747.9541 6302.9717 12081.8633
15820.8594 14825.8740 12320.4629 4397.4956 5513.7271 15130.3291 15619.2158 16981.4258 6118.5464 16365.9238 12356.0010 15917.2295 2153.2749 4202.5396 248.0040 20141.1504 10844.3135 5833.5464 14470.4492 5713.7593 3480.2192 6328.5757 7443.0859 11807.8271 10683.4961 3100.4429 3192.7339 2594.9331 8908.3398 1689.7976 16331.7695 9280.1875 10538.2725 5859.7271 12695.3926 11093.5469 5171.5312 12528.6973 2288.3843 3999.3118 11633.3203 8672.7881 15940.5352 10139.2227 2806.5503 6086.3320 14692.3838 5958.8354 12202.5156
16069.7275 14758.7744 12365.8623 4444.3472 5471.6055 15237.7236 15596.3877 16876.5176 6067.9346 16597.4941 12408.8535 15894.2314 2160.6584 4359.2920 262.7512 20304.6699 10802.4062 5773.4565 14438.1016 5638.3125 3336.7109 6350.2271 7472.6699 11802.6797 10816.8848 3011.2373 3189.0479 2537.5701 8829.1152 1650.9592 16318.7754 9408.6367 10933.1279 6019.3979 12912.6562 11450.0938 5227.6040 12843.6279 2228.6111 4024.9116 11406.9502 8560.6758 16083.5605 10009.1787 2764.5598 5913.7939 14972.6191 6295.0439 12078.0410
15840.9922 14771.7754 12464.6416 4450.6406 5751.5884 15265.3848 15730.6689 16960.7461 6084.1323 16586.1445 12295.1807 16045.9971 2131.5725 4244.4219 246.7583 20179.0527 10846.3164 5748.3496 14358.9844 5636.0947 3488.5229 6354.7397 7465.5151 11549.7314 10802.8682 3029.2571 3160.7927 2526.1375 8986.1836 1721.2469 16274.2529 9359.6904 10884.8643 6011.9106 12794.3623 11283.4473 5177.6206 12961.2393 2329.5808 4029.0486 11572.4863 8585.8857 16056.5820 10223.2393 2964.3459 5763.7266 14848.6699 6261.4087 12065.2734
15871.3594 14846.9824 12543.9785 4479.7158 5786.5005 15166.0127 15855.7920 16813.1289 5920.2881 16564.9766 12452.1494 16297.1025 2153.9602 4427.2607 245.7064 20654.6816 10977.2158 5927.5483 14500.1279 5662.4937 3539.8503 6373.2246 7582.3799 11693.6582 10847.3857 3195.1482 3167.5522 2565.1121 9008.0410 1726.8044 16366.3633 9229.2070 10510.7705 5982.6777 12628.5312 11091.3467 5234.3945 12449.8877 2161.1770 4007.6934 11615.3535 8632.9863 15969.8252 10178.5391 2885.0476 6041.5522 14710.4805 5813.7144 12178.4092
16015.1455 14736.6631 12199.3594 4431.3198 5505.0503 15204.9697 15782.5400 16860.0449 6118.0137 16945.2090 12346.9775 15911.2744 2168.7812 4338.9980 221.1938 20205.0508 10868.5020 5807.9419 14386.8203 5660.9082 3312.6816 6371.2847 7468.8394 11875.0000 10902.3955 3085.9072 3145.0510 2552.7888 8892.5703 1740.8834 16325.8291 9247.8848 10571.2949 6123.4761 12747.2500 11138.7275 5133.4644 12633.8252 2279.0081 4028.0266 11581.3213 8591.9092 15983.4395 10052.4385 2965.4832 6063.4634 14798.9219 5898.9814 12084.1934
16038.6797 15035.8779 12530.8428 4425.0063 5733.3828 15479.6094 15989.0605 17038.4414 6073.0991 16928.9941 12513.9756 16232.6318 2185.6804 4263.3618 222.9082 20461.9590 11085.0010 5904.5830 14612.6826 5706.2588 3183.4553 6263.0229 7618.1890 11750.8945 10917.2051 3134.5828 3164.4255 2527.5896 8983.5439 1741.5468 16509.8242 9575.8750 11053.8965 6122.9546 13077.1357 11482.0859 5301.7959 13130.9990 2352.2795 4040.6709 11688.9014 8715.2334 16209.5410 10227.8740 3062.1763 6020.9717 14948.0654 6298.2354 12378.6016
15713.7305 14891.5977 12570.5010 4449.6572 5681.3867 15192.1230 15514.1729 16926.2148 5860.6055 16319.5068 12182.9141 16056.0508 2156.7280 4181.1606 258.9703 20028.6895 10855.9658 5701.3584 14350.0703 5666.2832 3342.6543 6332.8999 7563.5444 11643.0254 10645.3418 2930.8533 3169.3726 2519.5242 9097.7070 1718.9980 16258.5586 9196.1357 10912.8848 5904.4937 12814.9785 11245.7793 5170.2617 12938.9141 2290.8513 4038.9922 11691.8721 8649.7305 16017.9951 10293.5840 2856.8621 5919.1357 14754.3457 6207.3232 12010.4707
15672.5273 14746.8496 12478.1826 4431.7749 5483.3604 15103.5430 15651.4072 16802.0938 5838.6196 16523.7031 12314.6113 16036.2451 2105.2346 4254.0542 231.1335 20237.5547 10848.1953 5818.7285 14351.4785 5681.3066 3756.9026 6403.2334 7516.6890 11609.0850 10796.9648 3099.7117 3190.4404 2502.5232 8960.7793 1715.6743 16262.5254 9110.0381 10805.1572 5975.6875 12564.8760 10941.0273 5209.0029 12633.9697 2236.7852 4015.6118 11589.4004 8570.2705 15994.2900 10154.4766 2864.6235 5911.9844 14665.6055 5952.0684 11947.8984
16023.9297 14611.8242 12203.7422 4405.4331 5784.8999 15135.3848 15657.2148 16771.6484 5832.6499 16740.3418 12323.1602 15909.7100 2123.7739 4248.2100 243.4123 20636.6582 10831.3369 5763.8799 14300.0820 5545.7461 3771.6624 6414.4302 7419.3613 11548.4561 10822.9814 3001.5388 3164.1841 2572.2261 8964.7275 1761.2977 16286.6377 9121.8828 10681.9023 6066.3965 12435.9160 10772.9531 5122.6611 12165.9854 2227.9314 4004.2478 11417.5879 8516.9668 16049.0850 10122.9863 2841.6338 5987.8066 14752.4629 5786.8589 12057.0156
15844.5664 14994.1260 12322.4902 4459.7295 5736.8428 15411.4688 15791.9775 16920.4980 6083.0796 16775.4844 12462.0488 16108.7607 2161.8992 4271.3667 262.9285 20636.9902 11062.7764 5874.9854 14511.6611 5619.2466 3404.7688 6374.9023 7654.2466 11570.3613 10821.4355 3069.1311 3164.6230 2605.4243 9016.5498 1739.1288 16414.8184 9495.2373 10974.6602 6097.1519 13028.9102 11480.6621 5281.2275 13047.8721 2384.6379 4062.8440 11650.4219 8657.5283 16199.2939 10242.9561 3042.6790 5994.0034 14986.5352 6285.8672 12170.5820
15721.2188 14810.3428 12801.0469 4422.4517 5438.6377 14992.1006 15481.1592 16936.6738 5838.3442 16291.7109 12190.3018 15965.2686 2135.3752 4167.7681 241.2885 20115.8613 10954.6875 5806.3711 14278.0371 5701.6079 3425.9097 6326.8052 7582.3384 11503.2100 10634.7334 2979.8167 3222.6438 2528.4678 9345.3281 1671.9010 16227.2939 9279.2051 10656.5342 5831.8867 12740.6670 11114.7256 5173.8335 12618.7148 2178.3201 4003.5476 11905.8379 8664.0381 15949.5234 10265.1094 2807.5708 5983.2163 14651.7842 6149.6279 12136.1045
15757.3525 14770.0205 12473.6650 4405.3794 5384.0303 15239.3125 15610.0752 16872.6152 5906.3716 16365.3125 12364.2080 16124.0742 2154.4282 4246.1729 246.3840 20051.6504 10915.5098 5786.1812 14349.9629 5642.5957 3360.2781 6337.4736 7649.2134 11688.1426 10723.1016 3034.6604 3186.6807 2544.1863 9105.1572 1662.5999 16273.0371 9363.4375 10804.3379 5947.8022 12955.9756 11427.1660 5180.7930 13054.4834 2354.9543 4007.7710 11623.7744 8573.2041 16023.9951 10140.1172 2884.8884 5863.8286 14724.1992 6201.6216 12055.6328
15663.1934 14584.4941 11955.8535 4397.1792 5735.1440 15075.1328 15453.0488 16870.7012 5993.8755 16429.2891 12228.5566 15789.3320 2092.2588 4267.1880 264.9965 19859.2949 10862.2969 5772.3135 14256.8076 5629.9097 3674.1829 6466.7910 7345.6235 11536.3535 10625.5762 3071.9258 3115.0972 2483.0657 8747.4492 1735.8751 16226.7598 9308.5508 10875.7988 5939.1392 12705.5703 11233.8623 5101.2690 12745.6152 2245.0994 3958.5308 11262.3408 8494.5234 15978.4541 9987.1377 2934.2104 5906.8301 14736.4238 6197.9351 11936.4854
15824.0088 14866.8730 12452.1113 4390.7563 5720.2554 15156.7617 15746.3301 16916.4551 5872.1714 16698.8301 12458.6230 16060.2861 2142.8228 4310.6353 267.5117 20331.9922 10941.5947 5857.3848 14380.3809 5700.1318 3656.4719 6487.2021 7485.4956 11712.4805 10813.6777 2964.8127 3197.5588 2580.7034 9077.4180 1706.1938 16340.2559 9286.1152 10772.8613 6025.9941 12791.8643 11219.9062 5226.5923 12603.9512 2252.3716 4028.4602 11533.9287 8587.2930 16001.9932 10190.3721 2924.8801 5822.6812 14815.5771 6105.0459 12247.0859
16171.7637 14949.8770 12663.5156 4386.3330 5799.5732 15396.2803 15931.1377 17044.0664 6129.8052 17080.7871 12494.8350 16236.9951 2119.1921 4310.3193 272.6861 20411.7617 11070.2246 5790.1006 14538.1143 5714.6929 3429.5312 6500.0264 7675.2583 11727.5029 11013.0713 3089.9094 3263.9634 2631.5493 9146.4570 1741.6284 16411.4590 9354.2637 10938.2764 6163.0562 12961.0957 11432.6963 5273.6665 12913.5186 2201.8423 4129.9653 11833.9307 8675.5029 16108.3857 10253.3613 2989.5347 6073.8379 14917.3799 6254.4204 12117.9141
16023.8857 15344.3770 13253.8389 4492.7349 5712.6055 15521.9189 16116.9521 17143.9766 5984.8271 17020.6309 12696.8711 16417.2539 2179.6438 4414.5171 238.7912 20889.6699 11162.6797 5923.4937 14730.9346 5756.3481 3650.4802 6401.2300 7762.9785 11531.7246 11003.4092 3036.0320 3241.1995 2630.9116 9290.7266 1749.0122 16652.9980 9465.5098 11005.0947 6142.7871 13155.3711 11484.9824 5282.6226 13221.9141 2239.1191 4125.5747 12037.0371 8780.6602 16255.6992 10379.0615 2978.8384 5994.7095 14968.7158 6285.5186 12381.2051
15912.0303 15243.4883 12874.8281 4523.1426 5351.6294 15434.7383 15929.0928 17109.3242 6052.6245 16640.5391 12448.6172 16307.0420 2209.6621 4353.6230 223.3896 20574.0332 11107.4404 5855.1963 14630.2217 5714.2173 3331.4565 6363.7852 7652.0815 11761.6992 10873.4561 3073.3955 3210.3506 2583.5352 9198.2793 1669.8976 16524.2285 9577.7275 11126.1670 6012.1929 13109.4453 11558.1543 5166.3896 13111.0420 2231.5894 4094.2822 11898.8965 8721.5098 16210.5850 10431.6943 3010.9929 6062.5928 14943.0439 6436.9150 12272.7129
15631.9121 14506.2539 12431.7686 4420.7949 5384.1411 15013.2598 15252.7969 16652.1836 5919.0122 16170.1992 12041.6074 15801.1787 2074.2158 4135.2012 247.2585 19879.5293 10810.7432 5676.0063 14150.3916 5599.2207 3480.8191 6313.5825 7453.2388 11590.6221 10577.7197 2998.1680 3152.1365 2474.6716 8940.2119 1706.1859 16068.6855 9218.9375 10678.0322 5830.7915 12565.7051 10945.7764 5086.3340 12536.7246 2257.1167 3999.7927 11668.0488 8599.9727 15903.0713 10201.1309 2862.4951 5891.8960 14615.0020 6156.0298 11835.2510
15878.4111 14655.5625 12447.0391 4376.5439 5462.8013 14985.3545 15509.4785 16841.4004 5779.6934 16309.3926 12172.7197 16027.1533 2126.7705 4197.5449 246.7409 20137.5703 10855.4678 5792.1606 14180.0146 5572.6748 3594.2661 6277.9346 7303.9565 11720.0068 10596.2637 2969.6877 3145.1101 2514.8997 8871.0020 1666.4391 16137.4551 9133.3252 10366.8887 5826.2051 12531.0850 10913.1475 5146.7700 12685.4238 2272.7476 3917.5588 11502.7246 8564.9189 15779.5752 10080.6826 2972.9961 5899.6104 14691.4531 5743.7715 11975.9844
15830.6602 14580.7188 12106.5967 4379.4194 5818.5322 15150.6113 15461.4551 16881.6289 6112.7827 16593.5410 12246.4326 15826.2949 2115.4197 4122.3696 240.2793 19952.2578 10689.2432 5752.3179 14203.6982 5559.9551 3400.1223 6379.4482 7466.5986 11643.2178 10669.0527 3037.4688 3145.8025 2510.8406 8861.9824 1669.9104 16212.7607 9371.5449 10783.2734 6007.5918 12746.1074 11357.1602 5077.4653 12842.4346 2233.9788 4003.7146 11387.4795 8507.3096 15942.5215 10021.7646 3066.3303 5791.0098 14793.1387 6262.0557 11842.9053
15724.9678 14545.0039 12120.1631 4388.2739 5993.9722 15149.0244 15525.0127 16739.8477 5931.9634 16639.5254 12225.6787 15924.5439 2117.5474 4169.6787 250.2155 20002.2852 10901.1309 5789.8101 14248.8008 5616.0571 3651.2529 6474.1045 7483.5161 11509.4639 10831.6592 2992.3943 3168.7939 2503.5117 8869.9834 1713.2882 16241.4414 9375.2100 10803.8672 6036.0073 12752.9004 11260.4805 5147.4194 12884.5596 2226.7285 4026.8140 11395.4111 8571.7842 15957.5156 10066.3945 2969.0083 5798.4316 14811.8223 6224.0913 12103.7520
15966.6836 14825.0273 12597.5830 4364.5693 5928.9834 15131.0645 15730.9814 17006.2188 6020.9800 16674.3691 12439.2109 16144.7734 2185.2988 4326.8418 248.7374 20391.0742 11087.0801 5833.2002 14460.2939 5677.5259 3551.0281 6467.7368 7454.2695 11862.3457 10962.8604 3047.0767 3210.8989 2586.5388 9078.4639 1736.8680 16393.7832 9323.9453 10869.1621 6028.1221 12810.7383 11252.5732 5254.1553 12816.9121 2326.1895 4051.4346 11599.9297 8710.3057 16067.8027 10231.0488 2952.6162 6034.4463 14752.4023 6241.8472 12341.2207
15945.7002 15025.1084 12752.3848 4421.8447 5631.5093 15179.0898 15918.3096 17153.6406 5772.0752 16623.4473 12468.3672 16332.6816 2108.5420 4316.2261 242.1805 20643.5391 11073.3262 5878.6631 14547.7012 5729.7563 3441.1152 6308.3496 7567.0977 11806.1572 10865.9707 3026.2373 3214.6494 2636.0803 9240.6680 1695.0468 16433.7773 9188.2549 10769.3457 6064.5088 12779.1475 11099.8105 5226.0063 12994.8018 2251.7598 4041.8193 11744.8955 8781.2480 16117.0654 10324.2012 3052.7661 6134.4863 14806.9707 5824.0103 12177.4268
15672.3740 14732.4375 12446.4590 4375.7222 5694.7715 15210.4482 15651.6357 16762.1660 5864.6328 16655.7207 12255.1133 16091.7627 2133.4653 4109.2002 250.7062 20186.2539 10892.8047 5687.5640 14457.6855 5669.5371 3501.6472 6339.1855 7403.5410 11628.7568 10787.2002 3065.9312 3160.0132 2526.9006 8851.8936 1703.8842 16302.9932 9474.0020 10874.2031 6050.6875 12858.0254 11325.7285 5290.5244 12951.7217 2262.6958 4036.8157 11595.6172 8630.1113 16139.0820 10133.6191 2980.3081 5913.9033 14862.7920 6250.8047 12020.9092
15922.7910 14693.9678 12262.6074 4378.1675 5597.5503 15170.4062 15454.7197 16881.0332 5969.8794 16616.5625 12312.0098 15855.9834 2128.3496 4202.0640 252.8362 20113.5957 10873.4395 5741.3892 14357.3867 5655.7959 3594.1238 6465.5415 7625.0161 11449.2021 10701.7861 3008.7673 3179.4055 2529.8560 8926.3164 1699.5742 16256.9492 9337.3027 10840.6758 5964.2803 12869.9795 11206.4580 5178.9092 12521.6533 2246.2102 4029.4797 11614.2139 8566.3418 16158.7900 10134.5566 2957.3279 6016.1494 14841.0908 6204.4966 12220.5732
15786.7363 14900.1855 12592.3984 4482.7007 5614.1997 15148.0332 15725.9717 16975.4863 5942.9429 16502.6816 12192.5000 15936.7207 2143.4983 4230.2822 231.6251 20300.0918 11017.3965 5727.8877 14477.6387 5676.5259 3357.1130 6489.4624 7519.1855 11603.8604 10774.8330 3007.7585 3180.8562 2539.3135 9095.6299 1691.7622 16309.5547 9219.2217 10888.6572 5948.4531 12734.6953 11057.9473 5148.0112 12663.1982 2312.2664 4006.2332 11472.8047 8679.1787 16070.4395 10296.0381 2877.6318 5987.9971 14707.0928 6024.0024 12176.0215
15859.0205 14635.0996 12223.6729 4437.7261 5642.2422 15156.7549 15556.0342 16917.2539 5990.8071 16631.6641 12279.3555 15783.3496 2054.6172 4155.7349 226.5888 20120.3535 10831.3926 5682.1733 14367.5635 5573.0562 3177.3894 6358.5845 7575.0586 11863.3535 10781.0703 3054.4338 3134.5969 2547.5876 8844.8525 1754.6246 16293.2061 9344.7998 10808.3447 6000.9424 12819.1123 11296.3838 5175.5869 13051.5938 2192.6108 4037.0920 11378.9834 8486.1143 16088.6885 10073.1182 2930.0881 5841.2832 14808.8516 6250.0396 12049.0605
15810.2266 14673.6328 12457.4307 4386.5005 5711.8091 15069.5098 15584.9316 16807.9043 5985.3438 16402.1113 12262.0303 16192.2188 2090.3650 4245.7246 233.3291 20133.2695 10912.5107 5804.9609 14335.4434 5647.0977 3395.0186 6085.6641 7491.5586 11631.4590 10711.2725 3015.7461 3150.4375 2556.4805 8963.9355 1692.3251 16296.4277 9357.2393 10844.7080 5926.5400 12916.3643 11253.4902 5158.9717 12928.4580 2243.4497 4014.7297 11657.1572 8614.2764 16108.4248 10195.4854 2965.3455 5879.3604 14769.7188 6223.0225 12143.7891
15503.9307 14994.4531 12549.3418 4383.7905 5726.8872 15204.3213 15639.0107 17021.0898 5723.7554 16394.4746 12407.1152 16151.5947 2245.6572 4244.5547 210.3591 20306.2051 10978.0605 5840.6030 14502.1270 5640.7959 3082.8826 6302.4482 7403.0444 11425.2793 10700.1895 3018.0615 3164.3838 2530.8875 9060.3350 1707.9915 16485.4160 9266.9775 11005.7246 5917.9473 13116.1152 11554.4844 5166.1011 13404.4473 2288.8904 3963.6506 11628.1621 8692.7607 16129.1797 10261.1680 2899.5498 5888.3438 14800.3770 6271.7368 12080.2129
15628.3652 14521.3203 12363.0459 4365.7373 5605.7388 15011.6572 15359.6855 16701.6582 5907.4780 16526.9355 12101.5352 15641.1719 2081.6899 4074.5876 228.9354 19801.8770 10607.1689 5695.4678 14189.6436 5506.7734 3396.7251 6487.4277 7526.3604 11312.8564 10692.9111 3035.2686 3155.1594 2466.3650 8787.9053 1746.7103 16177.1377 9271.6562 10669.9951 5973.2876 12633.2285 11158.6338 5196.1680 12782.3398 2221.3755 3962.6221 11336.1641 8468.0117 15927.2598 9978.0518 2934.5195 5994.9087 14773.1797 6126.2915 11562.5088
15876.8848 14648.8369 12193.5186 4408.1138 5707.7529 15151.0771 15493.7031 16799.3184 5895.3174 16489.9668 12307.7139 15898.6553 2200.7939 4323.3193 241.2809 20196.3887 10804.9102 5785.0337 14270.1279 5630.7241 3659.8359 6345.6343 7499.5083 11485.6299 10711.7168 2985.8552 3183.5808 2496.2664 8942.8770 1690.7611 16289.4775 9347.3887 10831.8164 5952.4473 12746.3828 11204.7949 5178.3047 12569.0898 2312.4641 3993.9897 11498.4092 8595.2588 16065.2744 10156.9521 2814.4937 5913.0586 14778.2090 6185.0469 12023.1348
15966.8955 14931.4053 12546.5840 4416.5728 5773.2153 15203.8945 15734.0986 17093.4785 6090.2842 16388.7500 12324.8906 15911.9795 2138.5088 4371.0015 245.4899 20405.6992 10968.6250 5770.1880 14506.3467 5617.1313 3502.7080 6261.7876 7498.5215 11741.1836 10787.4590 3066.2874 3184.5205 2599.4861 9078.2656 1656.8856 16273.5830 9430.5947 10928.1260 5926.5693 12885.6172 11413.5039 5128.2217 12937.8271 2233.4624 3976.8987 11701.1162 8662.4922 16105.7939 10202.7705 2807.7222 5988.4111 14820.6377 6315.0537 12109.6113
15520.4932 14596.6436 12335.2334 4383.3896 5517.1289 14891.1562 15267.6270 16769.6738 6078.1216 16266.6660 11935.3154 15818.4551 2146.3022 4205.3379 242.7240 19996.8320 10628.3525 5670.6484 14209.6055 5601.0776 3686.5247 6315.6934 7508.9287 11481.8418 10634.7158 2984.6624 3173.7766 2564.3486 8879.3105 1719.8068 16086.9668 9267.4453 10750.7578 5894.6636 12520.2197 10970.3984 5124.5352 12755.7334 2289.9026 3969.4067 11415.5078 8535.6348 15868.2773 10063.5762 2859.5652 5889.6021 14663.2783 6167.8428 11745.8818
15817.6016 14764.8213 12517.2998 4470.4453 5387.7388 15134.0166 15609.2324 16997.4102 6010.9751 16573.4609 12264.5039 15977.2422 2157.1760 4217.8379 221.1104 20236.4609 10875.5635 5820.1611 14466.4512 5682.3965 3517.3149 6346.5571 7455.3774 11737.6914 10705.7275 3052.1565 3190.2363 2577.5820 8910.1504 1655.3296 16281.2627 9281.3701 10674.7920 5973.1504 12660.2832 11227.1230 5157.0088 12592.6553 2295.8242 4010.8877 11309.4033 8572.1885 15964.9463 10096.9639 2861.8696 6025.2520 14706.4590 6136.1357 11933.2559
15627.2432 14876.5801 12342.6885 4368.3936 5470.2266 15243.8232 15674.6465 17061.6289 6163.9512 16911.5508 12327.4766 16076.8867 2142.3411 4229.4053 225.3432 20123.6016 10852.6816 5795.8716 14505.3086 5617.3018 3366.7368 6257.4976 7607.9819 11557.0010 10732.1631 3050.6843 3168.7068 2584.3650 8958.2012 1646.4309 16325.7002 9414.2637 10902.7842 6086.9238 12864.1787 11433.5889 5168.7871 12859.4102 2280.7954 4074.4614 11462.5254 8584.1709 16037.5176 10073.8506 3113.9946 6037.8184 14832.0439 6252.8794 12010.6006
15743.4893 14710.4619 12439.5527 4412.1006 5406.3428 15303.0391 15739.8291 16881.6562 5966.0649 16736.0703 12322.8809 16023.0732 2169.8577 4167.4224 240.3718 20211.6660 10892.5654 5811.2759 14362.4717 5649.2153 3253.1401 6321.9854 7623.9941 11443.8340 10859.2783 3087.5461 3162.9446 2549.0457 8976.8916 1732.2631 16302.8232 9277.4424 10784.1836 6036.9995 12831.6670 11274.3447 5213.4922 12783.3574 2217.1592 4040.3230 11656.0625 8639.7344 16026.2490 10174.7910 2914.5615 5925.5112 14843.9785 6170.2529 12259.0723
16019.6455 15012.3740 12673.9189 4558.8501 5584.0479 15295.1963 15878.4297 17024.5293 5943.8848 16820.5215 12580.0283 16187.7080 2231.1008 4275.2544 257.5392 20439.3008 11038.5039 5887.3994 14609.1016 5750.3164 3503.6155 6492.2495 7445.6870 11776.9756 10917.7910 3132.9351 3219.0276 2575.3706 8987.5273 1714.8763 16403.7480 9435.6816 10924.1367 6094.2349 12810.0479 11215.4678 5221.7466 12838.2578 2271.2874 4083.1287 11641.4805 8704.9131 16088.2578 10229.6738 2858.7063 5998.1572 14834.4736 6037.4751 12287.8604
16003.9004 14964.1406 12316.3701 4439.2441 5782.2515 15365.7236 15685.0176 17024.9902 6056.6924 16728.8750 12519.5732 16087.5547 2190.6262 4237.1230 244.8899 20278.7051 10976.0254 5789.4648 14478.3594 5615.6851 3675.2012 6481.2075 7473.0576 11709.3447 10820.3262 3092.5757 3176.1731 2530.9023 8910.3330 1740.4692 16485.8418 9474.5576 10921.1699 6075.3135 13147.3643 11621.7061 5201.0405 13150.7041 2156.8186 4037.0544 11766.2588 8691.0088 16127.8721 10205.7529 2846.4351 5974.2104 14988.8887 6392.0195 12236.9736
16186.6035 14995.0713 12350.0293 4447.6528 5742.5278 15190.4150 15881.6904 16987.0137 6125.5117 16747.7812 12432.4668 16215.8574 2176.5503 4274.1997 248.9698 20241.1641 10924.8809 5792.9736 14466.0703 5632.7749 3513.0764 6400.6055 7587.1099 11725.1768 10904.1221 3172.7983 3181.7351 2595.4507 9108.2305 1752.2125 16428.5254 9474.8496 10967.8379 6015.6753 12891.9502 11305.4248 5175.6729 13029.3164 2317.1204 4083.0654 11679.9570 8649.2148 16221.7617 10307.3115 2936.1248 5950.9204 14836.4277 6292.9502 12229.3115
15833.3447 14863.5674 12640.5732 4465.8677 5667.9746 15103.3945 15641.7920 17094.0625 5908.6733 16308.2529 12252.9980 16111.0664 2136.1599 4271.6953 249.8506 20483.8066 10907.1260 5714.6724 14465.4238 5676.7896 3516.2698 6357.5942 7571.3945 11770.9414 10646.6836 2922.8191 3182.5188 2558.0320 9160.4609 1705.6650 16268.4814 9122.1475 10806.3867 5870.6416 12615.8994 10823.5156 5218.8618 12554.7910 2277.4121 4011.6770 11649.1738 8622.1709 15972.1641 10312.2334 2884.4868 5813.7153 14589.4238 6094.9883 12147.9004
15415.1064 14692.3945 12049.8193 4404.6138 5456.1201 14959.2158 15302.9141 16766.5371 5956.0869 16329.3906 12241.4668 15757.0742 2099.9197 4172.1660 204.6955 19992.4824 10728.5967 5779.0645 14314.6191 5573.3599 3470.4902 6194.9395 7351.9048 11538.8799 10614.4375 3029.6748 3139.8870 2577.4412 8800.7207 1734.6173 16097.3369 9319.2383 10797.8730 5894.8325 12526.5518 11088.6738 5162.3926 12733.4854 2329.2224 3976.1057 11476.1797 8456.5664 15887.4893 10032.4219 3064.5303 5759.9287 14590.7812 6110.5220 11856.3770
15638.7646 14582.8896 12334.0410 4285.1367 5735.3965 15004.7246 15425.4248 16749.9668 5970.6323 16571.3906 12184.6592 15917.7109 2147.5457 4338.6240 242.7593 20197.0547 10830.6621 5718.2905 14158.0801 5600.1558 3441.2166 6255.8032 7320.1958 11401.5635 10770.8145 2971.4575 3199.7854 2509.4175 9015.2324 1717.9684 16124.4336 9136.2139 10668.5273 5926.0508 12518.8350 11045.0342 5076.7925 12568.6016 2348.4351 4018.7817 11441.2822 8496.6074 15824.7949 9986.2871 2873.9797 5903.9683 14577.3643 6135.3638 12142.3086
16138.1963 14902.4854 12481.6494 4391.7329 6057.4927 15386.5674 15964.4697 16980.5918 6068.1650 17077.9844 12538.9668 16260.4160 2188.5671 4351.5283 245.9738 20397.3359 11027.0078 5874.1079 14367.3916 5667.0713 3385.9529 6562.8804 7557.9492 11445.8701 10960.4111 2853.8687 3202.1375 2539.0166 9161.6787 1738.4739 16391.8887 9406.8555 10868.8066 6164.9438 12960.0088 11448.9863 5273.5356 12980.0273 2276.3276 4080.8325 11650.8779 8652.8965 16103.5625 10196.9482 3051.4258 6148.3613 14955.4854 6312.0522 12331.4150
16041.7324 15090.9375 12836.5537 4419.9727 5900.9976 15400.6270 15912.3428 16990.7305 5951.4619 16558.2090 12473.3623 16375.9053 2167.0889 4265.6909 232.6953 20506.4043 11134.7617 5859.2549 14579.9775 5694.3223 3434.9890 6296.0757 7677.3267 11630.2090 10763.2598 3114.4900 3213.1790 2594.6147 9197.0361 1714.1624 16478.2559 9392.4619 10746.7676 5987.9502 12931.1582 11176.7207 5249.9829 12741.4170 2263.8252 4042.2551 11946.6504 8800.5098 16147.8350 10382.4375 2869.4917 5958.4756 14886.4893 5980.5786 12245.3643
15801.5430 14770.6523 12381.4912 4361.8008 5503.0615 15113.5967 15564.1924 16944.7422 5882.4858 16360.0439 12342.9629 16131.5791 2103.0928 4291.8955 258.8636 20056.0645 10951.5361 5761.4326 14353.3672 5590.2012 3418.8076 6195.9790 7521.8896 11709.5244 10638.6104 3005.3916 3147.0015 2496.1438 8882.8535 1684.9858 16287.9082 9427.5449 10916.0498 5915.5278 12780.1084 11360.5742 5086.4678 12792.6641 2243.6885 4021.4529 11603.8164 8615.1172 15986.6562 10145.1143 2927.3813 5760.4502 14785.9395 6321.4771 12138.2676
15474.7295 14511.8232 12178.4463 4325.1357 5616.7920 14877.6143 15262.8682 16690.4023 5859.4697 15884.7080 12127.3496 15771.9297 2116.4189 4143.5903 256.0861 20172.9844 10676.7363 5621.9946 14136.8574 5529.5488 3596.3960 6251.5244 7328.0391 11633.9199 10496.9805 3114.1135 3132.5520 2465.4617 8832.4404 1677.1833 16068.1289 8982.4629 10326.5986 5725.2622 12371.1514 10833.4043 5072.9014 12245.4697 2249.2642 3905.3274 11488.5029 8547.1523 15752.5215 10080.2129 2816.8042 6056.9819 14525.2559 5731.5781 11861.3516
15673.4912 14533.2217 12072.3994 4324.8823 5792.4976 14978.9609 15349.3359 16734.9102 5707.6562 16457.8164 12133.8848 15622.1348 2102.1194 4324.6348 242.5927 19539.2754 10640.7764 5702.4316 14204.3096 5536.1797 3623.6089 6554.8281 7291.6079 11266.6504 10626.3418 2925.0259 3123.1616 2530.3621 8779.6523 1725.2000 16160.9004 9301.6221 10664.2686 6006.7983 12772.6504 11424.5010 5193.5640 13220.0615 2240.5686 3960.7937 11368.4121 8395.8311 15864.7314 9981.3721 2903.2114 5832.5659 14730.2275 6083.6621 11758.7393
15903.8760 14626.4375 11991.5859 4490.3950 5899.9385 15320.2061 15778.1465 16805.7305 6060.6611 16880.4668 12436.8281 16007.7314 2122.9492 4282.5317 236.3691 20230.5273 10806.3145 5752.6270 14341.2373 5616.2983 3606.3589 6505.5283 7459.1768 11665.6904 10870.7344 3016.2483 3105.1013 2548.2788 8888.8096 1734.2434 16300.0137 9465.2021 10897.8281 6095.0801 12870.9805 11415.9473 5226.6519 12906.6816 2249.7817 4030.7656 11340.6162 8459.8252 16032.6846 10008.6709 2974.1030 5827.4316 14915.5498 6258.9604 12198.2529
15926.2373 14953.7617 12496.9873 4504.4380 5796.8208 15222.1650 15686.1641 17128.5410 6039.3228 16421.8867 12363.9395 16120.9395 2180.5571 4327.1777 259.8332 20367.6270 11030.5879 5859.4551 14668.0244 5669.2739 3504.9758 6319.3745 7549.2935 11958.4531 10745.1855 3220.4211 3194.4382 2559.9307 8984.1523 1708.8439 16320.1328 9199.3047 10571.8154 5866.9814 12778.7578 11164.5576 5282.4546 12843.4365 2253.7886 3982.0469 11517.6826 8717.0908 15984.8721 10165.1416 2827.8250 6100.1050 14681.5107 5930.5181 12188.8164
15822.4707 14871.7734 12412.6729 4381.1670 5420.9204 15254.1172 15571.4072 16857.5879 6062.3169 16780.0586 12416.2568 15979.7363 2156.0247 4318.3530 270.1635 20383.0254 10931.2441 5859.4272 14463.6777 5598.9521 3702.0149 6473.9956 7313.2876 11655.4150 10762.6201 3081.2190 3208.1169 2557.1753 8874.8936 1667.3265 16371.3096 9510.2012 10899.4492 6042.0806 12892.7021 11458.6172 5168.2417 13041.1533 2248.9167 4051.2759 11280.0303 8558.6582 16074.5840 10131.2285 2889.2444 5938.5312 14884.8438 6244.2197 12056.3398
16026.9580 14955.0000 12306.3955 4405.9648 5551.4937 15348.7656 15861.3770 16979.0762 6039.1318 16876.7871 12480.2363 16033.8125 2215.6118 4232.5728 241.0884 20541.3281 11029.6836 5865.8442 14560.8525 5679.3306 3537.1414 6383.7266 7569.3784 11659.4551 10875.2510 3063.1189 3191.3540 2594.6970 8927.6836 1700.5656 16411.6758 9428.4883 10945.6533 6092.5742 13003.7930 11443.6709 5201.2773 13146.2812 2248.8904 4100.4946 11434.3047 8637.5000 16163.4697 10185.3711 3039.4929 5976.4683 14847.3916 6247.6631 12161.3311
16021.7178 15085.0557 12938.3262 4466.7256 5723.7139 15379.2090 15986.6748 17115.1309 6011.2852 16892.6777 12552.9746 16420.7988 2209.8018 4264.2490 247.7166 20641.5840 11107.6406 5878.5127 14548.1025 5731.5747 3237.9751 6271.9355 7588.9482 11687.6475 10994.2480 2992.6257 3268.0217 2625.5430 9443.3057 1723.9933 16520.9824 9454.5068 10947.4785 6075.5078 13015.9707 11367.6504 5271.1499 12846.7051 2304.0037 4115.3047 12051.6973 8770.8467 16250.2051 10328.3994 2918.0894 5978.6401 14894.8174 6266.9873 12275.8506
16323.8564 15205.0146 12791.8125 4529.6108 5726.8877 15536.2842 16246.7783 17353.6289 6057.5645 17285.2266 12727.8252 16501.1055 2194.1963 4380.4502 224.9426 21153.3809 11203.5527 6015.3071 14758.1738 5807.5928 3437.9004 6483.3774 7635.1538 11816.2910 11111.6787 3088.0564 3242.3364 2599.6567 9154.7471 1760.0007 16680.5801 9411.5576 10877.8359 6259.9219 13069.2344 11510.6826 5259.9658 12904.1377 2352.9426 4156.3008 11986.8955 8810.9033 16232.6211 10364.7549 2994.1665 6016.7939 15122.1875 6131.5986 12456.1787
16220.2295 15180.1523 12794.6621 4531.8950 5564.4766 15476.8984 16154.2617 17291.7148 6138.6523 16797.1582 12550.2695 16317.0547 2189.1536 4348.7944 217.9242 20689.0801 11206.2842 5876.0220 14783.8945 5746.8350 3282.1738 6277.5635 7676.9492 11922.3779 10902.5303 3067.6538 3214.9458 2584.4673 9089.9033 1695.4414 16584.6348 9528.6025 11147.7842 6104.7988 13096.8525 11440.2119 5322.6729 13047.9053 2272.1484 4105.1450 12003.2324 8810.6221 16365.4854 10364.6855 2950.5688 6112.0029 14882.9355 6318.7041 12422.8193
15636.7588 14678.5947 12435.4746 4354.8486 5564.0972 15065.3447 15391.4814 16633.4160 5904.5747 16199.8105 12192.1396 15864.9766 2097.4204 4071.7356 252.2075 19988.5137 10814.6875 5721.9727 14261.3584 5682.1470 3318.9878 6285.6392 7522.4951 11306.5518 10623.6641 3019.8796 3182.0120 2536.0588 9216.3779 1670.6661 16188.5059 9213.3076 10705.0439 5867.5176 12653.9609 10997.3682 5259.6963 12632.9590 2228.9509 3986.2961 11837.7070 8666.7959 15958.4854 10329.3857 2743.6377 5902.2822 14694.1016 6130.4053 12003.0508
15790.3701 14774.7842 12546.4229 4412.9448 5626.8560 15178.8379 15680.6924 16987.3066 6036.5269 16525.7051 12286.5586 16114.4375 2141.4922 4185.1880 240.2366 20228.5664 10898.8008 5789.5747 14470.6055 5633.1855 3491.3730 6317.4419 7536.5732 11566.3076 10791.3916 3133.1487 3213.5330 2567.8833 9030.5146 1728.6084 16268.2197 9261.8574 10672.3369 5923.7524 12702.5859 11081.2666 5230.9492 12636.4170 2296.0632 3988.0730 11660.6953 8651.2266 15923.8525 10269.1055 2902.4844 6035.4971 14750.1748 5949.4409 12071.2158
15909.0010 14720.6445 12374.5850 4419.7886 5481.6108 15117.9717 15544.5430 16920.7773 5983.5732 16468.5977 12222.8213 15891.5498 2134.3801 4207.1655 231.4531 20143.8730 10754.5615 5760.6685 14414.1973 5608.5142 3485.9482 6244.9297 7452.8955 11768.2158 10721.9424 3066.0439 3147.5940 2538.1023 8823.7256 1773.7600 16246.5234 9311.7598 10855.8604 5970.0420 12862.0957 11386.7051 5048.0508 13130.9336 2235.1362 3995.6489 11397.8545 8503.1055 16008.0654 10075.1855 2852.6357 6000.9990 14782.9814 6208.5903 11943.4189
15481.0098 14560.6787 12311.7480 4373.7305 5588.4385 14949.0664 15203.4609 16723.5254 5897.1934 16064.7793 12097.6729 15931.0576 2072.9492 4209.7305 253.2943 19912.7695 10862.3350 5702.2559 14132.6240 5597.9995 3614.6414 6362.4028 7442.3403 11599.1973 10551.6328 2967.9866 3160.7454 2446.4468 9075.9375 1725.6155 16186.9922 9144.0352 10715.9395 5821.7681 12551.0967 11045.5918 5068.5229 12735.8623 2117.8042 3959.6011 11489.1318 8543.5518 15919.8613 10093.2168 2884.5007 5896.7485 14595.1289 6115.3301 11956.7061
15651.8496 14813.6201 12358.6973 4349.2026 5806.6079 14987.6475 15616.8428 16786.5430 5830.5996 16492.7734 12169.5742 16021.9424 2150.9951 4214.2705 244.7312 20086.4512 10780.3086 5709.6860 14280.2715 5662.0845 3615.2932 6309.9692 7544.2485 11456.5742 10670.9414 2844.3682 3172.8967 2566.5837 8979.1230 1682.7557 16177.3848 9206.1260 10832.3672 5919.0615 12559.8506 10909.2861 5171.8423 12340.7686 2271.4304 3986.2891 11582.0127 8580.0732 15917.1123 10086.3906 2949.3237 5895.9370 14611.6699 6110.4751 11904.5234
16010.2363 14730.8145 12290.3887 4418.2339 5696.1455 15240.6318 15512.2598 16834.7852 5982.5469 16648.5879 12335.5566 15701.2744 2133.0940 4292.1094 238.1989 19998.9355 10792.1279 5770.8081 14304.7949 5616.2041 3408.5493 6320.3696 7519.8291 11528.6104 10832.8604 3011.6494 3125.8574 2561.0366 8761.1807 1646.3347 16267.4697 9340.1211 10834.9463 6018.5464 12810.8896 11320.6592 5147.8877 12890.8994 2242.9727 3976.8660 11300.6973 8476.6611 16019.5713 10042.1865 3061.1929 5841.9214 14745.6133 6222.2744 11863.0947
15504.8926 14697.6445 12405.2588 4404.0703 5690.6924 15138.8574 15578.3506 16864.8965 5930.9058 16645.5488 12290.9619 16057.1719 2057.8508 4277.3013 250.5166 20043.2988 10969.3408 5799.4663 14333.2676 5644.0151 3394.5225 6590.3184 7645.6855 11651.5107 10787.9463 3039.5100 3174.9072 2525.8674 8933.0195 1708.2711 16349.7256 9376.5791 10824.0938 6051.6890 12873.8789 11277.2764 5189.6206 12957.9512 2315.0012 4043.2571 11531.3994 8662.6768 16153.2939 10184.6943 2965.6802 5901.8066 14930.3184 6184.9429 12288.0283
