13320.1260 19168.5781 9996.3818 3526.0969 0.0000 14707.1230 10830.8291 14291.3242 5047.1655 15014.6309 13405.6855 10701.5078 10572.4160 7799.7749 32.0694 14541.3506 12250.5371 8181.8809 11885.0430 3563.2720 0.0000 3377.5569 6876.7998 7567.7090 5395.4224 7604.8628 781.5315 1911.6108 2948.4780 661.2092 16139.6787 10011.9229 7848.6714 6991.2017 14070.9199 12628.8330 4670.9878 13841.4551 2444.7332 2957.7524 4859.9087 9277.0771 15536.4482 8337.8223 2186.0989 6872.5703 16899.4785 6206.4141 11786.0117
13423.8613 19559.9883 10148.2324 3654.2332 0.0000 15116.6572 11145.0254 14375.5889 5379.0542 15242.3604 13657.1914 10891.4453 10940.3604 7817.7769 33.2457 14629.5938 12522.5781 8438.3252 12169.2529 3717.3079 0.0000 3259.9617 7208.5742 8183.3330 5502.9375 7915.5913 804.9512 2010.9148 3051.6982 641.2910 16494.6738 10132.9512 8088.1309 7048.8091 14524.5527 13037.9502 4808.1001 14024.5879 2542.8843 3034.7502 4957.3638 9540.4395 15849.6289 8413.4795 2168.5698 6963.6328 17142.3516 6332.9321 12141.2119
13198.0703 19365.3496 10502.3193 3654.6807 0.0000 14738.9463 11034.2100 14507.0059 4881.9072 14635.0791 13424.0879 10805.8320 10752.7715 7638.5454 29.9105 14490.0791 12313.1035 8145.9819 12027.3555 3727.9045 0.0000 3241.7959 7062.0430 8231.6895 5504.0093 7574.4780 798.0684 1955.7257 3109.6135 650.8939 16303.6279 9952.3877 7857.5078 6693.5732 14203.8477 12642.6484 4849.4712 13991.6699 2470.6230 2956.4287 4985.7666 9550.1650 15765.2012 8439.9229 2087.3096 6992.6128 16684.3145 6156.8535 11895.6113
13386.9473 19101.0586 10071.1514 3580.0852 0.0000 14731.3965 11019.8525 14379.0811 5208.4146 14822.9639 13322.4844 10847.6240 10777.9697 7574.6196 38.0137 14563.3096 12319.1211 8336.0527 12021.4033 3641.4268 0.0000 3293.6699 7093.0625 8113.0073 5542.5488 7717.9980 806.4943 1941.5240 3031.2764 706.5614 16228.1055 10067.0830 7905.4604 6900.8345 14126.4150 12710.5342 4863.5503 13706.8672 2546.3748 2951.8552 4917.5747 9463.6406 15681.1426 8368.4248 2280.1526 7121.2373 16777.4336 6197.9639 11844.9844
13166.5820 19197.8164 10120.1582 3577.9929 0.0000 14668.3604 10956.5986 14418.6396 4877.6084 14743.9316 13350.3223 10799.6846 10580.7705 7538.0977 36.3035 14687.6445 12340.2568 8157.1323 11955.6836 3669.5898 0.0000 3236.8484 7054.1245 7908.3105 5360.4839 7671.9385 768.4996 1995.4624 2898.1431 639.7642 16262.1055 10012.6641 7794.4937 6728.6514 14175.7441 12610.4629 4854.8276 13772.3867 2571.1516 2909.7976 4911.0688 9418.1279 15616.5635 8346.2773 2151.4358 6879.4731 16758.3809 6186.4023 12041.0820
13135.7471 18824.0898 10218.1572 3640.7046 0.0000 14680.8496 10943.8467 14477.4619 5046.4111 14774.8574 13294.2900 10570.6328 10448.4033 7327.6084 31.9735 14478.9590 12182.9707 7968.7075 11873.4795 3855.7476 0.0000 3270.9871 6940.5850 7930.5723 5450.9316 7506.8267 966.9206 2004.2799 3678.5151 667.1113 16201.1143 9964.5732 7769.0259 6848.6895 14132.0166 12682.0830 4846.1592 13745.7021 2537.8801 3031.3154 5056.1880 9401.2041 15624.7471 8253.0879 2256.2341 6760.3735 16822.3418 6160.1528 11744.4482
12902.5762 19072.6289 10060.4209 3522.6121 0.0000 14407.9775 10773.8770 14413.7578 4765.3945 14320.6758 13056.0723 10666.2695 10432.0146 7270.7500 27.7058 14328.2188 12076.8057 7952.1504 11822.8711 3736.6023 0.0000 3135.5325 6916.0200 7772.9409 5293.3008 7508.1460 848.4225 1967.5702 2988.4351 654.5927 16147.3232 9934.0225 7872.3267 6513.1201 13864.8799 12360.6572 4699.7529 13697.1182 2410.2361 2938.4194 4563.2124 9343.1299 15508.2734 8143.2681 2063.1489 6651.7778 16422.7539 5958.9165 11792.4580
12517.2422 18299.5273 9840.1426 3480.3757 0.0000 14203.5303 10465.0322 14149.5498 4664.1157 14112.0889 12597.6465 10329.9043 10044.4756 6968.1245 29.9971 14157.3945 11733.8604 7609.0400 11496.4609 3549.6201 0.0000 3204.0142 6758.4136 7599.6382 5278.7837 7218.4512 722.7299 1860.9979 2930.6753 710.0471 15887.0938 9694.2793 7594.3052 6577.6313 13646.3945 12260.4453 4642.9023 13465.2021 2389.9233 2820.0842 4634.9546 9123.2705 15374.1631 8084.4214 2136.0759 6633.4062 16321.7734 6013.0283 11240.5000
13173.2988 18475.2559 9944.1475 3462.5437 0.0000 14861.2891 11028.7598 14426.2422 5127.2705 15076.2402 13328.8525 10721.8135 10324.1523 7629.8057 31.3650 14276.1484 12167.1348 8096.9683 11813.3252 3767.6104 0.0000 3326.1392 7008.3037 7741.9761 5540.0850 7422.7017 802.6596 1975.6835 2942.5166 703.6948 16214.7900 10032.0654 7746.6519 6984.5679 14097.0723 12764.2812 4803.7695 13671.1396 2451.2996 3021.5181 4727.7637 9186.4014 15556.0928 8167.2437 2159.0852 6589.9849 16929.8066 6194.0327 11974.0449
13338.6299 19421.6816 10269.0127 3594.8557 0.0000 15086.6553 11194.9883 14488.0195 5114.3545 15219.7500 13478.8477 10869.0596 10976.8701 7770.6611 36.8080 14652.3613 12492.5684 8447.8066 12172.3369 3734.3337 0.0000 3420.8831 7178.4023 8243.0088 5580.7686 7907.7568 817.6311 1976.0059 2887.2349 725.0023 16482.8281 10221.6729 7986.9609 7044.6489 14564.0508 13049.3828 4874.4946 14065.1924 2527.6223 3056.6152 4732.9321 9563.5068 15951.1885 8422.3809 2286.4392 7091.5889 17130.1074 6325.0635 12017.4424
13540.2744 19679.7949 10385.3057 3691.7698 0.0000 14991.7100 11249.3096 14373.6914 5121.7476 15332.6357 13374.8750 10844.0361 11101.0625 7558.6060 35.8386 14804.2305 12449.8984 8301.0723 12191.7383 3748.3132 0.0000 3321.6545 7286.7466 8020.4097 5566.8086 7838.2588 811.2739 1949.7607 2953.0708 763.6732 16613.8281 10155.4990 7986.2578 7065.0659 14528.9746 12952.1934 4942.3081 13925.7852 2575.5234 3044.1616 4819.7251 9661.8545 16009.1084 8492.9805 2335.6216 7146.6455 17032.2910 6265.4106 11893.3467
13345.9912 19329.9512 10409.0322 3574.8372 0.0000 14671.8301 11213.4229 14461.4219 5053.5249 14764.7900 13417.7041 11061.7139 10746.0420 7418.2632 31.0522 14789.5557 12323.2129 8167.0400 12014.6445 3732.0283 0.0000 3212.0083 7210.2856 8122.8696 5501.2148 7830.7007 804.4942 1988.7592 2823.9180 726.7565 16534.2363 10167.1240 7968.3555 6850.6763 14414.2227 12762.8877 4997.1631 13957.1270 2587.3250 2960.8159 4481.3823 9592.1484 15816.9531 8383.4102 2201.7842 6822.9712 16929.5781 6239.3076 12033.6123
12956.7852 19188.3555 10336.0996 3444.3569 0.0000 14256.7041 10701.7256 14442.5195 4986.9233 13993.4688 12976.6367 10712.1504 10350.6660 7149.2671 29.7676 14353.6543 11926.0000 7678.4238 11776.3613 3597.6138 0.0000 3117.8584 6894.4683 7671.6958 5184.7739 7384.0068 758.0161 1871.4052 3967.1750 681.1270 16018.2373 9815.5869 7808.6558 6482.1191 13905.2100 12405.2119 4714.0776 13884.6416 2431.2908 2884.8391 5848.4644 9471.6367 15422.8018 8867.1270 1982.5096 6744.2305 16441.0098 5926.2686 11482.1992
12614.3564 18426.5020 9881.2188 3362.7698 0.0000 14007.6572 10378.7656 14060.0146 4629.0698 14050.8633 12469.7500 10275.8887 9837.3438 7144.6001 35.6933 13853.9824 11702.2715 7522.7549 11394.7012 3550.1396 0.0000 3236.5369 6836.6606 7486.8301 5133.1519 7068.5229 760.3877 1886.4821 3556.4304 690.7291 15758.9150 9645.5645 7446.2002 6584.5239 13501.1152 12045.6172 4740.0591 13313.3516 2451.0945 2855.9724 5353.0884 9063.3789 15212.7812 8291.9570 2188.0693 6409.3911 16347.6006 5979.5908 11216.2393
13220.2773 18585.6211 9901.2861 3474.3171 0.0000 14593.4619 10843.9111 14515.2422 5089.4355 15091.0967 13148.4580 10645.5918 10441.4541 7574.7979 38.8486 14042.5117 12011.0908 8157.6685 11736.0117 3644.2383 0.0000 3356.0471 6905.0625 7605.7451 5396.3521 7437.7280 735.3919 1912.2260 2569.0381 725.1024 16124.2725 9942.2988 7799.8652 6952.4849 13980.6943 12629.9561 4724.0225 13463.5547 2530.9431 2953.5615 4565.0464 9069.0430 15461.0225 7951.9380 2254.4387 6740.2305 16767.5371 6163.1152 11642.3750
13635.0127 19238.6738 10164.3887 3665.0271 0.0000 14968.2197 11228.8818 14505.0908 5233.5444 15324.6074 13533.2471 10834.0469 10821.6748 7758.8203 37.4069 14713.6299 12275.8545 8465.3398 12005.3955 3873.5266 0.0000 3359.0771 7215.5879 7837.9492 5605.0815 7821.6963 1094.9938 1993.4042 4447.2861 738.3036 16467.8203 10139.0459 7937.7217 7190.3760 14483.9648 13028.6787 4969.9668 13962.2959 2483.8755 3126.7563 5058.2866 9582.9932 15899.8418 8405.4463 2204.1794 6915.9731 17137.8145 6290.3989 12063.9629
13519.8789 19540.3223 10261.4111 3702.9692 0.0000 15165.2529 11285.5762 14448.3242 5320.9707 15183.6123 13570.4385 10978.3271 11090.9980 7733.1763 29.9798 14611.4551 12489.0537 8415.2314 12186.0596 3791.1985 0.0000 3277.3621 7182.1006 7918.6470 5544.1245 7863.3818 927.5847 1938.9233 3438.5833 726.6930 16558.8906 10162.7080 8095.1162 7006.4316 14467.4697 12833.2988 5023.2031 13840.5615 2650.0325 3063.3638 4835.0908 9690.8330 15963.0049 8525.1768 2159.1516 7142.1157 17055.0742 6116.0835 12188.6816
13036.4570 19071.6406 10280.7734 3520.4832 0.0000 14618.6318 11101.9434 14292.5391 4905.9814 14720.3242 13176.4727 10750.4688 10697.3330 7575.5132 32.8130 14632.3066 12289.9805 8063.7959 11942.0498 3627.0085 0.0000 3304.0232 7087.1641 7719.3701 5442.2280 7653.6938 728.3173 1907.7048 2711.7532 708.2299 16338.1299 10111.6621 7832.4624 6868.9937 14252.2471 12802.3467 4860.2466 13943.0938 2498.9333 2935.2224 4771.7852 9486.1484 15814.1572 8399.0244 2155.2883 6958.4438 16807.5176 6318.4834 11872.8584
13140.5518 19233.7207 10354.2461 3621.4688 0.0000 14611.9736 10909.1768 14454.5674 5043.4478 14840.8672 13145.4951 10723.4180 10719.8398 7474.1562 39.6629 14313.2354 12189.6387 8112.0391 11936.2217 3720.5549 0.0000 3340.5801 6961.0269 7727.6348 5353.1738 7672.8696 792.3173 2010.3481 2959.5242 715.7947 16161.5420 9940.1943 7842.8735 6884.1807 14170.2871 12808.9326 4663.0688 13853.5898 2444.7617 2963.0188 4833.1987 9439.6797 15667.2959 8281.8682 2178.7795 6909.0732 16865.3027 6190.9277 11873.8340
13157.3477 19450.5684 10291.3320 3556.9065 0.0000 14766.1025 11094.4814 14430.8389 4970.0605 14945.0469 13202.6162 10938.4463 10686.6113 7537.6948 39.4614 14624.8037 12317.8164 8165.2437 11960.5977 3654.6516 0.0000 3380.2644 7070.9697 7765.0146 5439.4644 7756.5757 783.5694 1987.5386 2866.1311 738.6221 16313.8223 10094.1084 7869.3101 6926.7944 14332.7188 12811.9404 4809.4844 13973.3428 2546.8208 2992.4124 4706.2832 9490.1777 15694.4004 8308.4180 2266.4868 6861.0054 16896.1816 6223.9390 11809.3320
12748.5527 19139.1484 10156.3770 3587.2231 0.0000 14385.8838 10878.0723 14239.5420 4974.2349 14015.1152 12915.2217 10634.7578 10282.6484 7247.2041 32.9240 14325.5195 11798.6504 7901.3896 11778.7686 3707.1392 0.0000 2639.5703 6870.8721 7690.3862 5305.0610 7479.6230 819.8068 1925.4812 3574.7114 563.7590 16128.4902 9853.0439 7873.0400 6599.9585 13991.8828 12548.0322 4874.6274 13564.6689 2414.4436 2876.1055 5425.3618 9436.0996 15355.1074 8508.5957 1882.4556 6842.7549 16528.4043 6188.4893 11521.2725
12567.1982 18173.5156 9796.9023 3415.8860 0.0000 13980.1885 10351.8750 14167.1221 4670.8433 13610.0400 12479.2803 10430.8271 9898.7520 6963.3179 30.6010 13818.7334 11638.2617 7559.0229 11371.1787 3583.4458 0.0000 2449.0664 6699.2588 7297.5796 5058.6094 7192.0591 763.0757 1860.4448 2844.1584 549.9809 15612.6777 9539.9541 7477.1465 6411.2295 13518.2471 12226.4053 4748.0171 13186.3184 2421.4084 2792.3752 4644.3872 9114.9619 15025.2607 7972.4937 2012.3438 6530.0596 16205.6992 5980.5684 11191.3945
13132.6572 18469.5820 9978.9961 3412.6460 0.0000 14405.2949 10915.0508 14050.0771 5009.0083 14956.0352 12969.7646 10429.1143 10211.6602 7295.4238 28.2952 14109.9785 11864.9424 7934.5264 11573.3721 3519.6301 0.0000 3475.7710 6752.2837 7324.5977 5345.2515 7398.6982 742.6456 1905.4624 2967.3789 707.2447 15927.7461 9840.6816 7621.4316 6913.0327 13894.9941 12643.9609 4644.0552 13707.3945 2464.8074 2946.0527 4447.3823 9093.1670 15280.2812 8029.3506 2116.2944 6562.5195 16688.1836 6096.6523 11404.8984
13237.7686 19379.3672 10061.6729 3536.9565 0.0000 15060.9180 11324.8857 14339.0938 5342.2163 15201.9473 13490.4980 10961.0156 10935.0928 7623.0601 31.9549 14392.9189 12368.5645 8465.1924 12030.5898 3573.1538 0.0000 3322.7827 7132.2734 7920.1646 5417.4492 7937.8936 778.8438 1961.9927 2718.4006 691.0283 16319.1436 10036.6035 8146.5942 7130.9814 14382.5195 12820.0361 4913.1333 13691.1055 2597.7249 3042.3237 4273.4707 9408.2715 15672.2178 8208.1504 2234.8196 6934.7905 17004.7422 6148.9297 11988.2979
13498.6494 19443.6113 10233.3740 3573.1213 0.0000 14892.7344 11315.2324 14300.8086 5216.2417 15094.7910 13462.9639 10967.5410 10695.3633 7491.4927 34.2474 14669.0605 12392.0928 8327.1865 12012.5215 3682.2871 0.0000 3388.3203 7224.7139 7861.4238 5467.5459 7821.3848 793.0317 1975.2506 2848.3999 693.7399 16500.5723 10058.8584 7922.2861 7110.8486 14557.0234 13013.6934 4959.2852 14060.4141 2488.1370 3067.4724 4692.9541 9505.2939 15806.8848 8359.0459 2155.0259 6894.7993 17036.6934 6339.9160 11962.9932
13421.7539 19266.0820 10211.2979 3589.0859 0.0000 14931.6006 11336.6377 14340.8408 5144.4673 15202.5322 13426.5977 10990.6875 10929.6455 7707.3667 32.7790 14741.9902 12346.8545 8354.5537 11966.0078 3579.9048 0.0000 3463.4001 7224.7974 7967.1489 5520.5190 7717.1172 808.3964 1908.7710 2808.4915 692.5239 16458.5703 10183.6436 7931.2153 7004.0449 14403.3174 13023.6211 4937.7188 14197.0117 2396.3696 2985.9983 4455.6973 9467.1738 15674.9141 8232.4863 2220.2397 6964.6729 17041.1660 6335.0605 12060.0234
13503.0996 19426.4219 10329.5488 3591.9973 0.0000 14812.8105 11152.7139 14577.4805 5206.8018 15063.4492 13368.4268 10924.7979 10734.9775 7816.4141 35.5278 14606.3994 12307.7051 8341.3154 12012.5840 3766.8337 0.0000 3478.9353 7050.4297 7850.0811 5398.4316 7552.1777 778.9287 1987.8577 2760.5149 666.9502 16406.0703 10112.4355 7997.1099 7000.5117 14374.0254 12792.4287 4886.4009 13815.4170 2606.0288 3051.0000 4812.7925 9492.8398 15713.6484 8681.0146 2206.4221 6882.9814 17014.7168 6327.1831 11822.6387
13218.6025 19320.2539 10285.0088 3727.3281 0.0000 14791.7803 11070.2383 14731.7607 5179.4565 15344.2383 13343.1846 10665.0039 10802.5498 7606.3623 32.6520 14504.3398 12304.0801 8294.2969 12189.0088 3769.7803 0.0000 3443.4001 7160.0977 8101.8711 5460.8271 7760.7622 891.3170 2146.3618 3382.6260 702.1854 16349.5098 10089.3379 8205.7627 7158.4121 14321.0264 12831.2461 4806.4341 13756.6445 2596.0984 3134.3416 4649.4375 9539.6074 15805.8047 8370.2061 2478.1533 6934.7476 17037.7871 6414.4854 11889.5996
13490.4482 19940.4648 10395.6631 3757.1187 0.0000 15117.9590 11370.1934 14415.8057 5161.4316 15362.1768 13668.5850 10989.6240 10948.6865 7744.0220 31.9837 14873.7334 12487.7568 8366.0000 12122.1875 3702.2678 0.0000 3353.0117 7297.9077 7862.6001 5528.4453 7829.6304 840.7532 2011.8359 3775.4099 693.5664 16559.0059 10200.5273 7987.1870 7053.0723 14654.5693 13085.9092 4932.1377 14141.7314 2564.5486 3065.7097 5865.0435 9698.2246 15919.7100 8804.7227 2432.0730 7024.1562 17167.4902 6401.8198 11930.1816
13445.8564 19238.9258 10405.5430 3551.3303 0.0000 14672.4238 11019.6211 14378.0186 4910.1772 14798.8740 13313.8623 10731.8115 10593.5801 7566.1587 34.3624 14562.6699 12210.1885 8155.0801 11788.9053 3626.5847 0.0000 3303.0122 7064.5474 7858.0308 5382.6567 7538.8696 768.1979 1900.3485 2999.3899 676.8176 16276.5430 10013.7051 7796.1704 6745.2666 14190.5596 12734.2227 4939.5898 13702.3193 2506.5505 2948.5811 5159.5815 9474.7363 15614.4307 8459.2061 2114.7471 6841.5894 16780.3047 6214.0698 11866.1826
13154.0732 18704.4023 10186.8857 3567.2761 0.0000 14563.3447 10602.3203 14201.1387 4886.9565 14210.9482 13093.2451 10666.3701 10356.8643 7346.9263 30.0185 14400.3096 12111.5205 7896.1587 11670.5205 3557.0195 0.0000 3219.6348 6865.7300 7929.6304 5198.1509 7382.2461 743.6531 1862.0740 2498.9282 676.9418 16022.5088 9871.1514 7656.5254 6393.4033 13916.3389 12392.9668 4860.4702 13293.3271 2494.4026 2862.2170 4387.3066 9222.2051 15334.5840 8063.0356 2138.0669 6813.9834 16419.2070 6129.9941 11655.9219
12246.6719 18264.0273 9916.9600 3467.9763 0.0000 14051.7090 10111.3486 14123.0664 4624.4761 13664.6230 12562.4600 10354.3535 10188.4775 7226.6382 30.0682 13681.7090 11672.4775 7677.7510 11334.4062 3534.3640 0.0000 3080.8684 6684.0068 7596.7695 5102.4351 7201.6279 714.5888 1863.3947 2513.0203 656.6729 15636.1709 9572.9082 7474.3760 6168.5801 13320.2412 11976.3799 4535.1748 12904.5898 2370.5876 2755.2419 4075.2942 9042.4629 15034.7021 7840.2529 2060.7305 6663.8291 15930.3525 5887.7153 11300.2002
12745.5547 18422.1504 9631.2666 3324.2883 0.0000 13931.5195 10214.6924 13927.1660 4850.4219 13939.6279 12620.1543 10191.8857 10118.5762 7174.4849 30.7024 13587.5928 11722.0781 7690.8970 11381.7832 3421.7327 0.0000 3141.6086 6699.6416 7400.7095 5089.9453 7320.2183 693.6554 1829.9177 2573.2683 581.2969 15583.7227 9572.1797 7529.3901 6349.1255 13111.3818 11846.1631 4467.9580 13259.2080 2411.5779 2753.8811 4853.9277 8912.7402 14999.6748 8281.4326 2080.2644 6603.1895 16017.2441 5775.5093 11203.8613
12674.2725 18602.8613 9661.6338 3381.3545 0.0000 14261.3008 10600.6387 14121.4336 5044.7695 14489.7822 12810.9600 10196.1328 9873.1494 7239.3472 27.3064 13891.2812 11559.8623 7660.5752 11366.1865 3500.8118 0.0000 3337.7979 6756.7012 7475.1807 5231.8442 7105.0166 686.5432 1851.5210 3025.8142 663.4330 15742.0518 9594.2021 7609.6953 6724.3027 13509.2979 12206.1191 4530.2441 13048.5957 2333.4932 2929.2334 6247.7690 8961.1367 15062.9678 8680.0049 2229.8345 6598.2798 16460.4316 6105.0776 11241.0312
13508.4297 19359.9590 10161.7920 3554.5640 0.0000 15082.5928 11334.4941 14650.0840 5364.2695 15532.1299 13621.3740 10858.1758 10780.5859 7859.5010 31.8132 14656.7236 12373.4102 8341.6436 12060.5469 3627.6990 0.0000 3438.4392 6995.8774 7974.8535 5554.3818 7526.3247 878.0386 1870.7777 2959.4587 682.1920 16372.0459 10098.2822 8163.0293 7260.7583 14406.8506 12905.8369 4946.3179 13859.8193 2454.7568 3148.8159 4796.8110 9472.0762 15704.2285 8409.3672 2224.1240 6798.5601 17159.5664 6297.6528 12138.9824
13915.1191 19901.7500 10557.6445 3703.6802 0.0000 15235.3164 11661.6221 14957.1533 5267.1523 15896.5264 14034.6172 11110.8164 11344.2930 7862.9321 32.9119 15074.7627 12729.5195 8631.0088 12487.1582 3851.5105 0.0000 3488.9080 7275.1104 8272.4268 5617.6919 8056.7041 895.9608 1940.6157 2788.0967 725.7208 16765.1602 10451.6104 8362.0430 7450.6646 14962.5293 13310.6855 5061.6455 14303.2451 2490.6831 3214.3577 4398.4180 9795.3896 15982.4912 8395.7324 2364.0918 7112.7734 17467.6387 6500.8018 12525.5693
13952.7979 19973.4551 10505.8604 3869.2622 0.0000 15210.4043 11491.1777 14701.4834 5302.9771 15301.7324 13933.5889 11271.9570 11351.4434 7962.4116 33.6772 15252.6709 12919.4053 8716.9570 12532.5664 3772.4841 0.0000 3231.4329 7314.7163 8450.8301 5522.8052 8112.3638 936.8895 2110.5244 3739.8000 699.2334 16766.4395 10526.9795 8264.2129 7143.2456 15002.0488 13338.1025 4951.0210 14439.1182 2714.9128 3074.3210 4921.0854 10052.0762 16139.5234 8928.4248 2366.7151 7161.6729 17270.3105 6460.5586 12398.4443
12771.3135 19397.6602 10536.4229 3704.5154 0.0000 14388.8428 10576.3887 14348.0479 5032.3652 13864.3398 13116.1992 10715.2354 10646.2656 7478.9912 35.0704 14393.2490 12219.4854 8070.8628 12054.1250 3762.7827 0.0000 3094.7598 6863.7480 8214.9639 5256.4800 7628.1538 923.2352 2124.3008 4600.9443 587.8312 16200.6094 9850.1621 7942.3408 6227.0254 13866.1094 12141.4707 4669.9219 13798.8213 2539.3782 2813.5527 5436.6265 9807.2686 15457.6611 8790.9160 1955.8109 7011.3101 16300.5908 5936.9873 11767.8438
12072.9883 17707.0586 9553.4512 3387.4648 0.0000 13795.3896 9925.9453 13902.6611 4611.9614 13436.0244 12265.1875 9955.5654 9792.0791 6860.1733 31.1130 13482.4326 11522.5977 7431.1064 11320.1064 3473.1353 0.0000 3034.2102 6620.1299 7330.3574 5056.2427 7123.6865 710.8812 1824.3270 3174.7751 566.5956 15464.6729 9367.2920 7357.2217 6005.0874 12937.3779 11715.1895 4330.4253 13093.4990 2363.2073 2697.8831 4690.2021 8855.7969 14902.4082 7739.4043 2091.3621 6335.4302 15789.3369 5848.1235 11113.4707
12407.5215 17928.3711 9661.8711 3330.6931 0.0000 14076.3408 10287.7256 13922.2363 4612.2334 13889.5732 12484.2832 10180.4766 9749.4121 7083.9517 31.5277 13779.6719 11537.0273 7515.9141 11219.5918 3496.2090 0.0000 3046.4548 6677.1118 7345.6685 5246.7544 7215.4043 720.3423 1851.8087 2568.8962 580.8887 15571.2764 9383.3057 7376.6729 6323.9121 13175.8398 11944.4111 4411.6616 13211.0713 2233.0063 2799.5754 4190.0103 8796.0576 14896.6260 7755.3359 1749.7368 6336.8677 15983.2480 5872.2588 11219.2783
12982.2139 18515.7793 9733.7422 3400.8845 0.0000 14581.4658 10957.7295 13954.5342 4938.5586 15145.3779 13158.4854 10478.8525 10271.7412 7211.8423 46.0707 13993.4639 11857.6553 7940.6089 11565.9326 3473.8674 0.0000 3458.7573 6833.3003 7578.2329 5469.3066 7362.3013 739.9812 1863.7186 4008.1995 632.2132 15842.7832 9826.7344 7645.2861 7013.8667 13741.4121 12588.5010 4486.1040 13420.0547 2341.8875 2946.1968 5519.6997 9156.4697 15220.8779 8423.3682 2086.1697 6550.3311 16766.6641 5982.4526 11359.6514
14071.7314 19771.8828 10024.4727 3601.6951 0.0000 15209.9082 11608.5312 14359.8203 5396.7427 15645.4668 13862.3408 10990.2764 10987.4688 7922.2129 49.0415 14890.1025 12561.8320 8595.4375 12287.4434 3616.4202 0.0000 3488.5627 7245.4854 7985.6738 5621.0942 8027.8945 746.1667 1962.1216 3343.9976 744.2068 16559.6055 10455.0264 8016.9478 7336.2422 14910.8604 13320.1836 4857.6968 14139.9102 2465.6382 3077.6155 5065.4463 9669.4756 16012.8975 8612.7695 2447.9561 7150.1084 17372.9238 6471.4780 12305.6826
13381.8145 19314.5742 10373.4629 3613.7639 0.0000 14784.9053 10997.2080 14559.8271 5181.4746 14591.0967 13465.9053 10930.0146 10954.2871 7684.5000 35.9527 14940.2402 12450.1182 8214.1543 12159.4512 3838.4731 0.0000 3245.9475 7146.0303 8084.0508 5519.3037 7740.9189 823.7377 2060.9666 3114.7705 728.8253 16486.7695 9944.4785 7887.4951 6837.3022 14365.8594 12751.9180 4850.1445 13882.7949 2597.2061 3002.1519 4250.0088 9766.4316 15849.8203 8291.2705 2130.7366 6971.3145 16799.4023 6160.9331 11941.5303
13050.2539 19517.6406 10418.1992 3670.6511 0.0000 14781.4375 11100.4521 14592.2305 4987.5942 14449.4463 13388.5449 10968.3643 11008.9990 7529.9385 37.1637 14701.3359 12465.2432 8313.8564 12155.4033 4071.3723 0.0000 3238.3352 7105.9746 8403.3730 5502.2402 7737.4736 1052.4600 2070.9424 3698.7466 633.9995 16433.2910 10072.2266 7914.1675 6582.0537 14318.9854 12696.9092 4680.5273 13870.3789 2525.5061 2929.2976 6540.1211 9729.5137 15848.8945 8543.3633 2026.5957 7146.4253 16618.2266 6009.9800 12054.5850
12753.3008 17764.3008 9831.5293 3412.4333 0.0000 14356.7305 10459.4492 14183.0840 4966.2715 14681.3662 13000.1338 10271.0361 10072.9697 7387.6025 37.9038 14164.1973 11733.7979 7836.0908 11713.7383 3639.4731 0.0000 3343.7864 6879.6606 7548.0444 5355.7104 7391.8276 801.9218 1884.5139 3396.5933 587.6506 15967.6260 9984.5049 7833.7783 6786.3330 13795.2100 12465.1455 4620.4194 13852.0186 2411.9622 2911.6228 5455.1040 9048.1279 15374.7070 7922.3940 2177.9099 6642.1348 16688.4453 6093.5190 11534.4141
13782.5186 19298.6953 10202.9141 3573.8406 0.0000 15112.5830 11400.4980 14444.4160 5370.4419 15440.9189 13902.9043 10971.5361 10821.2734 7666.8950 33.3257 15007.8818 12460.2471 8384.5869 12270.3330 3558.0049 0.0000 3364.3154 7209.4707 8062.2451 5630.0615 7891.9331 646.3038 1924.5486 2548.0137 658.3894 16587.8750 10375.0352 8221.4951 7175.4580 14735.3154 13100.8926 5029.7241 14257.7891 2591.4419 3014.5789 4214.4287 9420.6777 16126.1924 8306.4492 2210.5471 7191.1021 17196.8320 6360.0225 12287.3027
13397.8828 19976.7695 10445.2373 3682.3457 0.0000 15120.4736 11326.3945 14540.6436 5073.6602 14942.1807 13704.0176 11233.1826 11016.7021 7665.8315 27.4298 14951.4941 12681.0967 8456.7764 12357.5283 3815.2446 0.0000 3250.4084 7300.7178 8364.3330 5519.7725 7996.8511 1023.3488 2125.1597 3329.8574 712.2178 16646.0352 10288.1748 8078.0073 6936.3267 14706.1553 13071.2959 4965.6562 14213.6582 2668.4597 3022.6890 4838.9019 9740.9727 16134.5947 8550.8184 1946.3895 7093.1240 17085.4258 6286.6812 12275.6680
13178.0449 18425.9785 9745.7539 3499.3918 0.0000 14670.2842 10855.6865 14182.4170 5057.2598 14880.3633 13265.3672 10585.4492 10435.4668 7533.0962 29.0584 14398.9766 12145.4248 8190.7212 11879.4512 3574.1870 0.0000 3289.1938 6990.1924 7913.6455 5395.9990 7528.0864 749.3737 1946.2980 2490.9707 702.7828 16192.9941 10055.6406 7720.3647 6913.1997 13970.8877 12609.1006 4842.8413 13860.8936 2432.7913 2930.9810 4201.8345 9191.4189 15651.1348 7923.2256 2148.9373 6773.3789 16845.3027 6108.5024 11861.1826
13780.9375 20333.6934 10331.3574 3842.2844 0.0000 15058.9355 11284.3984 14646.0869 5162.7261 14972.2422 13561.1982 11040.4268 11048.6943 7812.5923 32.8210 14916.1465 12629.4258 8434.5381 12271.1152 3974.3557 0.0000 3255.6333 7257.7480 8110.2876 5559.0786 7868.8335 1117.1725 2229.9275 4510.7803 687.7516 16565.3496 10341.4795 7988.9639 6961.3496 14641.1602 13050.5938 4935.4863 14124.6299 2521.8882 3087.9368 6092.5864 9853.1543 16076.2627 8996.2725 2165.3782 7037.7212 17071.6543 6255.0957 12200.6357
12581.7910 18609.2266 9874.2949 3543.3450 0.0000 14463.3047 10654.6377 14319.3447 4943.8042 14794.6797 12951.0781 10373.8994 10275.2920 7484.6157 32.2493 14097.3232 11949.3184 7978.4189 11741.1230 3626.5999 0.0000 3340.6201 6835.9390 7853.0762 5563.5928 7382.7437 782.6684 1965.4855 3140.5754 658.2360 16045.1982 9847.2998 7757.2769 6884.3804 13649.8818 12305.0205 4667.8618 13744.2451 2524.9771 2920.0830 5442.2388 9229.9258 15518.6113 8444.0078 2063.8457 6721.2896 16723.6836 5952.7847 11474.4600
13729.2031 20071.1934 10306.7500 3770.7180 0.0000 15258.9072 11421.5781 14387.5635 5134.5376 15309.1191 13776.3936 11279.1943 11015.0635 7931.7007 39.5260 14891.5088 12803.4678 8541.1689 12344.3672 3837.6777 0.0000 3263.6067 7230.1567 8300.5742 5629.0186 7951.0776 931.7245 1996.8212 2825.8823 662.3635 16673.5430 10343.2422 7993.1387 7128.1924 14832.6787 13252.6680 5133.2910 14388.5391 2602.8594 3109.4116 4412.2637 9576.7061 16083.6514 8378.8408 2200.6890 7179.3369 17295.2773 6414.2109 12404.0283
12996.0254 18541.8848 10065.5947 3474.6404 0.0000 14696.9072 10917.1426 14218.9814 5109.9253 14921.3662 13099.7246 10531.5078 10363.8799 7314.3853 34.3471 14264.8291 11888.1436 7975.1299 11781.7793 3608.3340 0.0000 3202.4841 7139.2183 7704.0962 5511.2446 7486.1196 712.2891 1874.2579 2337.9485 725.7225 16205.3779 9930.0225 7668.3516 6876.4717 13885.3232 12519.9326 4804.8149 13527.8984 2469.9497 2926.8550 4171.7368 9137.8164 15789.7168 7929.6250 2226.0994 6762.2676 16833.4238 5989.0542 11652.3008
13630.6494 19855.2070 10385.0166 3659.4575 0.0000 15171.3857 11521.5859 14519.9199 5093.8965 15315.5908 13795.1572 11173.9736 11013.4209 7796.1328 25.6947 15126.0752 12590.7627 8324.3604 12204.9346 3853.8977 0.0000 3180.4631 7224.1909 7873.8101 5637.8936 7861.0000 939.4384 2058.0706 3813.9465 719.2795 16606.7988 10345.2148 7994.3174 7042.1270 14861.1836 13171.9668 5003.8877 14496.0879 2610.6143 3072.2268 5701.2788 9703.8555 16088.9248 8729.1621 2375.0796 7069.7207 17198.9512 6352.4404 12229.8389
12721.5488 18515.8672 10102.2578 3526.4604 0.0000 14416.1748 10524.0303 14267.6172 4806.0742 14580.8867 12915.3203 10447.9648 10349.8457 7334.6577 29.1029 14063.0000 11935.5068 7810.3931 11663.9209 3664.4163 0.0000 3244.1057 6948.7769 7672.8345 5390.2661 7380.0605 794.7726 1878.6614 3228.4668 668.5170 15985.6787 9772.2666 7626.2568 6763.3296 13711.6846 12349.7773 4838.6626 13577.9424 2515.6069 2869.7139 5332.2358 9338.3037 15534.1650 8398.2314 2227.9658 6703.1494 16656.8320 6059.6274 11491.4629
13267.4541 19001.4941 10112.1631 3463.8313 0.0000 14583.6582 10802.1426 14286.5244 4891.8574 14569.9990 13161.8359 10777.7852 10451.9033 7486.9067 34.5519 14582.5586 12170.2637 8081.5215 11853.3838 3543.8384 0.0000 3281.2117 7071.4229 7922.3735 5397.8608 7588.3477 613.5815 1866.7981 2310.2649 725.1628 16144.9922 9893.4121 7636.0615 6786.2017 14100.7510 12606.9922 4862.2822 13730.0801 2552.1721 2910.6458 4415.7070 9314.7822 15653.9697 8191.2363 2277.4807 6846.7070 16798.3926 6201.1382 11703.1768
13041.7979 19772.6953 10229.5137 3679.4553 0.0000 14772.5703 10773.2129 14882.4414 4858.8296 14620.1533 13202.7930 10832.7314 10634.0088 7524.9976 34.6193 14697.1016 12334.9971 8036.8496 12001.7949 3864.7920 0.0000 3299.9636 7001.5186 7793.6426 5479.2739 7416.0732 970.3900 2066.3792 3391.0049 708.4198 16314.6299 10013.2334 7953.0337 6789.8931 14188.1484 12661.9102 4881.4805 14019.7373 2514.3657 3000.1841 5711.8711 9680.4648 15753.9844 8598.7549 2138.1775 6880.1021 16722.5039 6183.2368 11921.5703
13296.7725 19661.6465 10541.3584 3676.9495 0.0000 14832.1338 11180.4111 14670.8174 4965.1909 14918.9033 13428.5938 11025.6035 10725.0049 7447.8804 33.0744 14695.4160 12418.3545 8161.7988 12014.2891 3785.9846 0.0000 3270.8804 6997.1938 7825.1006 5440.9556 7701.5908 931.4448 2044.6610 4165.1890 744.1616 16418.5508 10057.7461 7859.5874 6910.8896 14403.4873 12813.4629 4895.1128 13996.0879 2566.0518 3031.6592 5601.6050 9728.3066 15783.2354 8772.2314 2306.4272 6903.0034 17021.0059 6256.4922 12073.5225
12854.3125 19885.4922 10560.0400 3591.8486 0.0000 14605.2637 10704.9297 14705.7158 5117.3623 14151.8057 13315.3340 10804.1016 10823.6016 7458.9028 29.8547 14553.9141 12500.7822 8081.3789 12174.6084 3594.6038 0.0000 3129.2498 6872.3721 8056.1982 5240.7261 7721.4727 706.3854 1916.6293 4845.0190 722.3255 16285.9453 10039.3184 8254.7158 6510.6133 14183.9971 12665.0566 4781.3105 13953.7803 2358.8044 2877.0410 6838.0117 9623.8145 15779.4766 9246.4375 2143.8223 7100.3145 16576.2930 6264.3804 11877.2305
13377.0146 19166.3965 10278.6797 3597.2725 0.0000 14666.9902 11052.7549 14572.2881 4783.4858 14963.4766 13234.0127 10853.7500 10662.6904 7454.8325 31.3923 14399.7002 12234.9922 8130.8735 11919.0469 3834.0149 0.0000 3322.8840 7062.4717 7875.2812 5506.4629 7660.6050 827.4499 1957.3088 3233.9167 673.5032 16299.5908 9898.5586 7889.0225 6961.3003 14202.9004 12742.9229 4910.7744 13670.1025 2546.2864 3003.0000 5104.0864 9375.0156 15666.0957 8417.5654 2250.6345 6947.7983 16909.2910 6235.6543 11807.2900
13530.4541 19163.4727 10135.6924 3540.4626 0.0000 14811.9092 11280.7793 14384.3799 5104.8306 15224.1367 13480.9951 10780.2002 10769.2402 7586.1035 34.3969 14692.6543 12373.6289 8266.4355 11999.3584 3987.6421 0.0000 3313.5076 7041.0469 7824.6025 5557.9985 7685.1162 961.5088 1938.6539 2473.2944 680.5166 16417.6953 10121.2715 7890.5713 7030.9907 14474.3984 12850.7441 5073.0249 13850.9795 2648.7522 3080.3982 4257.8359 9536.7363 15817.2188 8186.0527 2232.6890 6809.3945 17093.0723 6267.9360 11896.5371
13032.9268 18987.2676 10393.3867 3539.2385 0.0000 14566.2832 10718.1348 14764.0146 5033.1416 14282.5059 13203.2451 10633.7920 10783.1348 7525.3525 23.2631 14540.5957 12276.2656 7999.7681 12068.0781 3833.1836 0.0000 3219.6262 6966.5898 7868.4399 5435.2217 7517.2939 767.3817 1957.3064 2579.3608 687.1191 16258.5049 9934.2363 7975.7275 6553.0430 13992.8223 12497.4375 4778.0879 13779.0635 2486.5125 2933.4431 4520.8706 9524.3271 15600.8350 8223.6221 2144.8118 6933.0889 16542.9375 6197.4717 11956.2822
13513.9971 19145.9434 10294.0400 3488.3423 0.0000 14819.0586 11171.2051 14358.5908 5035.3804 15344.9541 13212.1523 10866.7139 10657.2363 7538.1846 34.5504 14416.9678 12306.8320 8169.7124 11924.3086 3621.6821 0.0000 3317.6406 7163.1777 7838.8560 5463.2856 7657.6470 673.7527 1880.0338 2513.5447 726.9656 16386.6426 10157.8770 7869.9556 7093.7231 14316.1807 12835.3213 4847.8750 13954.1992 2546.2920 3013.6960 4277.8843 9375.7988 15786.8525 8206.8223 2327.6633 6770.3613 16954.5488 6190.5117 11932.8076
13048.3711 19201.2520 10138.1729 3622.8037 0.0000 14624.0615 10880.1670 14577.0918 4979.1357 14837.3828 13195.8916 10791.0146 10658.6611 7566.8950 44.4483 14252.1172 12435.9834 8131.2671 11887.9287 3712.4966 0.0000 3325.5947 7006.1245 7998.7114 5469.7793 7739.8320 764.2302 1918.4083 2353.5950 696.3947 16285.9336 9908.0293 7817.5581 6863.3853 14143.1670 12740.4629 4871.8525 13864.8203 2427.3293 2991.2878 4168.8262 9426.6035 15639.3115 8146.2324 2106.5352 6899.5659 16812.7012 6185.1514 11908.1523
13174.6494 19054.1680 10319.5791 3533.9944 0.0000 14540.0889 10679.7148 14461.1328 4810.5850 14794.7041 13002.0820 10709.8125 10484.8623 7570.3193 29.3326 14379.4326 12091.7793 7961.9829 11778.3291 3625.8486 0.0000 3222.3552 7010.7271 8111.3906 5454.6357 7459.0835 727.6556 1868.2959 3546.0447 637.2990 16166.6553 9734.4551 7662.9761 6869.6709 13931.2344 12549.8809 4736.1831 13406.1416 2462.2893 2931.4507 5702.8647 9422.5674 15576.5293 8602.9463 2124.2588 6698.6572 16730.0312 6176.0073 11773.5869
13553.9619 19065.1445 10308.0938 3530.7217 0.0000 14640.9541 11087.4590 14146.1387 5047.0249 15016.6240 13344.2666 10838.4854 10595.9814 7516.2510 25.6684 14640.0518 12174.5635 8172.6562 11862.2070 3722.7070 0.0000 3215.1125 7021.9136 7703.1929 5430.0435 7702.7412 850.0626 2053.5813 3211.8362 676.7284 16245.8115 10067.4717 7791.7334 7000.7153 14298.2461 12778.6621 4896.4438 13733.5303 2521.5125 3008.1023 4839.8701 9349.7715 15722.0898 8289.0938 2194.8464 6884.7617 16909.2988 6176.2588 11800.9268
12917.4619 18823.9414 10107.3174 3514.4905 0.0000 14504.8457 10625.6211 14213.7031 4774.2002 14514.0049 12941.4189 10638.5850 10404.4863 7333.3359 32.1121 14092.8281 12009.1289 7941.4468 11739.0195 3667.0881 0.0000 3180.9473 6913.8813 7905.8833 5300.8442 7517.1719 762.7189 1910.9794 2903.7236 713.2390 16127.6162 9930.3799 7748.6382 6897.1758 13855.8740 12532.0430 4862.2720 13584.6299 2494.2632 2917.0674 4579.8340 9252.9736 15533.6768 8125.2173 2083.9912 6818.3604 16702.4805 6142.4492 11542.6572
13378.2744 18952.9688 10076.6172 3494.4846 0.0000 14828.6357 11344.7080 14458.2031 5129.9712 15206.6768 13301.4775 10798.9268 10554.8799 7571.2881 37.3780 14478.6895 12260.6904 8242.1172 11847.7402 3723.9717 0.0000 3351.7200 6982.8765 7982.9551 5433.9077 7648.0054 797.5419 1861.7195 2283.0762 658.5826 16299.0166 10078.4424 7781.5435 7064.5898 14353.0684 12869.2451 4786.8823 13501.1729 2589.2075 3037.4160 4296.9116 9341.9980 15696.1973 8116.4409 2275.5200 6876.2119 16932.8535 6211.2944 11891.7285
13121.3398 18696.2383 9998.0186 3569.3171 0.0000 14704.2617 11038.7666 14317.0283 5004.7163 14867.2686 13147.0537 10620.8125 10520.1738 7446.3486 32.8267 14382.9756 12063.6660 8084.9551 11786.9766 3830.9639 0.0000 3294.8416 7093.1670 7780.9390 5357.6523 7624.6743 849.9886 2011.0508 2462.0632 702.8746 16180.7227 9971.0635 7777.9741 6872.4834 14109.3125 12642.0840 4806.0483 13758.6689 2419.3679 3017.0591 4018.0098 9255.9258 15577.5986 7951.9536 2118.4460 6785.8862 16826.3301 6057.8979 11577.1758
13167.6064 18919.9629 10027.6611 3538.0371 0.0000 14872.9961 11195.8828 14188.4980 5387.3096 15066.0723 13473.3232 10799.6006 10559.9629 7786.5518 31.6831 14628.4092 12280.2354 8238.4629 11900.1279 3633.6079 0.0000 3239.0779 7094.0596 7815.3369 5351.2964 7703.3496 757.6179 1947.4614 2585.8704 743.7900 16351.2129 10158.0400 7911.0322 6956.8022 14443.2812 12908.4922 4917.9297 14243.0352 2462.9138 3002.2937 4383.9629 9331.6777 15710.4863 8103.8276 2294.7400 6810.7754 16986.0117 6153.6235 11922.6367
13182.1104 19141.8633 10295.7900 3438.9912 0.0000 14682.6699 11227.8447 14291.2578 5055.6826 14804.1104 13244.1445 10688.2812 10730.8193 7602.2563 35.3503 14554.5889 12189.4922 8178.2314 11930.0371 3530.5557 0.0000 3250.9556 6967.1396 7729.8604 5420.8408 7649.6865 630.3536 1850.3113 1941.6522 717.0166 16187.2500 10040.3877 7822.3101 6832.2900 14260.9658 12633.7383 4744.3228 13742.5830 2479.2937 2938.3035 3922.6931 9339.3955 15560.3711 8033.2856 2115.5618 6793.0312 16776.5801 6014.8389 11657.9316
13119.8271 18974.4219 9779.0703 3640.5911 0.0000 14656.4219 10941.2666 14165.8613 5154.7764 14777.0869 13178.1875 10675.8252 10525.0049 7426.5625 34.3601 14454.7744 12125.1826 8164.8545 11768.4453 3541.2568 0.0000 3243.3198 7042.7686 7659.3032 5412.4902 7507.1162 1004.1147 1929.5579 3740.3469 683.2219 16184.1201 9902.2402 7819.5361 6788.6992 14049.3262 12658.0371 4750.3125 13770.2744 2553.5732 2990.3203 5163.4731 9300.8750 15463.1875 8335.0596 2254.4160 6892.5303 16704.3418 6176.9048 11623.5693
13022.0635 19193.3516 10195.2373 3570.1921 0.0000 14730.8506 11080.7588 14314.7666 4956.7510 14967.9980 13185.5840 10740.8662 10468.3145 7544.8213 30.4222 14562.8086 12324.5527 8122.6436 11872.1250 3632.8840 0.0000 3335.0791 6932.0557 7666.2881 5447.5698 7562.2256 830.9669 1895.6035 3151.9526 606.9216 16237.0801 10043.5293 7854.2578 6882.2964 14157.3662 12689.7568 4787.0293 13528.4541 2580.1943 2974.7549 4965.9912 9462.2881 15539.6592 8365.9609 2230.2153 6798.5908 16801.9199 6213.8066 11718.4893
13072.7451 19278.9902 10147.7568 3530.3892 0.0000 14837.1055 11143.2090 14259.3994 4872.3584 14868.6846 13236.9727 10839.3555 10655.6338 7426.4126 35.2649 14363.5137 12214.3730 8080.7207 11875.8545 3626.7800 0.0000 3339.7358 7048.2119 7865.8926 5461.3755 7595.3628 648.4236 1818.1028 2632.7109 698.9122 16289.0488 10018.5176 7792.9526 6914.6812 14289.2461 12736.7812 4755.1372 13843.8076 2403.9434 2951.7542 4713.4224 9414.2373 15604.1611 8317.6865 2038.7792 6807.9346 16866.4258 6163.9790 11887.4814
12923.7852 18969.5000 10100.8184 3577.0559 0.0000 14751.2334 11123.5469 14230.2666 5380.9434 14812.1670 13326.6572 10818.7109 10628.6309 7736.0435 31.6914 14406.9434 12140.0986 8266.0068 11833.0400 3499.4307 0.0000 3231.4260 7041.9600 7848.6353 5364.6382 7651.6084 729.6379 1929.0686 2867.9167 707.2728 16359.3584 10077.5215 7901.6157 6816.0239 14234.9883 12758.6006 4849.2046 13916.4141 2490.4509 2943.6514 4473.0703 9379.1240 15600.1875 8283.5039 2203.4604 6727.0122 16838.3242 6322.1050 11866.0898
12982.0752 18904.8555 10020.2119 3640.3418 0.0000 14620.7080 10966.0957 14380.8369 5126.6758 14569.4502 13249.9209 10772.6865 10580.7793 7522.0884 29.3798 14556.5225 12105.0986 8128.9600 11826.8281 3815.8813 0.0000 3260.1428 7032.3774 7911.9937 5406.7798 7584.3628 914.4572 2100.6523 3358.9319 704.2283 16230.3086 9928.6582 7936.6230 6754.3003 14161.8447 12671.8701 4745.4541 13867.2852 2418.0444 2992.1748 4560.8984 9373.3965 15566.4580 8204.9053 2229.0195 6811.5605 16754.5645 6227.1133 11809.6729
13167.9277 18860.3867 9977.9609 3405.2771 0.0000 14534.0830 10826.5889 14595.6953 5011.7051 14556.8975 13083.1768 10592.6855 10478.9502 7491.7700 26.8855 14252.8770 12174.7832 7921.8291 11834.2412 3708.4900 0.0000 3213.4597 7011.0625 7734.7480 5377.8184 7399.3101 788.6006 1954.5675 2706.7986 722.1595 16123.6602 9934.4873 7931.8838 6725.0923 13913.2656 12597.6406 4801.1636 13505.4834 2492.2578 2965.0393 4300.7871 9317.9229 15526.8623 8055.2026 2238.2500 6682.3730 16635.4004 6226.2104 11658.1074
13256.2803 19006.5234 10310.9570 3480.0520 0.0000 14569.5498 10742.9326 14346.8564 4979.0273 14661.6299 13097.1279 10768.0117 10499.4258 7373.2700 33.4647 14192.8652 12170.3838 8048.8545 11825.0498 3583.8044 0.0000 3240.9521 7046.0068 7831.9360 5422.4854 7602.9355 640.8764 1840.1934 2373.9080 640.4924 16118.4082 9857.1885 7870.0771 6760.3188 13981.9229 12654.7744 4800.8350 13630.3760 2519.2478 2937.0876 4435.0928 9296.3740 15395.5391 8098.3853 2305.5435 6830.0063 16718.0781 6193.3042 11534.9053
13328.2490 18963.2363 10229.8975 3609.6479 0.0000 14648.6904 10956.4854 14335.8936 5068.9268 14881.0273 13119.8154 10567.0254 10464.8799 7330.0171 36.9230 14399.5020 12095.5576 8048.3862 11789.0557 3822.5742 0.0000 3297.9753 7020.1040 7687.0044 5365.5229 7574.1172 1059.8452 2026.9332 3498.6860 643.5552 16180.6982 9937.7920 7782.8911 6910.1992 14003.0547 12648.3184 4924.7568 13698.1709 2546.1714 3026.8132 4694.7505 9304.6562 15435.2832 8126.5244 2169.5815 6658.6885 16763.8359 6178.4902 11731.3408
12834.2969 19005.6836 10122.9570 3733.0366 0.0000 14654.4238 10941.7363 14329.5088 5013.1426 14790.8184 13142.5039 10612.6572 10481.8916 7460.6895 39.6589 14684.5059 11960.2207 8062.1543 11759.9619 3693.4397 0.0000 3335.1340 7027.4878 7631.1079 5345.7847 7568.9341 1025.0647 2093.8711 4147.7559 704.6942 16185.3330 9951.6855 7810.6484 6860.5879 14144.9766 12616.7402 4697.9028 13790.5400 2486.6790 3014.1077 4962.4883 9415.4248 15438.3076 8367.7598 2108.2705 6860.4902 16789.5176 6008.0210 11698.4570
13305.0791 19169.6523 9821.8584 3632.4609 0.0000 14654.1855 11090.7656 14239.0391 5042.3267 14685.1641 13363.8350 10799.0488 10493.2803 7570.8496 41.3118 14527.9072 12235.0488 8111.8911 11864.0566 3531.5356 0.0000 3216.8625 6998.8340 7608.5112 5379.0444 7570.9800 763.9116 1976.9612 3290.1982 702.8445 16273.1582 10055.6748 7954.6636 6820.6592 14213.8545 12705.7676 4716.9307 14079.4639 2558.1604 2905.8230 5194.2676 9451.6455 15712.3252 8596.4463 2095.7517 6914.6470 16716.9785 6321.6416 11967.7988
13291.0967 19174.6973 10183.3633 3464.1594 0.0000 14593.5869 10834.9736 14477.4814 5052.3765 14602.6191 13269.9570 10790.3223 10520.1934 7575.2056 34.5610 14351.0957 12109.1152 8168.4019 11865.0557 3650.9353 0.0000 3214.0764 7054.8813 7710.3350 5318.3208 7548.4717 684.0597 1881.2109 2582.9912 714.1245 16193.1514 9891.6846 7922.5283 6669.1831 14120.1230 12651.8809 4716.8770 13724.0566 2465.4478 2904.4492 4842.6064 9380.7803 15591.0029 8370.0781 2135.8789 6877.5728 16665.5215 6210.1089 11824.8711
13279.0107 18935.5938 10240.9238 3508.1309 0.0000 14489.6982 10778.1035 14507.6582 4927.9946 14474.5977 13029.0576 10726.5449 10419.8604 7377.6748 33.5216 14440.9873 12019.0449 8030.3833 11853.1885 3628.8083 0.0000 3176.9556 6907.4033 7994.7070 5345.6836 7515.6743 702.2836 1858.3380 2709.5269 650.4833 16054.0283 9813.3604 7830.8481 6690.8042 13924.5195 12529.6445 4802.5869 13460.3691 2441.6118 2916.6682 4505.8257 9319.0215 15431.8047 8231.3584 2175.1765 6675.2148 16613.8750 6166.4946 11771.7861
12939.4482 18594.8262 9975.4512 3402.0969 0.0000 14404.1592 10740.7969 14311.4092 4768.3579 14476.3525 13069.9932 10405.2881 10361.4600 7246.8716 34.2855 14061.7129 11962.2178 7979.2935 11764.9092 3566.6589 0.0000 3216.4575 6923.4951 7616.4517 5295.9282 7457.9111 641.6432 1871.5977 2442.3259 586.5911 15924.2705 9776.2891 7725.5190 6730.1060 13835.5850 12561.4385 4790.8906 13577.6455 2377.8391 2879.9658 4311.8857 9173.6338 15358.2334 8100.1440 2079.5491 6666.7300 16561.0723 6147.2886 11685.0752
12972.4717 19228.4277 10121.3066 3534.6724 0.0000 14570.1025 10764.4355 14196.7246 4972.7026 14621.6484 13076.2021 10407.9756 10497.3750 7402.6611 35.7902 14291.9990 11912.5371 8063.1265 11764.0557 3704.3887 0.0000 3224.2275 7072.0557 7597.6826 5401.8442 7548.6050 1008.9716 2007.4756 4738.3555 692.9725 16128.1924 9923.9707 7762.9463 6775.8242 13978.9541 12611.7803 4679.4600 13376.4072 2453.1562 2927.3867 6355.5518 9377.2705 15419.8652 8852.8320 2072.9119 6842.6396 16666.2422 6156.7793 11493.1260
13049.6230 18880.0293 9930.4512 3560.7126 0.0000 14586.2520 11043.9004 14058.9326 5281.9346 14635.9795 13172.4346 10679.5908 10388.2891 7486.7305 27.2670 14255.8955 12099.0195 8105.7891 11791.6055 3521.8733 0.0000 3120.6292 6926.5249 7821.0942 5373.9434 7625.9058 776.8950 1928.3159 3142.1392 691.2490 16145.8359 10029.0234 7771.6460 6810.5376 14067.6221 12553.0732 4803.1143 13813.9434 2509.3906 2935.0894 5008.1650 9326.4365 15479.6787 8469.4736 2197.1763 6717.0283 16642.8457 6151.5547 11721.9102
13015.6719 19167.5430 10199.3555 3577.3662 0.0000 14537.5537 10861.8848 14455.5723 5094.2378 14570.6484 13157.1494 10781.1328 10559.7344 7356.7178 25.5988 14307.4570 12139.6875 8038.3062 11908.4883 3702.0708 0.0000 3181.6152 7104.3848 7812.8657 5322.8667 7581.6240 860.2756 2009.7510 4507.3892 687.5955 16162.2959 9933.3164 7861.5908 6805.2568 14020.5840 12541.0391 4766.4990 13707.7627 2471.3113 3009.5188 5460.8066 9547.3428 15591.7773 8778.9736 2069.7168 6840.5498 16654.5859 6220.6792 11787.5898
12935.7666 18715.8164 10167.1758 3542.7031 0.0000 14488.6855 11004.7295 14237.1836 5045.0776 14606.8164 13081.9824 10676.9688 10369.2031 7182.8882 35.3812 14220.3809 12041.9990 8019.7988 11799.3203 3596.9619 0.0000 3243.5278 6943.2324 7647.2593 5381.9512 7483.3037 768.7526 1956.4131 3368.3835 697.6047 16158.3047 9886.1807 7724.0425 6855.4341 14032.2002 12534.8662 4795.2212 13776.7100 2513.3955 2972.2747 5011.1685 9304.1191 15537.1758 8414.8770 2131.5847 6839.8706 16649.2324 5992.2412 11770.0801
13081.2959 19152.2578 10127.7227 3538.3789 0.0000 14673.5254 10992.1650 14229.5449 5200.3281 14864.5654 13258.3770 10695.8691 10582.9619 7527.0776 38.3632 14316.3574 12218.3018 8201.3975 11949.5879 3548.7466 0.0000 3345.1040 6894.7646 8045.7388 5218.6646 7735.6489 694.6584 1900.6576 2533.0955 674.9915 16197.9375 10095.4619 8073.8188 6810.6855 14244.3545 12696.0742 4664.0518 13692.8877 2387.4653 2956.4146 4841.3540 9332.3496 15605.6543 8287.6377 2172.2236 6781.6904 16723.5410 6375.3887 11875.4355
13172.6699 19076.4688 10180.5801 3561.7141 0.0000 14662.9873 10859.6807 14306.6494 5028.3857 14691.5713 13144.5312 10672.0479 10658.2988 7551.2881 30.1753 14319.1191 12186.8779 8070.4321 11845.4922 3635.2124 0.0000 3280.4727 7104.1475 7982.4429 5307.7881 7599.9800 806.7343 1937.2897 2658.1453 733.8393 16104.8887 10026.9893 7795.3198 6843.1245 14132.6133 12662.1904 4822.1841 13828.5420 2565.2705 2991.7605 4596.1353 9301.1240 15563.2451 8229.6875 2127.7424 6940.3467 16795.0859 6113.9556 11675.3320
13124.9268 18964.8457 10091.9541 3525.9846 0.0000 14673.4004 10810.4297 14451.1836 4645.7837 14814.0498 13292.3496 10747.0684 10660.8057 7504.9038 30.4106 14618.4355 12075.1963 8070.4688 11871.8887 3628.5857 0.0000 3224.6443 7036.3862 7929.0894 5377.7651 7444.5996 761.3282 1914.6930 2793.1125 673.4805 16191.1992 9889.1240 7720.0928 6823.5010 14014.3584 12560.2695 4800.0728 13387.8682 2481.8726 2939.5220 4589.9434 9494.3018 15656.0625 8278.3203 2322.9163 6943.9771 16787.4531 5844.4072 11801.0879
13358.1660 19035.4805 10187.5957 3667.7393 0.0000 14537.4346 10779.9482 14341.9443 4974.7026 14724.1299 13110.1816 10736.5361 10626.0234 7414.5552 34.5125 14421.3926 12068.5273 7994.3301 11884.3711 3678.1895 0.0000 3326.3093 6949.6294 7812.7959 5382.4878 7577.2466 894.0913 2021.8800 4215.5430 641.0771 16214.8936 9898.0859 7782.6978 6817.9570 14064.0889 12559.5420 4701.5737 13551.8740 2490.2009 2958.3027 6141.6216 9718.4941 15599.3740 8397.0674 2163.8179 6788.3462 16682.4082 6208.1641 11711.2002
13244.6572 18823.8223 10102.5732 3525.3428 0.0000 14623.2705 10789.6748 14222.3730 5004.2544 14646.6973 13010.9746 10520.2979 10447.3486 7450.3335 35.5193 14233.6924 11992.8115 7979.6836 11748.6230 3505.2131 0.0000 3258.1641 7053.1938 7933.1870 5406.2607 7530.2969 746.8032 1922.6414 2984.2141 642.0455 16044.0303 9947.9092 7705.3872 6761.0703 13863.3574 12451.2764 4722.1309 13582.2695 2443.4224 2905.2761 5123.5791 9212.8242 15452.5215 8194.6201 2087.2993 6894.5903 16678.8984 5993.4468 11682.5400
13143.3184 19120.5957 10043.4502 3701.1018 0.0000 14606.0469 11063.9482 14441.4775 5150.3667 14777.5811 13268.2715 10732.9775 10706.1494 7551.3647 38.2915 14594.5244 12223.5850 8255.9307 11934.2588 3658.6895 0.0000 3321.4175 6933.8491 7809.0176 5432.8325 7702.6382 985.6811 1961.2419 3318.3826 685.0283 16274.9697 10037.5166 8006.6846 6791.5405 14221.7305 12704.7451 4899.8379 13827.0234 2443.4746 2998.7019 4586.7852 9580.4023 15577.5771 8397.2334 2098.8296 6910.8364 16704.3535 6361.9170 11682.3438
13444.6279 19116.3438 10151.1445 3591.7681 0.0000 14801.4326 11026.6211 14309.3027 5211.4341 14903.2773 13291.2646 10729.2520 10703.0840 7553.9062 34.2447 14417.7646 12152.9375 8145.9565 11950.0186 3669.2078 0.0000 3302.8457 7064.1729 7831.0332 5445.7227 7629.4858 868.1874 1977.9231 3024.9651 672.9850 16278.0547 9974.8633 7888.9966 6983.7827 14245.4062 12737.8604 4881.2324 14009.1914 2547.3259 3007.7104 4531.6499 9465.9033 15790.7139 8275.6006 2289.1833 6882.8955 16825.6172 6058.1167 11770.0449
13313.4697 19405.7480 10364.0566 3558.5896 0.0000 14811.1494 11118.9746 14525.8164 5013.3989 14846.1680 13397.8232 10881.7461 10872.1406 7514.4790 34.3677 14711.6006 12415.6602 8203.5264 12071.6992 3780.6440 0.0000 3195.6921 6957.6040 7951.6147 5457.1816 7656.7095 780.3267 1956.1371 3063.3621 648.3979 16444.0000 10121.7383 7940.5283 6912.8931 14329.9434 12821.7441 4849.4507 14010.9199 2424.4131 2944.5500 5116.4365 9403.2568 15838.7666 8435.4131 2244.9087 6890.9517 16876.8047 6237.4648 11912.5908
12954.9160 19251.3516 10119.2480 3507.0276 0.0000 14748.0801 10953.7158 14300.6309 5064.0444 14858.0137 13281.1367 10795.6768 10584.3799 7598.9263 33.7624 14611.1660 12289.8809 8174.8838 11963.2041 3634.8188 0.0000 3284.2158 7040.0464 7806.3496 5448.5664 7691.7314 761.2866 1979.5002 2932.3242 635.1471 16238.3467 10062.7881 7781.8101 6849.5044 14195.2031 12614.9102 4897.1592 13748.2666 2498.4519 2955.1809 4957.3604 9348.5400 15637.4766 8422.9199 2144.5750 6851.4546 16831.4023 6085.4150 11850.5156
13233.6729 19293.0195 10075.5088 3554.6975 0.0000 14696.6172 10833.1416 14521.4365 5001.9170 14801.1572 13474.6377 10759.0381 10712.7510 7590.1636 35.1717 14624.6787 12403.1855 8190.2974 12043.3652 3726.0515 0.0000 3310.2371 6970.2998 7845.1211 5491.7510 7501.0166 790.4253 1927.6066 3225.8044 625.8687 16285.5742 10056.2812 8015.6279 6767.5176 14228.7109 12756.1660 4801.6079 13676.3350 2610.5779 2982.9565 4991.3091 9514.3330 15793.9150 8418.9873 2211.0054 6913.5347 16790.5371 6330.1782 11972.9814
13049.4609 19072.9316 10157.7324 3539.3276 0.0000 14746.4395 11008.8809 14380.5107 4958.9844 15003.6475 13332.4268 10672.0479 10682.6621 7386.7710 33.4058 14440.0957 12366.9805 8194.2070 11965.2842 3710.6523 0.0000 3322.9646 7109.6055 8053.9121 5480.8296 7667.3027 778.7218 1923.0234 3034.7539 614.6284 16332.2656 10100.6230 7864.9282 6873.1606 14157.8945 12669.4209 4799.6519 13892.2295 2476.6836 2930.5525 4912.7983 9492.1182 15699.5059 8276.7686 2189.7151 6876.6025 16944.0352 6148.6089 11924.0547
13401.5498 19477.0586 10347.0693 3639.0146 0.0000 14966.5635 11099.3682 14639.6533 4986.3716 14893.5303 13486.0068 11120.2002 10738.3057 7652.4077 29.4717 14754.4873 12414.0977 8228.3818 12083.2695 3957.1045 0.0000 3248.3147 7132.7427 7948.6548 5535.3271 7797.7915 881.8669 2009.8700 3135.7434 738.3292 16468.4395 10150.5723 7946.9429 6892.3623 14467.5234 12990.1836 4912.7964 14111.7295 2565.8931 3046.5269 4953.9062 9442.1367 15872.1660 8424.2676 2195.1067 6952.0298 16989.5977 6337.2788 12042.6377
13367.8613 19267.9434 10294.5273 3604.1506 0.0000 14805.6943 11106.8311 14447.9199 5075.7715 14958.0508 13336.8115 10762.2529 10709.0820 7749.7021 31.3502 14425.9404 12335.1963 8105.8789 12006.4629 3796.5244 0.0000 3290.4097 7048.1997 8006.8701 5537.3286 7682.9102 827.8459 1966.6088 3030.2561 811.5784 16333.9658 9905.6787 7817.0391 6944.1787 14241.9541 12770.5039 4880.9478 14009.0850 2568.3423 3019.1353 4706.1187 9452.5527 15713.9424 8415.2930 2173.1895 6961.6855 16966.7363 6172.4404 11943.1572
