17078.4805 18341.6406 9764.7217 7259.1729 0.0000 11610.7422 11299.8008 15353.4561 5713.4658 16912.2266 9599.9951 11599.6982 5849.7197 9140.9404 142.6148 15944.0654 12456.5049 9018.5576 13805.7598 5000.6694 8750.7305 6454.5234 4576.8115 10916.7461 7535.9790 5503.1255 2653.8115 3282.5940 6219.1279 629.9167 14353.0654 10279.0605 9101.1289 6069.4175 15289.3926 12798.7119 2291.5654 14685.0938 891.2490 3677.3999 7461.4409 10409.5059 13771.8232 9166.1104 1641.0479 8712.7412 14246.7725 6564.1782 11563.4854
17182.9141 18136.8789 9534.1270 7259.6123 0.0000 11656.3545 11782.8105 15369.5449 5807.7769 17902.3145 9627.0332 11632.0576 5944.7012 9198.9688 139.0307 16009.6387 12477.2480 8974.4521 13782.9160 4913.1108 8239.9795 6437.2593 4613.3755 10676.6133 8357.4062 5436.5303 2650.7676 3297.8467 6172.1099 697.7448 14466.4961 10250.7744 9126.7246 6795.4189 15260.5703 12744.0898 2358.2324 14876.0068 936.2809 3999.2415 7486.1074 10343.1670 13981.8057 9088.6787 1667.4673 8743.8545 14270.4717 6588.8174 11585.0225
17319.9277 18307.6055 9526.5537 7264.1040 0.0000 11552.7461 12228.6377 15332.1621 5887.2749 18705.4141 9600.7285 11494.5166 5925.4194 9230.2852 159.0263 16184.6084 12487.0957 9007.8926 13794.3096 4849.7280 8390.0068 6560.9600 4662.9941 11068.1455 9197.0830 5579.9053 2651.0759 3339.5667 6100.4561 704.8210 14505.0732 10215.3975 9176.8223 6783.6353 15294.2480 12787.5156 2472.4895 14749.6035 922.2156 3747.7434 7308.6689 10350.1309 13959.1318 9070.3125 1654.4923 8755.0771 14246.9922 6618.1533 11546.6904
17250.1641 18169.4414 9595.7305 7255.5908 0.0000 11583.0557 12064.1660 15385.7891 5826.0947 18654.1465 9673.4805 11624.9775 5867.7617 9248.9121 148.9986 16147.7598 12471.9717 8955.8438 13771.6436 4890.4243 8426.8340 6456.6304 4549.3423 11009.1787 8297.0117 5549.3696 2666.0315 3306.9558 6133.3618 715.4064 14491.6992 10319.7021 9113.9971 6894.2510 15237.1357 12750.9697 2405.4888 14815.3877 935.4840 3868.8367 7413.3599 10417.1143 13966.7686 9068.0322 1656.6665 8766.3545 14249.7275 6617.6519 11573.3418
17070.3633 18329.2422 9666.8643 7269.2324 0.0000 11615.5752 11725.8457 15314.6533 5791.6587 18322.4160 9585.9980 11648.7578 5827.1279 9150.3125 149.2800 15989.2637 12468.1992 8973.9385 13739.4473 4881.9502 8456.2588 6413.1479 4653.7314 10986.3281 7950.6738 5577.9746 2658.2646 3277.7129 6184.4277 648.8530 14354.8086 10348.7256 9083.8838 6028.9497 15238.6309 12731.9580 2330.5095 14896.2695 949.5388 3653.0718 7506.4067 10339.7324 13831.1475 9130.9268 1722.8080 8806.3848 14245.9180 6555.0825 11598.1016
17100.2871 18201.5371 9470.9238 7246.0654 0.0000 11632.2246 12145.1914 15236.7832 5736.8330 18488.5762 9672.5322 11516.0371 5901.1353 9257.9395 148.2396 16010.5635 12466.6650 8882.1035 13734.5557 4823.8008 8625.6523 6527.1392 4660.2144 10716.7432 9171.3623 5654.3535 2653.5645 3264.9412 6220.3120 664.7452 14454.7100 10235.5088 9101.2637 6687.4961 15328.2832 12763.3818 2314.0095 14865.9902 916.5159 3692.5671 7570.9658 10367.1699 13913.5664 9035.8438 1636.2029 8857.1660 14228.8359 6568.7954 11575.0361
17258.4629 18218.9844 9669.8271 7327.8550 0.0000 11608.2510 12134.9219 15209.2734 5807.6504 18733.3145 9740.4121 11587.7344 5837.8823 9155.2285 156.2454 16171.3691 12393.1416 8968.8096 13759.1982 4913.7598 8611.1543 6605.8521 4639.5298 10951.8838 9294.0088 5683.5190 2651.8716 3307.4954 6212.0103 682.1936 14553.7695 10238.6895 9056.9092 6899.5903 15298.9238 12794.2695 2284.9727 14744.8057 881.9781 3783.2483 7575.5801 10387.7842 13949.3877 9104.4365 1745.4495 8809.7256 14290.5879 6633.8638 11660.9775
17048.7520 18229.6543 9602.7910 7276.4590 0.0000 11543.1113 12135.0908 15263.3496 5791.8115 18948.6445 9600.0566 11434.2275 5824.2520 9216.4648 160.0332 16062.7930 12530.3291 8987.6738 13764.6133 4919.2778 9106.2539 6459.7339 4681.5864 10979.4023 8996.6162 5494.5322 2657.4272 3318.8928 6144.9473 739.9489 14529.0674 10310.8945 9087.4268 6812.7690 15305.5850 12742.8066 2348.8733 14695.8369 842.0793 3847.5264 7635.0933 10349.1641 13942.5693 9127.5635 1667.9254 8818.0068 14238.5898 6613.3999 11673.9141
17140.5078 18200.4277 9596.2412 7304.9678 0.0000 11572.1514 12096.1533 15349.6436 5847.5688 18751.9336 9650.1689 11604.2334 5922.7168 9134.6572 147.9557 15958.8564 12423.8623 8963.9365 13795.8340 4921.3999 8835.3574 6278.5850 4607.6909 10980.7861 9116.0830 5635.3086 2655.2749 3323.0901 6112.2881 635.0326 14559.0830 10324.4307 9155.1260 6737.6284 15339.0342 12771.3281 2324.1421 14922.6943 913.2135 3797.6724 7354.6123 10355.8818 14016.9238 9144.5127 1586.8854 8879.7949 14241.9609 6598.6777 11489.8066
17218.5156 18309.2168 9551.5762 7245.3340 0.0000 11673.2227 12045.6328 15363.6592 5849.8418 18662.4355 9616.0977 11735.0371 5948.7715 9380.7998 143.4233 16124.8320 12599.6152 9034.3945 13867.9014 4891.5991 7972.9863 6534.6812 4704.3379 11043.4053 8745.3438 5516.1270 2653.4055 3285.4446 6161.7856 671.0969 14575.8984 10276.1406 9150.9121 7012.7266 15338.4199 12788.8096 2398.5767 14822.3125 929.9616 3812.3875 7525.6841 10437.0098 14039.2412 9142.5410 1719.6489 8780.3818 14298.9922 6599.8354 11579.6787
17195.5957 18227.0840 9637.2715 7292.2500 0.0000 11567.5244 12072.0518 15305.6777 5781.1733 18573.0781 9676.4688 11413.4385 5842.0874 9229.1211 141.8574 16188.3301 12434.3721 9055.2256 13792.9287 4868.8779 7938.9121 6589.1245 4595.6587 10763.4404 8680.9092 5548.6934 2644.2117 3310.5510 6272.6401 718.7685 14542.9336 10371.0908 9173.6934 7202.8311 15340.2803 12868.4814 2436.2676 14849.5908 904.5881 3824.5557 7503.4824 10333.0498 13991.5215 9063.7109 1656.4890 8716.9727 14263.9785 6627.4976 11585.8096
17338.2031 18193.4531 9530.0596 7217.0698 0.0000 11619.6621 12135.5059 15189.4795 5770.7700 18394.9609 9699.6807 11626.5430 5919.7017 9249.3809 150.9688 15969.3115 12392.6445 8988.6406 13757.2734 4863.8979 9056.7363 6492.7998 4564.8301 10774.9043 8979.0752 5653.0322 2627.9465 3292.0444 6216.7749 661.7181 14490.3164 10273.5156 9084.4404 6544.9985 15337.5342 12815.7881 2306.0779 15071.8076 889.3537 3675.5945 7439.9453 10403.4141 14056.5713 9061.8848 1650.1730 8733.4043 14273.7578 6611.8623 11611.7666
17145.8945 18273.9199 9704.3105 7205.8809 0.0000 11648.0547 12097.9951 15310.5859 5782.8452 18656.6484 9552.4424 11494.9824 5903.4614 9143.3311 139.5430 16083.8936 12451.8945 8940.8320 13731.4277 4921.7300 8460.3066 6488.1987 4704.2207 10873.4131 9035.2969 5567.7104 2643.5847 3296.1187 6244.7480 659.4755 14558.6836 10254.9727 9059.3311 6620.5347 15327.1357 12816.0000 2270.8206 14890.2734 950.3046 3751.6140 7601.6709 10402.4844 13928.3750 9163.1631 1637.2484 8760.8604 14289.0088 6610.0684 11570.4531
17355.5234 18238.4492 9673.0654 7265.1709 0.0000 11619.9941 11645.0088 15217.7285 5726.6289 17999.8203 9524.7012 11486.4980 5824.0210 9135.4551 149.2753 16243.3721 12433.1104 9000.3809 13716.4287 4907.9673 7922.8628 6566.0195 4650.3325 10915.3770 8494.5488 5596.0205 2669.5608 3325.2456 6256.5430 695.6325 14409.2305 10353.0791 9106.6514 6438.5625 15310.9756 12850.7686 2331.0107 14593.2793 977.9376 3708.5461 7700.9712 10374.1357 13928.9834 9121.2793 1646.0911 8876.1074 14273.0107 6591.5278 11480.4023
17052.6582 18308.3984 9639.1602 7226.3325 0.0000 11543.0068 11293.6973 15257.2598 5825.8438 16824.4746 9625.5488 11491.6973 5883.7622 9113.0967 161.2582 16266.0361 12432.3340 8968.2979 13775.0391 4923.6660 8561.2900 6555.7646 4608.1323 10913.4072 7308.4209 5476.8301 2662.2681 3257.5198 6174.3511 704.9353 14324.7852 10240.1494 9103.2656 5678.3770 15279.8438 12748.0518 2297.1108 14680.1709 908.1853 3486.6101 7575.0327 10343.6748 13879.5713 9086.6289 1668.6670 8674.8760 14294.9961 6633.9302 11504.0674
17274.2441 18198.9355 9578.1924 7272.1992 0.0000 11556.2305 12111.8711 15292.2793 5793.1328 18731.7598 9579.0908 11601.8076 5882.7988 9216.5625 154.7545 16067.1602 12406.9014 9015.4736 13737.4473 4879.6719 8358.1758 6573.5166 4492.7598 10847.0742 8700.2939 5585.7197 2671.2002 3301.3857 6104.1182 652.3978 14420.0947 10291.1377 9102.8770 6298.7139 15220.3818 12684.6660 2339.6548 14577.8682 906.8267 3724.5986 7589.1206 10389.7324 13891.9014 9059.9932 1652.3367 8666.8086 14221.1465 6614.0020 11632.8135
17222.8223 18170.0254 9657.0186 7285.4761 0.0000 11589.1582 11990.6445 15316.1846 5774.0259 18446.7637 9737.9980 11471.2217 5887.7192 9195.7598 146.8557 16318.2324 12474.9062 8905.5156 13768.1836 4917.3970 8138.7891 6537.8047 4616.0259 10932.7002 8774.1836 5619.0190 2650.0774 3295.8074 6065.6016 657.3214 14568.1787 10237.2920 9139.8799 6781.8291 15315.8135 12827.1172 2366.3127 14710.5264 921.6661 3751.5742 7501.1602 10348.0518 13930.3760 9124.4824 1650.8029 8718.2393 14277.5283 6592.6099 11529.5176
17068.8281 18281.0039 9701.5898 7277.8149 0.0000 11658.0254 11995.2441 15241.0156 5815.9199 18314.3086 9638.4121 11495.4297 5898.5522 9129.9287 154.0990 16339.4297 12486.3467 9070.2861 13736.4111 4911.5884 8303.0205 6572.7788 4611.1260 10931.6123 8819.9600 5503.2871 2629.4033 3282.9973 6183.3853 628.1621 14456.1602 10246.7559 9070.4902 6522.5117 15323.5254 12819.7119 2312.0288 14735.0361 883.7759 3807.1704 7446.0063 10347.6621 13957.0029 9116.7373 1632.3639 8766.9404 14299.3320 6564.7144 11629.9990
17026.7754 18382.1816 9725.0742 7194.3145 0.0000 11576.5410 11935.8125 15286.8906 5791.0557 18579.9453 9579.7441 11536.6406 5884.9893 9212.4922 159.6841 16057.8984 12523.3574 9044.3486 13766.1592 4896.5093 8442.5586 6457.8384 4683.8896 10879.5654 8799.7012 5645.5337 2646.5325 3296.6108 6323.0283 598.9039 14453.3076 10365.1357 9088.2256 6799.2686 15289.2588 12754.1904 2322.1003 14695.7354 927.1893 4030.2832 7570.9321 10419.0547 13953.2207 9094.8740 1739.7122 8748.2422 14220.0215 6607.0254 11621.2305
17045.4141 18256.1094 9662.7705 7274.5117 0.0000 11614.2314 12036.6602 15346.6387 5921.3540 18640.3848 9580.7197 11453.8086 5938.3994 9234.9775 148.5835 16047.4922 12312.7812 9004.5156 13808.9785 4933.9370 8225.1621 6417.1592 4620.6777 10912.1855 8788.6377 5641.5229 2668.1697 3302.8076 6170.3618 681.0043 14438.7168 10273.0000 9197.0723 6704.8496 15241.1885 12717.3438 2316.4309 14856.6631 944.3550 3767.9050 7509.0112 10361.6543 13963.1631 9095.3281 1654.5073 8763.4199 14223.6895 6595.1665 11452.5010
17109.8789 18210.8008 9602.1494 7318.1465 0.0000 11609.6445 11906.2031 15322.9590 5756.3130 18495.6016 9643.0811 11545.8350 5947.5039 9280.0078 185.1147 16085.7461 12361.1787 8919.7080 13711.9648 4911.7017 9627.5107 6259.5527 4642.8677 10881.5742 8900.7842 5651.5654 2655.3284 3300.1372 6207.7407 667.9683 14483.2471 10270.0752 9065.0996 6602.6504 15246.3594 12746.1992 2296.8838 14703.9453 864.9073 3767.9934 7409.4541 10380.7939 13887.4160 9106.0576 1690.7141 8756.8682 14245.5312 6508.4346 11723.1387
17168.8926 18230.1055 9628.7402 7271.4497 0.0000 11577.8066 11964.4268 15281.6768 5838.9287 18325.1250 9628.4365 11555.1855 5917.1538 9195.6895 185.4382 16201.3037 12413.9688 9020.5137 13738.7139 4902.0059 10001.1689 6317.3438 4669.9111 10833.1143 8834.9424 5574.6602 2634.0051 3282.7480 6211.3691 668.3505 14483.7334 10351.1006 9043.7861 6546.7964 15299.9561 12852.2520 2337.4902 14703.1270 933.1743 3654.9602 7476.5210 10375.0703 14000.6074 9124.8730 1676.9591 8866.0830 14236.7334 6539.1611 11572.3613
17176.4355 18262.5703 9601.8838 7235.0244 0.0000 11633.9043 11823.4102 15329.9248 5851.1006 18465.9004 9601.1992 11530.0479 5876.4175 9010.1797 143.8477 15829.3271 12428.5664 8914.7236 13739.0977 4854.6226 8347.9697 6654.1548 4662.6089 10887.4697 8606.0508 5539.3535 2643.4968 3304.9302 6212.7397 757.8865 14371.3594 10266.0840 9064.2646 6544.7925 15239.2402 12654.4580 2379.1636 14861.3057 932.5845 3702.0149 7456.0513 10399.8301 13866.9111 9127.3467 1713.5560 8803.7725 14189.5850 6553.6841 11513.7344
17211.7070 18153.1934 9669.8818 7301.4800 0.0000 11574.1143 11920.0010 15300.4395 5685.4761 18759.1328 9681.1904 11798.3857 5865.3838 9117.3955 149.9968 16233.8809 12423.3369 8972.5264 13731.6543 4859.2354 8435.3682 6512.0635 4593.0859 10736.9385 8874.3613 5460.1235 2652.8843 3295.0359 6223.4590 737.2417 14400.6250 10304.0625 9063.6396 6085.1772 15317.7842 12803.1201 2372.1191 14994.9658 926.8027 3673.9075 7525.8311 10408.9111 13870.1318 9146.6904 1645.0826 8854.2314 14306.9385 6555.5801 11623.4590
17212.2246 18343.0488 9680.8252 7291.3198 0.0000 11591.3359 12209.6182 15327.4141 5798.8003 18869.3086 9639.1318 11470.0537 5850.7368 9187.8193 145.3097 16063.2529 12485.6777 8969.7881 13820.5957 4912.3022 8779.9805 6296.0947 4589.3667 10906.4990 9192.1562 5593.0327 2646.8640 3261.1938 6228.6655 587.1437 14430.1416 10134.8760 9134.8936 6300.5547 15293.8506 12754.3975 2362.5020 14688.4609 879.3842 3680.0852 7548.4219 10360.2803 13968.4951 9112.9346 1693.1746 8858.3574 14292.1006 6649.0737 11563.2539
17191.8594 18135.1152 9662.6621 7297.3169 0.0000 11605.2500 11604.3994 15257.1699 5788.2812 17869.2598 9598.8564 11603.6953 5866.3716 9116.1064 146.3793 16059.6553 12465.1367 9022.9639 13779.5088 4905.7134 8528.2852 6313.7485 4661.4673 10961.9609 8158.8027 5623.0210 2645.1504 3290.5457 6226.2373 656.7030 14442.7266 10268.5635 9105.2598 6395.0679 15327.2549 12785.8359 2358.6360 14907.1377 910.1954 3702.7903 7518.5166 10360.6113 13963.6123 9097.1309 1711.6136 8786.5215 14291.3721 6665.3018 11604.1523
17204.9727 18218.3359 9708.0596 7232.7178 0.0000 11614.3779 11259.6377 15306.4668 5696.9595 16753.7832 9672.2852 11632.4404 5902.0630 9243.3027 148.8977 16055.5234 12478.1592 8997.5977 13764.1758 4907.1743 8557.4863 6429.9512 4592.6743 10782.9424 7376.2583 5516.5728 2650.5481 3248.6995 6220.7480 688.8976 14329.4307 10237.8662 9084.2549 5769.6953 15361.3418 12832.7227 2266.5872 14732.7402 856.0681 3498.4207 7472.6831 10394.2451 13890.1934 9128.8740 1554.6096 8778.8125 14277.4424 6602.0400 11445.8682
17147.9941 18260.0898 9623.4951 7230.7798 0.0000 11658.6846 12173.8867 15219.0029 5699.3838 19017.2793 9639.0850 11525.8789 5881.9971 9255.4688 153.9213 16142.9990 12511.7324 8980.3779 13800.7559 4903.5103 8398.4648 6493.4570 4697.5806 10838.7412 9097.6592 5501.1470 2658.4197 3286.9041 6213.8848 674.6556 14561.4395 10360.6807 9062.9121 6945.2466 15384.8506 12824.5684 2367.2056 14690.5967 901.8522 3788.0818 7535.3223 10343.7959 13984.3906 9166.4541 1669.5035 8758.1641 14290.3994 6550.3823 11543.9268
17041.7129 18299.3574 9558.7979 7281.6343 0.0000 11632.9580 11935.4688 15413.7373 5822.4961 18391.0820 9596.5576 11483.1621 5859.7861 9289.7100 158.0124 15962.8027 12545.0293 8967.3594 13795.2646 4897.7935 8227.7646 6413.7793 4660.4673 10740.1523 8817.7031 5512.5640 2650.8748 3304.9216 6163.3799 682.1111 14471.5088 10248.8643 9214.2861 6655.9966 15244.5186 12760.8652 2315.4009 14780.1396 909.1201 3746.4180 7440.3027 10392.5576 14008.5811 9147.1025 1737.0991 8769.6758 14161.5049 6603.0991 11553.7207
17141.4395 18349.9961 9618.7031 7269.8828 0.0000 11572.0156 12033.5312 15460.1377 5832.5649 18631.3066 9609.2549 11535.2217 5895.9155 9240.8174 135.4626 16146.1201 12503.1035 9058.2910 13832.7217 4901.3394 8110.4834 6399.7446 4583.3354 11070.3242 8610.4268 5588.7031 2648.1748 3299.6553 6114.1045 682.7637 14570.1318 10231.5908 9191.1318 7168.9155 15320.5117 12765.2451 2400.1362 14978.2783 900.9848 3855.3384 7280.6494 10408.7949 13965.1240 9135.5938 1589.4847 8747.6172 14286.6738 6675.7520 11677.9932
17170.0625 18113.1895 9633.1260 7234.3628 0.0000 11550.3477 11821.1973 15314.2910 5825.7524 18536.1426 9643.4424 11608.5859 5930.6616 9172.9824 118.7266 16132.4697 12472.8535 9001.1260 13737.0361 4862.8174 8637.1348 6347.2720 4565.3018 10799.5791 8187.8789 5614.6426 2657.4617 3317.6704 6047.1909 669.8405 14510.1807 10183.6846 9085.0400 7633.5391 15299.1338 12767.2412 2584.9758 14842.3008 932.6162 3912.8840 7474.3047 10360.3408 13986.5361 9059.2051 1680.1538 8700.8857 14334.6670 6551.6982 11552.1240
17210.6680 18359.4941 9648.2686 7297.8682 0.0000 11619.1172 11986.7871 15359.6611 5859.6489 18038.6641 9676.8008 11687.3682 5922.2441 9206.7529 127.7742 16162.9746 12618.3223 8991.3975 13816.6895 4892.6523 8205.1553 6454.8599 4619.3101 11031.8643 8475.4580 5667.2300 2643.8599 3329.7815 6138.9839 657.6894 14525.4297 10373.8711 9175.6367 7676.4663 15397.7002 12869.7363 2479.4580 14842.2715 957.7435 3759.8950 7455.9312 10463.9512 13982.3633 9166.3174 1667.3258 8764.9766 14272.8682 6648.7822 11797.0605
17267.1328 18218.2246 9595.5684 7269.7241 0.0000 11655.0986 11946.8135 15339.6641 5838.6738 18235.8496 9709.1787 11669.5889 5949.0688 9239.7402 151.8451 16057.2285 12486.5732 8982.9258 13806.9932 4910.3774 8601.1895 6478.8877 4701.1831 11024.6416 8393.1367 5653.4941 2666.6406 3313.1755 6248.3169 790.2695 14492.1133 10323.9609 9137.3428 6589.3252 15334.0254 12804.6875 2273.1707 14827.3506 915.5615 3905.3567 7616.2432 10452.1924 13964.0742 9155.6260 1596.8656 8901.8994 14316.5176 6610.4907 11584.0664
17283.9121 18160.4434 9736.3809 7232.0498 0.0000 11576.3057 11614.8340 15255.3047 5919.1533 18266.4375 9633.1025 11615.6230 5991.0830 9115.7656 162.9066 16076.7334 12429.6406 9018.1611 13762.3945 4853.2378 8637.8359 6579.6494 4555.5469 10709.5674 7025.4722 5553.2798 2646.4966 3288.4692 6240.7773 1028.0714 14265.3135 10299.5352 9044.5586 6925.7324 15241.5938 12769.4414 2258.2209 14713.1895 890.4257 4512.5273 7521.2520 10440.7354 13743.4385 9116.8574 1654.3148 8894.8467 14250.4766 6587.4014 11580.7539
17182.4258 18296.1074 9591.5352 7285.9590 0.0000 11590.5186 11736.2490 15278.9873 5747.4536 18760.4863 9666.7607 11583.5771 5872.4229 9294.2412 141.7075 15995.1562 12481.1738 8997.5703 13756.5547 4868.8345 8008.6650 6590.2632 4625.0698 10890.2529 7627.8877 5535.4336 2651.9612 3320.1768 6193.9697 618.0624 14380.6924 10368.6357 9146.7686 6257.3564 15314.9727 12680.0869 2321.6587 14803.6514 909.9547 4060.8577 7586.4517 10388.6426 13810.4170 9092.7021 1652.6487 8946.6943 14250.4521 6630.4209 11527.7617
17123.2461 18194.6914 9558.2061 7248.4292 0.0000 11637.7363 12095.9727 15265.7080 5902.6787 18464.1523 9618.6963 11730.4541 5862.0962 9186.2822 154.9056 16014.3428 12561.5625 9003.2295 13829.5566 4908.1172 8355.9395 6529.1567 4580.8457 10903.9580 8976.6475 5470.8691 2626.9531 3305.0269 6100.8887 666.0147 14565.6465 10226.8906 9098.6719 7030.1533 15227.5928 12799.0244 2395.5083 14889.0186 941.6787 3732.8013 7415.4834 10356.6484 13885.4766 9125.8389 1613.0547 8689.8672 14262.6445 6601.1567 11572.9766
17116.3594 18152.6680 9610.8936 7311.7202 0.0000 11569.3330 11960.9844 15363.4922 5769.3994 18343.8379 9629.3691 11617.6016 5807.5508 9179.4346 161.2798 16046.6953 12470.0156 9016.2568 13815.3643 4963.0273 8725.3018 6495.3745 4560.7720 10913.0371 8764.6562 5625.9780 2657.5435 3267.2854 6147.0259 693.5226 14459.4756 10332.9180 9180.1553 6500.4766 15267.7861 12748.1992 2278.7532 14900.1416 949.4705 3745.9639 7546.6118 10295.8828 13894.1416 9066.5576 1752.0902 8675.3770 14247.0801 6564.8906 11522.3477
17282.0000 18281.5078 9617.4424 7261.9658 0.0000 11651.7510 11923.4014 15340.9482 5874.3120 18217.8203 9684.0547 11481.7451 5911.8193 9184.7588 150.7467 16043.4287 12505.7148 9041.5977 13821.6104 4920.6064 8703.2988 6452.7456 4612.7700 10942.1787 8595.2285 5563.4395 2665.2915 3306.4209 6236.7622 753.1309 14500.7158 10236.2939 9169.5596 6607.0923 15297.6377 12797.8398 2270.0881 14806.7480 925.4997 3737.3408 7497.1030 10332.4834 13944.6074 9087.4404 1716.4865 8771.0303 14269.5098 6562.4888 11621.0820
17255.6270 18320.4121 9567.2559 7224.3320 0.0000 11589.4824 12064.4727 15316.8359 5851.7554 18393.2480 9653.4375 11672.2178 5874.6646 9115.9014 127.8315 16184.6621 12482.3867 8980.0381 13818.2002 4915.9385 8453.4834 6349.0625 4656.2197 10874.1699 8714.1826 5517.9263 2661.5193 3313.9785 6159.3398 630.2779 14475.9658 10276.2422 9107.6680 6769.7036 15383.8584 12824.9072 2347.0249 14911.0859 925.7189 3681.1301 7455.3750 10424.5332 13896.7061 9144.6963 1649.2389 8774.3047 14260.5117 6606.4697 11549.8047
17067.8613 18216.3223 9572.4385 7273.9526 0.0000 11648.0557 12101.4307 15274.9863 5787.7935 18536.4316 9553.9648 11560.8516 5829.4888 9216.4336 149.2059 16174.6602 12483.0703 8919.0127 13779.8887 4892.5464 8595.4756 6529.7114 4624.3325 10917.5166 9067.1914 5572.3120 2661.8250 3287.0093 6195.2783 607.6770 14453.9346 10267.9053 9029.9336 6700.0454 15349.2402 12862.7070 2354.3843 14856.4492 948.6072 3717.7268 7406.3223 10393.5166 13961.9883 9153.4590 1650.8860 8785.6211 14242.0840 6580.2183 11645.2158
17156.5215 18223.8672 9516.5273 7331.1406 0.0000 11592.9639 12004.0850 15273.6357 5799.2285 18564.5293 9642.3584 11501.4824 5846.2632 9181.2402 158.1679 15923.5742 12360.4639 8900.4453 13728.9883 4933.7119 8761.9414 6549.5181 4620.5967 10986.0664 8853.4971 5543.1147 2671.7390 3303.0410 6178.7046 656.2881 14480.0518 10301.0879 9103.6572 6633.6157 15246.2783 12720.3584 2363.6487 14693.9307 901.5345 3746.7139 7350.3105 10334.3232 13942.8057 9095.4219 1719.7354 8841.4150 14223.9043 6575.7710 11573.2285
17061.1641 18306.6816 9615.8779 7291.9370 0.0000 11615.7803 11974.3662 15303.4863 5925.3501 18472.3691 9590.5684 11425.8896 5872.1299 9353.9033 177.3155 15919.6660 12374.3965 9014.3760 13814.0869 4899.9058 8636.0840 6717.6318 4730.0146 10995.7314 8930.4756 5601.3818 2644.0159 3307.3989 6137.5435 684.5759 14488.8350 10305.8213 9193.5342 6490.3442 15255.0273 12662.7520 2381.1448 14688.1445 928.1262 3779.9927 7433.5474 10375.3359 13850.6270 9096.2861 1710.8602 8770.5459 14208.2031 6606.9165 11582.2881
17169.1855 18234.2617 9537.2090 7269.1680 0.0000 11535.0557 12125.7949 15363.0342 5727.3789 18662.9355 9683.4854 11699.1143 5895.1831 9160.1445 148.6090 16228.8584 12534.7334 8956.3760 13764.2852 4901.3501 8617.3525 6423.9058 4578.3701 10717.6299 8958.5850 5541.5088 2633.6387 3306.7129 6227.3984 648.3865 14515.0615 10290.7686 9147.6084 6820.6123 15328.3330 12795.1709 2373.1885 14899.2373 915.1868 3813.9744 7682.1548 10346.3418 13960.8711 9053.9648 1763.8651 8941.2451 14274.1523 6632.5874 11637.7148
17221.4355 18192.1152 9556.4043 7289.3760 0.0000 11657.4385 11812.9053 15278.5410 5825.2222 17790.9785 9590.9824 11569.5908 5897.3511 9219.8896 135.9102 16082.7461 12484.8926 9008.0771 13732.8916 4893.7549 8502.0059 6471.2319 4602.5674 10917.8076 8273.3418 5573.0586 2654.6528 3305.1357 6199.8896 697.2549 14503.8584 10336.1348 9115.0566 6609.3516 15308.6025 12780.3262 2336.9817 14584.1328 888.7098 3697.2200 7499.5591 10367.4121 14000.2256 9019.6846 1683.3013 8737.2500 14232.8428 6608.7773 11519.3379
17203.5664 18276.4844 9547.5420 7265.3105 0.0000 11596.3975 11264.5420 15379.3203 5813.6919 16813.7363 9633.4258 11684.9873 5948.9321 9133.8486 142.0354 16233.1201 12498.8320 9069.7402 13739.9629 4927.3242 8418.4492 6576.4043 4636.3184 10994.0537 7451.2041 5579.0977 2658.7476 3264.1475 6194.3682 706.6263 14355.0166 10259.3008 9132.1689 5705.6021 15295.0771 12788.6230 2305.1091 14762.5723 932.8174 3514.6011 7418.5342 10380.8623 13966.6104 9090.1436 1654.1942 8796.1777 14281.7695 6587.9263 11596.6201
17235.7090 18266.8633 9623.4590 7224.9473 0.0000 11607.2139 12097.5059 15333.5596 5738.8477 18801.5957 9652.1436 11615.6045 5828.0874 9269.9639 128.3870 16299.9561 12471.4404 8976.5439 13748.5322 4879.6357 8507.3086 6368.6699 4600.2607 10928.5068 9114.1133 5536.1396 2658.8550 3325.4346 6133.2051 662.0122 14524.7969 10311.1475 9125.4561 6485.8735 15325.5664 12836.1270 2324.0901 14656.3604 880.0669 3740.1384 7536.9585 10334.8652 14043.7471 9085.2275 1683.3611 8759.0088 14318.6602 6632.1650 11628.9805
17173.0645 18307.8398 9572.5889 7266.9854 0.0000 11625.4990 12126.2529 15300.9238 5739.8042 18663.5410 9646.6660 11562.7529 5815.1045 9147.4932 143.5085 16063.1787 12536.3408 8896.3496 13791.3389 4949.2437 8200.7002 6472.7832 4523.7651 10937.0781 9042.2822 5490.7471 2681.2324 3270.6135 6167.4893 628.4899 14500.6133 10337.9697 9119.9697 6698.0449 15300.4932 12781.0332 2337.0459 14987.9189 912.4264 3811.5378 7552.0425 10356.4580 14037.5791 9105.8271 1619.3649 8699.1533 14224.2119 6609.4185 11534.2266
17101.6504 18373.5508 9581.0791 7215.3970 0.0000 11616.0479 12101.0146 15440.3418 5742.5205 18448.7402 9649.9502 11478.8320 5980.4287 9269.8818 141.2131 16056.3340 12497.8359 9040.2549 13819.7529 4942.1030 8038.4756 6463.4604 4657.4067 10899.2705 9069.6738 5445.8135 2659.3562 3323.2290 6162.0146 654.3130 14553.9941 10260.7549 9098.3682 6593.0938 15329.9277 12826.7900 2284.5786 14839.0029 864.8362 3736.7029 7508.3203 10420.4160 14055.1943 9155.8145 1582.6036 8762.5371 14266.0977 6628.2549 11566.2578
17217.1758 18343.7344 9660.5117 7360.9478 0.0000 11548.0029 12057.5752 15350.7109 5765.9775 18509.1738 9597.2139 11685.0996 5913.2134 9176.4727 139.8711 16151.8916 12400.8818 8965.2422 13829.0557 4955.2432 8269.4482 6409.7051 4593.8989 10964.4141 8944.9473 5574.3701 2671.9636 3342.1003 6238.6343 662.3020 14539.5859 10301.9160 9103.2441 6626.1729 15328.8984 12825.0781 2375.4697 14948.8555 934.7811 3789.8875 7548.8335 10331.1670 13915.1631 9104.8369 1707.9496 8731.0996 14295.5449 6628.3853 11545.6709
17193.4844 18313.8145 9634.7314 7300.7593 0.0000 11576.1973 12048.1533 15450.4277 5810.6318 18550.2402 9665.9189 11532.2979 5855.6006 9226.5713 148.1008 16214.4912 12399.9023 8975.6885 13764.2041 4944.5264 8392.8398 6432.0371 4648.2544 10796.2041 8975.6377 5558.7905 2632.8062 3290.3853 6204.2764 640.9912 14509.2119 10270.2803 9174.0723 6650.9365 15316.8711 12866.0732 2340.7913 14801.0264 907.2333 3735.0439 7546.0820 10414.0498 13851.9541 9057.0430 1631.4988 8754.3223 14334.1377 6610.7256 11538.6670
17052.0215 18274.0371 9581.1553 7306.6743 0.0000 11606.5508 11978.2695 15271.0098 5733.6919 18456.3008 9615.0645 11438.0879 5912.7690 9326.4932 163.3922 16117.7852 12400.3203 8999.2832 13770.2451 4900.9189 8483.2734 6622.6201 4630.6401 10863.5107 9015.0029 5595.7383 2644.3215 3266.9558 6203.6631 644.9205 14448.2744 10385.1562 9133.7695 6590.2329 15293.9180 12787.1035 2286.1423 14892.2715 939.6520 3734.3064 7515.7925 10340.9814 13936.6074 9071.0088 1589.0641 8753.0361 14257.1367 6613.7334 11628.0752
17241.1250 18127.7402 9595.4453 7230.4458 0.0000 11564.5430 12039.3037 15292.1826 5887.3491 18390.1113 9629.3652 11561.0137 5904.3193 9183.1865 158.5217 16060.4053 12375.4512 8864.6123 13749.1299 4868.9717 8618.7734 6652.9028 4619.9932 11093.1396 8953.6797 5574.7495 2667.5659 3311.2175 6207.5947 664.8986 14486.3535 10203.4307 9110.6143 6504.8574 15243.3320 12750.7725 2377.9043 14616.0576 933.2466 3721.7947 7492.4912 10395.5469 14047.7627 9080.8760 1676.8265 8865.9199 14254.3711 6571.6934 11498.8389
17186.3672 18189.7500 9645.3486 7227.4238 0.0000 11594.0781 12064.6074 15206.0283 5757.0708 18379.6309 9645.2324 11578.1270 5865.1567 9194.3975 155.4823 16164.1992 12525.1191 9010.9023 13777.2432 4884.3047 8552.4395 6500.3394 4657.9771 10850.4316 8932.4746 5543.5386 2642.9795 3303.9041 6234.4243 602.6679 14590.1816 10377.3643 9029.1582 6567.8013 15280.5879 12755.3945 2349.1763 14747.1396 930.2835 3704.7075 7491.0264 10421.9199 14062.1846 9102.6670 1631.6516 8879.4434 14271.9727 6603.4673 11625.9502
17336.5312 18130.4082 9558.8047 7251.1743 0.0000 11591.1670 11964.0400 15326.8223 5785.4536 18595.6777 9619.5146 11553.0029 5941.2510 9288.8760 158.6693 15824.7012 12484.5986 8926.6670 13729.1650 4842.7866 8508.2793 6466.6050 4590.1494 10886.7061 8530.3301 5510.8193 2658.6553 3290.4009 6200.7061 648.1836 14451.2734 10222.0625 9038.7617 6726.9370 15214.6055 12691.9844 2341.2483 14739.3125 886.9764 3816.9404 7478.1851 10347.4424 13900.4883 9126.5918 1633.4307 8734.8691 14192.7051 6553.6851 11557.1719
17152.6758 18177.1660 9693.1846 7196.0488 0.0000 11620.1934 11813.3896 15333.3125 5805.7100 18127.2148 9614.0332 11489.8027 5826.0850 9203.8828 152.1624 16185.0225 12482.2051 8938.9121 13793.7451 4924.2993 8430.3379 6479.0322 4706.0601 10871.6338 8010.5674 5537.8765 2665.9592 3316.4929 6160.9092 663.0364 14434.6416 10289.4854 9092.6572 6462.9023 15226.0742 12766.6338 2396.0037 14753.3770 919.4010 3702.4636 7434.9570 10366.2881 13912.3350 9081.7412 1605.5265 8587.2920 14253.3486 6552.9717 11572.2002
17320.6641 18126.1094 9581.7256 7320.1450 0.0000 11601.5166 12078.0400 15219.4014 5755.7490 18621.1699 9691.0996 11598.5508 5813.4829 9018.0947 138.4724 16002.0215 12459.5596 8980.5234 13723.8213 4920.7144 8669.9570 6443.9868 4748.9307 10816.7803 9084.2480 5608.2705 2631.0164 3294.5640 6111.7598 628.4102 14499.4072 10258.8770 9084.9678 6595.7397 15306.1064 12760.5342 2396.1968 14828.8311 896.4608 3706.7034 7560.5483 10317.4375 13940.3018 9098.3672 1598.7756 8621.8535 14272.1748 6578.3384 11441.0156
17279.4453 18236.9609 9645.0518 7270.9102 0.0000 11642.8789 12034.0205 15254.3643 5756.2710 18553.2285 9602.4443 11448.1816 5902.3633 9099.4082 147.6690 15801.3350 12413.9209 8921.4375 13747.2676 4872.0669 8980.3311 6466.1851 4668.8110 10788.4912 9076.4102 5599.9038 2639.1921 3308.8674 6157.6016 628.7376 14443.4619 10310.9639 9083.2490 6512.4214 15237.4072 12734.8691 2268.7214 14784.3369 894.4809 3709.7856 7562.4780 10349.0742 13896.0146 9135.5234 1626.5098 8750.6475 14233.8340 6533.2500 11627.3105
17232.0918 18274.7070 9563.9053 7174.8662 0.0000 11548.9395 12112.6768 15290.4297 5739.7603 18494.1348 9626.2031 11472.3877 5927.8462 9227.4570 149.9937 16232.6016 12385.2666 8950.1123 13787.8389 4838.6416 8661.5352 6389.4800 4572.3975 10826.3584 9028.0430 5577.3579 2673.7925 3306.5508 6279.4922 628.6948 14531.6104 10210.7441 9126.5654 6589.1572 15288.3418 12743.1582 2315.7568 14704.8486 898.1069 3750.0044 7516.6216 10410.8203 13985.9375 9158.0469 1676.7109 8826.3867 14272.6582 6592.3628 11520.2734
17041.1230 18197.8711 9620.2598 7305.0366 0.0000 11577.4355 12078.7656 15234.5059 5916.4512 18467.3262 9596.9922 11375.8223 5883.7222 9241.4121 156.4054 16260.1777 12431.2178 9025.7471 13829.9150 4884.8403 8832.8477 6485.2827 4653.2280 11085.1924 9008.8018 5671.2539 2665.0022 3335.0959 6169.9624 644.9577 14539.8584 10288.8545 9150.1289 6518.0767 15267.1582 12805.3525 2315.7769 14813.1562 951.4063 3768.8782 7423.5635 10381.5625 13923.8564 9123.2930 1706.5250 8703.5537 14289.8711 6669.8394 11580.5605
17252.7051 18204.2891 9543.7812 7287.4463 0.0000 11630.0576 12081.6631 15331.2295 5716.3374 18487.2461 9599.8340 11522.6768 5962.9233 9226.8828 141.4632 16139.4512 12525.0889 8966.7393 13731.5391 4896.4653 8816.2695 6415.0610 4596.8369 11072.3721 9039.9277 5636.3848 2644.8938 3273.9106 6193.8516 649.7421 14501.9854 10264.4844 9103.8643 6743.4585 15325.7119 12667.7256 2421.1772 14537.9980 961.0020 3816.6575 7379.0522 10333.3203 14008.3516 9134.0352 1736.4198 8764.9951 14239.6016 6611.1108 11659.8760
17117.4043 18334.9570 9614.3418 7254.5469 0.0000 11624.8369 12060.1475 15319.0830 5804.7422 18457.0488 9585.3076 11669.5430 5833.8906 9097.3994 142.6633 15940.5098 12403.5576 9031.0947 13785.3350 4891.3794 8688.5498 6400.7642 4694.2427 11023.2744 8871.8223 5616.9521 2676.9922 3284.0593 6195.8477 644.8518 14564.5518 10207.0371 9174.1709 6954.4683 15311.3770 12796.1582 2414.4221 14805.5098 898.3619 3830.4421 7379.8242 10356.9014 14029.3398 9131.9111 1658.0248 8796.8125 14233.6387 6637.4146 11622.8047
17066.6230 18201.5078 9581.4023 7203.8613 0.0000 11655.9346 12122.5869 15216.8096 5825.8916 18433.4355 9632.3877 11601.4072 5943.3809 9089.8350 144.9863 16211.5791 12442.0225 8991.6611 13729.3232 4884.1768 8492.1045 6459.3223 4664.3389 10832.5732 9105.7832 5606.4604 2668.8950 3268.9924 6174.6294 599.0607 14434.5811 10306.2686 9051.6748 6407.4316 15198.5635 12691.4795 2276.1821 14812.0459 928.4937 3704.3181 7396.8936 10363.3467 13816.1006 9045.5801 1642.8492 8624.1387 14237.9258 6535.4854 11671.9492
17007.0039 18264.9531 9604.0986 7246.1885 0.0000 11542.6025 12074.3584 15201.5674 5855.2163 18176.5977 9606.4600 11468.4004 5871.4932 9158.0625 160.3073 16142.3115 12509.9414 8876.3799 13697.1309 4889.0615 7892.0918 6693.5703 4555.0127 10898.4062 9029.4209 5578.5127 2626.8481 3331.2812 6256.0171 767.7383 14480.0439 10260.7812 9031.4658 6459.9048 15207.9131 12740.9980 2336.0842 14893.8867 925.6474 3725.1482 7537.7642 10318.6914 13892.7158 9076.6309 1664.0430 8698.3408 14238.2637 6550.6636 11430.6592
17186.1855 18139.2148 9646.3418 7280.1904 0.0000 11560.0762 11589.7412 15309.7441 5752.8550 17065.0918 9550.5039 11708.1777 5835.3506 9166.6387 165.5219 15941.3291 12447.7832 8975.2393 13741.5449 4887.9771 8066.7891 6716.3218 4632.2041 10820.8340 8154.0288 5555.9639 2643.8223 3315.7051 6220.7085 841.0970 14392.8789 10317.8115 9047.1318 6068.3115 15281.5527 12734.1768 2365.0193 14669.6611 887.7061 3580.4712 7440.8018 10411.4951 13858.4160 9136.7412 1624.9111 8831.3574 14229.8525 6554.5254 11677.3076
17171.0547 18271.5547 9647.5615 7232.4341 0.0000 11662.5449 11285.2285 15169.2363 5818.3564 17051.6738 9614.8145 11520.5732 5810.6772 9185.8164 156.6307 16051.1963 12316.0615 9084.4229 13706.5186 4874.3936 8554.1133 6415.9570 4646.4551 10809.3418 7357.0488 5586.0566 2669.8660 3327.5103 6144.3198 601.3604 14329.8545 10253.7607 9079.1348 6039.7090 15246.6748 12811.8018 2313.6416 14784.3555 899.9531 3534.2590 7449.8901 10315.5000 13805.8740 9092.0205 1645.3065 8887.8350 14265.9600 6587.1074 11412.5049
17045.7480 18296.8984 9700.9521 7266.8027 0.0000 11558.8896 11816.8467 15336.4160 5795.7817 18883.7266 9621.2539 11463.4902 5806.5669 9187.1533 145.7305 15983.3252 12375.7715 8910.2178 13746.5312 4915.8276 8577.7178 6354.3818 4623.0093 10887.9717 7728.4248 5493.4609 2639.1741 3299.4753 6168.3848 654.7971 14399.7588 10229.4160 9132.4844 6856.9219 15336.8926 12801.5156 2349.7217 14757.5381 918.4180 3799.0710 7570.6362 10369.6152 13795.2764 9137.1611 1702.7957 8736.5518 14276.3623 6597.8286 11603.4629
17327.4824 18205.4219 9620.2871 7251.2007 0.0000 11674.7617 11798.6543 15394.2441 5759.5728 18603.6738 9660.1875 11610.6162 5893.9717 9267.0039 148.9767 16083.7725 12515.1875 9063.6777 13767.4189 4909.2251 8294.4492 6475.6279 4682.7915 10951.9639 8101.7759 5485.8877 2618.8752 3261.3677 6090.7070 598.7362 14344.4102 10326.6826 9124.6182 6066.6265 15312.8213 12825.1514 2355.1033 14835.8311 919.4908 3692.0151 7573.6841 10380.4033 13869.3711 9088.5186 1727.0475 8738.3545 14282.7871 6607.5938 11597.5166
17195.7715 18298.8105 9593.5752 7200.3667 0.0000 11619.6953 12124.3203 15484.2236 5862.3442 18552.0605 9594.4746 11579.2148 5973.6753 9123.9043 168.7589 16237.2246 12411.3652 8969.1787 13795.0029 4919.4990 8802.1504 6445.3809 4634.4033 10672.3301 9301.8340 5599.6689 2647.9690 3282.0781 6174.8647 613.4982 14481.2529 10258.6758 9149.8506 6248.6353 15268.5166 12815.4951 2289.8582 14888.8486 841.5672 3707.1323 7580.9438 10418.5000 13956.4922 9112.6846 1786.4282 8746.5859 14205.1689 6602.8198 11466.9902
17135.0879 18380.5059 9632.8857 7261.9536 0.0000 11625.2920 11777.4199 15342.0078 5816.3105 18635.0762 9650.1758 11648.2129 6039.4932 9277.2393 173.7817 16248.8115 12475.1982 9012.3037 13795.2891 4856.4556 8784.8965 6488.6206 4590.3711 10808.8965 8467.9736 5583.6245 2639.8757 3288.1626 6168.4463 818.3882 14443.5146 10307.7051 9108.4395 6526.2915 15290.0205 12730.0107 2357.6680 14757.1924 974.4173 4001.9370 7402.4614 10444.8408 13904.9834 9141.2695 1697.7054 8856.2715 14258.7031 6602.8125 11469.4062
17105.1641 18377.5898 9681.1221 7213.8320 0.0000 11555.8105 11256.7881 15481.1592 5869.5728 19212.9023 9701.6875 11606.9326 5899.5229 9211.8633 148.8106 16227.6475 12516.8682 9085.7510 13849.4004 4861.9385 8534.4658 6452.7622 4535.8154 10965.6162 7425.2163 5567.4434 2635.0894 3289.6709 6133.3066 1014.3419 14310.9814 10332.8057 9164.6895 6020.2856 15270.0742 12787.7930 2329.1248 14748.5127 932.2864 4123.7969 7518.1587 10422.7051 13920.1602 9188.6973 1608.6677 8733.7031 14268.5908 6618.2422 11616.3828
17052.7559 18336.6484 9649.7812 7308.6426 0.0000 11542.8018 11558.2852 15295.9922 5771.9658 18431.6719 9632.3799 11502.5176 5898.1177 9273.1260 134.6469 16013.7715 12469.2773 8958.1406 13776.3252 4893.9048 8284.4160 6403.5303 4618.0659 11160.3906 7563.4370 5628.6255 2644.8906 3272.5491 6117.4614 738.6523 14309.5801 10198.8701 9135.4541 6667.2876 15348.7490 12760.7451 2288.6799 14828.1758 928.6030 3797.1418 7612.3442 10306.6963 13867.7900 9094.8311 1719.2660 8836.2041 14258.2100 6640.2046 11598.8779
17199.2754 18111.6250 9625.2334 7289.3140 0.0000 11550.4199 11671.8281 15242.6582 5708.8501 18582.6504 9677.3438 11555.5186 5869.5503 9245.9795 144.5647 16162.2158 12438.8789 9015.9531 13777.2227 4895.3564 8522.1357 6345.7671 4568.4785 10872.9375 7888.2173 5527.7485 2653.8562 3306.6821 6184.0225 832.3823 14418.8525 10253.8154 9105.4121 7026.1704 15249.4248 12745.8799 2336.1567 14569.4971 941.2965 4142.7036 7517.8628 10416.6611 13881.3418 9064.5342 1639.1184 8757.9297 14296.1846 6595.2163 11526.9717
17287.4941 18287.9805 9686.7305 7229.1001 0.0000 11637.8770 12005.1406 15258.0488 5828.4873 18366.2832 9593.5801 11544.8447 5900.5337 9081.4844 146.4095 16241.6064 12458.5332 8948.2061 13729.7119 4890.2002 8839.0723 6397.3579 4614.1753 10778.4717 8505.4316 5570.5879 2648.2979 3266.9636 6203.4131 717.6105 14500.3047 10280.2852 9114.4785 7367.2412 15334.8486 12828.1006 2295.5771 14862.5166 925.5544 3765.5122 7473.2993 10436.2041 13872.8516 9143.8389 1752.4357 8822.8232 14254.4521 6570.3525 11539.6914
17315.2676 18250.1934 9578.3564 7395.4795 0.0000 11629.1328 11539.7266 15255.1348 5846.4722 18470.8379 9617.3584 11604.9355 5829.2158 9245.5088 156.2536 16082.0166 12491.3008 9014.5322 13782.3838 4958.6792 8550.3799 6444.9692 4572.0581 10895.1289 7821.6929 5531.2441 2661.7563 3309.3826 6248.5884 730.7605 14434.6416 10282.6133 9140.1807 7695.2896 15385.1992 12836.0332 2274.9822 14929.7529 903.3804 3944.6755 7498.3521 10361.5918 13862.2441 9153.7510 1604.9302 8876.2881 14277.8135 6594.7163 11712.1836
17297.4941 18233.2363 9660.7119 7302.0850 0.0000 11648.4248 12202.3193 15313.8066 5778.4946 18357.7793 9648.6621 11582.0537 5876.6597 9168.4414 160.8555 16140.3066 12502.9404 8940.0947 13818.0225 4952.7017 8323.3945 6595.0884 4623.0396 10832.6904 9224.8506 5535.2104 2676.5791 3336.6240 6197.7861 735.5338 14618.3193 10285.6270 9138.5381 6999.2593 15331.4248 12736.7324 2391.5017 14873.0146 951.0607 3793.4390 7582.7476 10407.0684 14007.3369 9092.8936 1659.5844 8754.0615 14300.7422 6611.0171 11582.4453
17149.3691 18148.3926 9661.8975 7323.7915 0.0000 11618.6904 12109.0137 15171.1768 5785.3745 18355.3359 9646.8076 11556.4746 5915.4468 9143.3047 156.8104 16094.2891 12382.6680 8944.3379 13748.5645 4949.0879 9064.3730 6463.6924 4711.2515 10935.1064 8982.3770 5515.5996 2656.6865 3290.6311 6198.9688 598.2311 14485.4795 10372.8467 9067.4424 6792.6338 15273.7295 12725.2100 2390.5701 14642.0859 906.7855 3715.2581 7651.2896 10341.9590 13959.1152 9101.6289 1706.3833 8732.6494 14238.4014 6562.0161 11590.3672
17052.2227 18079.6172 9662.6719 7190.9219 0.0000 11594.8682 12129.9512 15325.3535 5847.7021 18346.6543 9608.7520 11675.2207 5910.9941 9169.5986 143.2042 16198.9160 12375.1973 9000.6055 13774.6465 4869.9282 8665.7412 6383.2422 4592.1035 11048.0244 9205.0576 5570.9263 2650.7778 3276.7769 6180.0527 625.9478 14484.7080 10292.0059 9055.6963 6549.3228 15291.6260 12711.5732 2367.0459 14634.5332 885.0532 3656.6670 7462.5308 10405.1045 13963.7793 9147.7188 1648.1097 8854.3643 14259.9014 6614.1719 11586.8926
17329.7344 18350.0977 9600.0811 7215.1079 0.0000 11629.9307 12187.1025 15341.1875 5850.0518 18468.7266 9658.2148 11558.1689 5927.7515 9324.1113 149.5930 16055.7002 12595.9912 9085.7266 13816.6553 4930.2686 8521.6172 6348.7148 4661.7451 10833.4873 9251.8359 5568.5762 2629.5166 3266.8193 6210.4229 600.7758 14607.2295 10301.4072 9109.1240 6444.4800 15300.4414 12791.2471 2315.4133 14851.1689 922.2980 3651.9038 7543.9321 10374.1436 14059.5615 9080.9023 1602.7229 8856.3164 14291.6318 6601.2812 11601.9170
17096.4473 18238.9668 9674.1201 7282.5747 0.0000 11607.2871 11965.0977 15368.1016 5709.0312 18373.9980 9631.1631 11526.8623 5888.8247 9185.7676 159.9532 16098.4805 12437.9111 8990.5303 13803.2949 4894.4927 9083.0352 6454.9028 4590.3911 10792.5771 8603.1309 5545.4639 2627.4885 3302.5955 6169.7788 714.3373 14516.2334 10274.4609 9126.5000 6896.9941 15297.3545 12802.9023 2345.0974 14918.4180 977.3573 3746.4128 7406.4443 10419.5078 13944.7344 9155.9199 1647.5389 8827.7148 14263.3701 6608.1934 11526.4111
17123.4941 18201.5664 9563.6865 7344.1309 0.0000 11659.4521 11871.0703 15384.7520 5792.5610 18511.8281 9655.8779 11519.8994 5862.5679 9237.2949 147.0571 16052.0967 12450.5801 8974.6094 13756.6123 4912.4717 8646.9424 6502.7944 4631.7227 10921.2725 8113.7612 5627.6782 2660.3215 3312.9316 6143.0620 757.7598 14484.0127 10249.8574 9146.7676 7570.2759 15336.8242 12861.2930 2477.9680 14814.0908 910.9887 3948.6628 7448.8862 10343.5762 13974.2676 9057.3896 1733.9573 8864.0156 14278.9014 6584.9712 11534.7002
17132.4082 18241.5293 9657.5791 7212.0229 0.0000 11627.9785 12242.1064 15264.8535 5850.0010 18367.4316 9673.8145 11632.7822 5896.4355 9272.0195 143.7952 16077.3213 12581.5625 9007.2188 13782.0137 4899.7349 8264.1445 6581.1353 4675.4282 10763.2432 8955.5371 5561.9688 2658.6343 3253.8489 6164.2500 719.5303 14543.6152 10335.2725 9110.1846 6876.7520 15325.3027 12784.6582 2439.8562 14881.0361 905.7499 3737.6870 7433.8730 10376.7207 13971.0381 9094.9248 1729.4924 8838.7168 14247.1572 6614.7471 11592.5664
17171.6953 18233.9199 9607.4004 7269.7539 0.0000 11561.0713 12051.6660 15216.8574 5837.1758 18317.2422 9608.8945 11529.6348 5885.8242 9155.6748 152.6725 16072.0596 12525.7148 9040.7422 13764.6182 4915.4194 8228.9443 6704.4355 4698.5205 10987.8252 9061.4414 5506.1860 2673.6567 3294.6672 6171.5078 676.8170 14430.1436 10254.4482 9095.8760 6302.9248 15307.9824 12813.6250 2307.4390 14838.0127 905.2664 3701.9158 7604.2524 10380.0059 13936.0020 9122.7979 1616.5419 8864.5977 14281.0664 6568.7666 11535.7559
17240.5859 18245.1875 9608.8184 7235.1440 0.0000 11582.1777 12080.1533 15228.0029 5815.5103 18186.3398 9747.8828 11669.2441 5772.6016 9258.5371 145.9243 16078.7646 12466.6582 9074.9609 13722.4912 4897.8872 8086.0020 6564.4463 4603.0771 10849.4854 8909.4346 5522.6094 2644.0085 3270.3894 6140.4790 745.3077 14512.3926 10339.7627 9117.9678 6354.6934 15412.8408 12837.5889 2277.5745 14977.1562 923.3666 3740.4817 7608.5430 10369.4365 14004.1104 9087.3555 1667.0811 8669.2900 14288.4385 6603.5273 11622.7158
17086.5293 18167.7988 9486.1768 7216.1313 0.0000 11586.4844 12050.2676 15345.1504 5880.0845 18458.2422 9655.3457 11523.5273 5796.7490 9245.7881 144.6687 15777.6377 12438.7959 9028.2549 13730.0098 4865.3706 8335.3047 6311.2500 4574.5527 10821.7412 9103.1855 5592.6958 2655.3223 3310.8533 6185.2949 553.5622 14445.1201 10302.7490 9096.6416 6281.2178 15319.7041 12789.4434 2291.4929 14773.9590 827.1734 3689.2642 7431.4771 10326.0801 13925.6416 9113.9873 1611.5159 8760.4961 14193.0479 6572.0396 11650.0723
17213.8691 18130.3770 9620.4600 7294.8906 0.0000 11578.8770 12102.3086 15220.3486 5702.7168 18443.5898 9602.2344 11522.0771 5908.9863 9222.7607 137.8486 15991.3779 12406.2520 9016.7285 13755.1689 4875.8198 8648.7139 6396.6396 4588.4531 10897.4609 9084.4395 5546.5586 2656.0195 3291.3674 6197.4644 595.9082 14504.6182 10222.3096 9109.3145 6289.2441 15307.2080 12807.6982 2332.6763 14949.4141 918.7025 3671.0640 7557.1064 10364.6846 13948.6914 9077.5625 1564.6960 8769.5439 14254.0303 6577.3403 11644.6416
17153.8320 18331.2070 9704.2178 7291.0034 0.0000 11587.3398 12232.9355 15288.7871 5750.4810 18815.3047 9679.5010 11558.1602 5892.6606 9252.0439 159.9611 16130.1553 12591.8545 9008.6943 13828.1445 4913.9795 8599.1328 6543.6631 4651.9800 10937.6299 9214.6348 5601.8213 2664.5005 3290.4294 6263.9199 628.2298 14558.2939 10317.0801 9167.1689 6688.7061 15335.8564 12859.4014 2333.7314 14821.8359 882.4957 3856.6306 7529.4990 10441.9785 14070.3203 9199.6602 1688.7477 8837.7451 14275.6963 6611.2520 11684.3574
17129.8926 18245.4199 9650.9229 7242.1216 0.0000 11603.2354 11784.5039 15358.4326 5734.4951 17893.8027 9609.6240 11521.0273 5890.8994 9147.3252 159.5353 16251.0449 12454.8496 8941.6123 13795.1924 4914.2231 8313.5020 6515.2520 4628.2090 10956.9443 8521.7393 5584.4707 2666.2056 3287.0847 6199.9565 629.6388 14450.0879 10290.8818 9097.7168 6190.4482 15298.9873 12781.2412 2417.0933 14703.5068 879.8915 3693.4216 7385.8838 10374.1143 13957.1836 9109.9092 1654.8440 8719.0771 14256.6514 6615.5127 11601.1025
17183.8691 18390.9609 9660.7881 7256.0586 0.0000 11587.6904 11442.6533 15379.1406 5807.3682 16836.4805 9634.5791 11687.2021 6003.3462 9246.4473 151.3986 16027.0361 12587.8604 9081.6143 13813.3281 4885.8638 8362.6787 6433.8271 4594.0952 10980.8867 7687.6802 5620.7148 2680.9119 3306.6189 6268.6743 595.8878 14420.7871 10309.2744 9131.7021 5801.1992 15365.8115 12833.5957 2292.7385 14870.5547 909.5868 3542.0793 7541.6523 10441.9531 13995.0859 9122.4111 1685.0459 8821.9434 14343.0732 6639.6064 11689.6113
17127.7852 18332.5781 9667.6357 7286.0269 0.0000 11613.5010 12305.1016 15392.7363 5807.4775 18762.9668 9578.1436 11527.9814 5855.0747 9155.4121 157.6466 16151.3672 12466.3633 8856.7842 13793.4492 4924.2637 8469.0342 6509.7783 4614.4434 10822.9258 9456.3613 5528.3423 2667.1416 3353.8792 6251.8013 629.9374 14539.6250 10237.4707 9107.9678 6412.5068 15313.6250 12774.0098 2336.6157 14852.0967 942.5035 3747.1250 7325.4175 10406.4346 14037.5840 9123.2842 1625.2649 8682.0996 14254.7627 6575.2285 11541.6943
17174.9434 18301.3828 9600.3477 7275.5269 0.0000 11644.0957 12026.6211 15315.5986 5824.3057 18377.2949 9563.1963 11602.9170 5896.5425 9122.3301 139.1797 16113.2227 12502.1514 8936.4531 13804.9229 4905.7144 8463.3955 6515.7808 4604.3584 10708.9053 8705.2607 5638.2202 2651.3242 3301.0693 6188.9893 638.9689 14481.1016 10383.6660 9140.1074 6808.4536 15334.0439 12784.9365 2351.3220 14895.1055 900.2299 3769.0183 7438.8521 10335.6748 13950.2510 9083.7441 1653.2592 8836.4404 14253.8955 6680.0596 11592.7734
17250.8203 18259.2578 9596.1328 7265.4688 0.0000 11582.5439 11650.0615 15361.8438 5795.9790 18530.5039 9636.7139 11523.1836 5876.8755 9142.8438 124.5341 15950.7275 12477.5615 8903.0996 13783.7529 4843.3086 8096.3774 6427.8145 4666.1709 11023.1992 7783.4375 5626.0903 2628.2031 3283.1592 6193.4365 674.6448 14423.2461 10151.0439 9147.0557 8129.6865 15282.8877 12801.5264 2495.1660 14667.2314 872.0972 3988.6123 7489.3989 10393.6689 13952.3701 9123.8018 1716.6954 8829.2744 14270.1709 6607.3843 11512.8027
17170.0098 18322.9004 9626.7012 7273.8442 0.0000 11623.1123 11433.4736 15341.6797 5831.4443 18932.6270 9666.9980 11638.8223 5901.0376 9240.2275 135.5783 16014.7676 12459.0254 9015.6855 13794.3789 4893.6392 8201.9619 6524.3706 4638.7007 10897.4336 7571.1279 5603.9790 2635.2275 3302.7891 6214.2329 726.3176 14319.8447 10375.0186 9139.1084 7416.1865 15332.8145 12791.5332 2272.6643 14907.2666 944.3416 4179.8945 7515.1680 10426.0332 13863.8467 9132.0049 1810.6656 8881.2129 14273.9395 6630.1084 11617.8369
17217.0742 18238.0625 9660.2217 7237.4766 0.0000 11609.1602 11508.5566 15299.6436 5829.4214 18568.8086 9628.7949 11504.6338 5935.4561 9190.7051 168.6335 16172.1465 12499.5723 8994.7627 13800.3799 4860.2686 9010.7607 6617.3442 4647.0293 10830.4131 7788.6836 5565.6987 2642.4858 3319.3179 6168.6562 842.4708 14324.9492 10295.6211 9093.3066 6786.0337 15299.6494 12768.4570 2347.8499 14755.3535 888.8420 4115.7319 7494.1953 10379.9619 13826.3086 9101.4551 1718.8885 8659.8838 14255.6709 6576.3145 11538.0879
17235.3359 18165.3457 9604.6826 7293.2495 0.0000 11543.1611 12127.4062 15106.8066 5764.4824 17992.1445 9615.8262 11598.3623 5811.6108 9214.6367 158.2878 15893.3945 12272.8330 8879.3906 13684.1289 4912.1460 8978.0635 6460.4160 4685.6538 10878.6338 9099.6016 5520.0381 2649.0212 3292.8638 6108.9917 638.9355 14559.6260 10216.8135 9037.4072 6562.4551 15215.8066 12676.5410 2386.0283 14759.7041 928.6112 3551.0532 7515.5415 10347.4775 13958.3154 9021.8926 1681.7745 8594.0566 14248.4336 6500.9985 11529.8291
17078.8359 18226.9805 9606.2285 7317.3491 0.0000 11619.4219 11903.9932 15309.7949 5792.8784 18664.3711 9685.0498 11670.8438 5880.1729 9096.4785 146.5977 16231.1445 12340.7764 8908.8223 13766.5918 4922.9087 8257.4160 6593.2847 4542.7822 11195.5518 8480.9160 5628.4556 2644.7212 3308.7544 6120.9932 688.2208 14516.3262 10221.4512 9140.4404 6346.2163 15284.7891 12712.4922 2314.4707 14760.1006 926.4265 3765.5876 7640.9834 10363.7910 13934.9600 9088.0381 1713.3064 8775.0039 14262.1631 6589.5996 11589.8066
17194.6035 18143.4863 9629.0420 7306.0400 0.0000 11579.1064 11858.3750 15294.0078 5733.8574 18034.5703 9578.8008 11586.6484 5878.1016 9139.4482 153.6997 15986.3887 12423.9717 9066.3184 13766.3848 4886.3125 8419.2764 6556.5942 4600.4351 10971.3252 8301.9307 5674.6934 2665.5530 3318.7942 6147.7671 729.8683 14463.2363 10323.4736 9097.1973 6716.6919 15282.6025 12748.6768 2417.5430 14701.5117 950.9689 3686.2170 7335.2119 10312.3799 13884.1250 9063.4121 1623.4327 8689.6670 14230.8242 6597.8442 11618.5205
17174.9941 18230.6797 9571.2148 7270.3750 0.0000 11650.5322 12117.2783 15249.5420 5854.2251 18354.9609 9624.2617 11509.4414 5899.9395 9205.4229 155.4494 16262.8984 12544.2070 8942.6104 13753.9648 4895.4268 8286.4863 6388.4443 4600.6646 10824.7432 8975.3457 5477.9897 2655.1299 3310.2109 6243.2710 679.7881 14492.7266 10261.6992 9106.9141 6459.7495 15278.5430 12737.0996 2324.3367 14687.6895 893.4111 3625.9397 7605.9341 10342.0703 13990.5400 9036.8291 1531.8015 8767.3281 14226.0811 6581.6753 11609.9082
17277.7656 18314.6152 9685.7217 7199.8110 0.0000 11658.1768 12093.5371 15292.2793 5769.9277 18259.7656 9570.3457 11637.8721 5970.1548 9231.5693 152.4382 16176.4346 12509.6514 9001.5898 13769.9346 4906.6406 8670.4541 6359.7642 4685.5527 10785.3906 8965.2236 5620.4429 2631.3845 3272.8464 6200.5029 676.2295 14524.7109 10232.4785 9085.8623 6410.4766 15218.2080 12768.9502 2317.8313 14722.0020 930.9097 3701.3521 7524.5879 10400.4785 13939.4600 9169.8008 1637.7119 8958.0781 14222.8125 6611.9282 11577.1914
17163.2676 18243.6367 9494.4902 7205.0659 0.0000 11575.2314 12044.3105 15427.8457 5818.7842 18332.6895 9655.1152 11487.3057 5932.0249 9137.0605 151.2616 16198.1113 12404.7969 9078.5635 13785.8193 4903.5605 8867.3828 6458.5215 4653.6841 10871.8682 9026.2744 5495.5776 2642.2354 3263.4802 6146.1860 593.5919 14473.0244 10270.0195 9086.1445 6143.3232 15300.1641 12804.7725 2350.1218 14890.8076 968.1650 3649.4668 7471.7598 10420.2832 13897.0244 9176.0537 1591.2562 8808.1133 14291.0811 6599.0005 11450.4443
17041.5098 18190.4473 9597.6543 7309.1963 0.0000 11564.3428 12075.5312 15330.6982 5841.8159 18337.3945 9666.6270 11427.0391 5788.4678 9288.6953 146.3905 16083.7002 12456.1162 8923.5156 13751.9160 4936.6040 8538.7852 6414.3530 4593.1494 10919.6748 9011.4521 5492.2109 2684.1299 3327.0247 6201.7939 653.7807 14474.5664 10360.4814 9150.7520 6169.9233 15239.8604 12799.9785 2310.2102 14726.3633 889.3067 3688.8892 7510.5044 10322.0996 13897.3037 9085.7637 1728.8843 8701.0693 14260.7422 6608.6172 11562.4873
